7.219799999999999829e-02,2.762109999999999843e-01,4.292210000000000192e-01,3.272140000000000049e-01,1.232010000000000050e-01,9.769999999999999518e-02,7.219799999999999829e-02,2.119499999999999856e-02,-4.307000000000000065e-03,1.742049999999999987e-01,3.782179999999999986e-01,4.292210000000000192e-01,2.252079999999999915e-01,4.669600000000000140e-02,9.769999999999999518e-02,9.769999999999999518e-02,4.669600000000000140e-02,-1.063130000000000047e-01,-1.063130000000000047e-01,1.232010000000000050e-01,1.742049999999999987e-01,1.997059999999999946e-01,3.782179999999999986e-01,4.292210000000000192e-01,5.312280000000000335e-01,2.252079999999999915e-01,2.119499999999999856e-02,-1.828180000000000083e-01,-8.081199999999999495e-02,7.219799999999999829e-02,1.487030000000000018e-01,1.487030000000000018e-01,2.762109999999999843e-01,3.272140000000000049e-01,1.487030000000000018e-01,9.769999999999999518e-02,1.487030000000000018e-01,1.997059999999999946e-01,-8.081199999999999495e-02,7.219799999999999829e-02,7.219799999999999829e-02,2.119499999999999856e-02,1.997059999999999946e-01,2.252079999999999915e-01,1.997059999999999946e-01,1.487030000000000018e-01,1.487030000000000018e-01,4.669600000000000140e-02,2.119499999999999856e-02,1.487030000000000018e-01,9.769999999999999518e-02,2.762109999999999843e-01,2.762109999999999843e-01,2.507099999999999884e-01,3.527159999999999740e-01,1.487030000000000018e-01,-5.530999999999999805e-02,-1.318149999999999877e-01,-8.081199999999999495e-02,-1.063130000000000047e-01,1.487030000000000018e-01,3.272140000000000049e-01,2.762109999999999843e-01,2.762109999999999843e-01,3.527159999999999740e-01,3.272140000000000049e-01,1.487030000000000018e-01,1.232010000000000050e-01,-8.081199999999999495e-02,4.669600000000000140e-02,1.742049999999999987e-01,7.219799999999999829e-02,1.742049999999999987e-01,2.507099999999999884e-01,2.252079999999999915e-01,1.487030000000000018e-01,2.252079999999999915e-01,9.769999999999999518e-02,-2.980800000000000116e-02,1.742049999999999987e-01,1.487030000000000018e-01,1.232010000000000050e-01,3.272140000000000049e-01,3.527159999999999740e-01,9.769999999999999518e-02,9.769999999999999518e-02,-4.307000000000000065e-03,-8.081199999999999495e-02,9.769999999999999518e-02,1.742049999999999987e-01,3.272140000000000049e-01,2.252079999999999915e-01,9.769999999999999518e-02,2.252079999999999915e-01,4.669600000000000140e-02,-8.081199999999999495e-02,9.769999999999999518e-02,1.487030000000000018e-01,4.669600000000000140e-02,1.742049999999999987e-01,2.762109999999999843e-01,2.252079999999999915e-01,3.017130000000000090e-01,6.332339999999999636e-01,4.037189999999999945e-01,-5.530999999999999805e-02,-1.063130000000000047e-01,-1.828180000000000083e-01,-2.083200000000000052e-01,4.669600000000000140e-02,-4.307000000000000065e-03,1.742049999999999987e-01,4.037189999999999945e-01,4.037189999999999945e-01,3.272140000000000049e-01,2.507099999999999884e-01,1.487030000000000018e-01,1.232010000000000050e-01,1.232010000000000050e-01,-4.307000000000000065e-03,-8.081199999999999495e-02,-8.081199999999999495e-02,1.232010000000000050e-01,2.762109999999999843e-01,2.507099999999999884e-01,2.762109999999999843e-01,4.292210000000000192e-01,4.037189999999999945e-01,2.119499999999999856e-02,-1.573170000000000124e-01,-4.307000000000000065e-03,4.669600000000000140e-02,-2.980800000000000116e-02,4.669600000000000140e-02,1.742049999999999987e-01,4.037189999999999945e-01,2.507099999999999884e-01,7.219799999999999829e-02,4.669600000000000140e-02,9.769999999999999518e-02,1.742049999999999987e-01,1.742049999999999987e-01,3.782179999999999986e-01,3.527159999999999740e-01,3.272140000000000049e-01,1.742049999999999987e-01,7.219799999999999829e-02,-8.081199999999999495e-02,-8.081199999999999495e-02,7.219799999999999829e-02,9.769999999999999518e-02,1.487030000000000018e-01,1.232010000000000050e-01,1.742049999999999987e-01,1.487030000000000018e-01,2.762109999999999843e-01,3.782179999999999986e-01,4.292210000000000192e-01,7.219799999999999829e-02,-2.848249999999999948e-01,-1.063130000000000047e-01,-4.307000000000000065e-03,1.232010000000000050e-01,1.232010000000000050e-01,2.762109999999999843e-01,1.742049999999999987e-01,1.487030000000000018e-01,9.769999999999999518e-02,9.769999999999999518e-02,2.507099999999999884e-01,4.802239999999999842e-01,2.507099999999999884e-01,1.232010000000000050e-01,9.769999999999999518e-02,4.669600000000000140e-02,1.232010000000000050e-01,4.669600000000000140e-02,9.769999999999999518e-02,1.997059999999999946e-01,7.219799999999999829e-02,-8.081199999999999495e-02,-1.318149999999999877e-01,3.017130000000000090e-01,3.017130000000000090e-01,3.017130000000000090e-01,3.017130000000000090e-01,2.252079999999999915e-01,7.219799999999999829e-02,-5.530999999999999805e-02,9.769999999999999518e-02,3.272140000000000049e-01,2.762109999999999843e-01,-4.307000000000000065e-03,-4.307000000000000065e-03,1.232010000000000050e-01,1.742049999999999987e-01,-8.081199999999999495e-02,9.769999999999999518e-02,1.487030000000000018e-01,5.312280000000000335e-01,2.762109999999999843e-01,2.119499999999999856e-02,-1.828180000000000083e-01,4.037189999999999945e-01,9.769999999999999518e-02,-8.081199999999999495e-02,9.769999999999999518e-02,7.219799999999999829e-02,3.017130000000000090e-01,4.037189999999999945e-01,1.232010000000000050e-01,3.017130000000000090e-01,3.527159999999999740e-01,1.742049999999999987e-01,1.742049999999999987e-01,1.742049999999999987e-01,-5.530999999999999805e-02,-1.828180000000000083e-01,-1.063130000000000047e-01,1.232010000000000050e-01,2.252079999999999915e-01,1.742049999999999987e-01,1.997059999999999946e-01,1.997059999999999946e-01,1.487030000000000018e-01,1.487030000000000018e-01,9.769999999999999518e-02,1.742049999999999987e-01,4.669600000000000140e-02,9.769999999999999518e-02,2.252079999999999915e-01,2.252079999999999915e-01,2.252079999999999915e-01,1.997059999999999946e-01,2.252079999999999915e-01,1.742049999999999987e-01,1.232010000000000050e-01,1.232010000000000050e-01,2.119499999999999856e-02,4.669600000000000140e-02,4.669600000000000140e-02,1.232010000000000050e-01,2.252079999999999915e-01,2.252079999999999915e-01,1.232010000000000050e-01,1.232010000000000050e-01,2.119499999999999856e-02,9.769999999999999518e-02,2.252079999999999915e-01,1.487030000000000018e-01,3.527159999999999740e-01,2.252079999999999915e-01,2.507099999999999884e-01,1.742049999999999987e-01,1.997059999999999946e-01,4.669600000000000140e-02,-2.593230000000000257e-01,-5.530999999999999805e-02,-8.081199999999999495e-02,9.769999999999999518e-02,3.527159999999999740e-01,1.232010000000000050e-01,3.782179999999999986e-01,4.292210000000000192e-01,4.292210000000000192e-01,3.017130000000000090e-01,1.232010000000000050e-01,-8.081199999999999495e-02,-2.083200000000000052e-01,-2.848249999999999948e-01,-2.980800000000000116e-02,1.232010000000000050e-01,2.252079999999999915e-01,4.547229999999999883e-01,4.037189999999999945e-01,3.272140000000000049e-01,2.252079999999999915e-01,2.119499999999999856e-02,1.487030000000000018e-01,-8.081199999999999495e-02,1.997059999999999946e-01,-5.530999999999999805e-02,1.742049999999999987e-01,1.232010000000000050e-01,4.802239999999999842e-01,-8.081199999999999495e-02,4.669600000000000140e-02,5.057260000000000089e-01,1.487030000000000018e-01,-3.613299999999999845e-01,-4.888379999999999947e-01,1.997059999999999946e-01,5.822310000000000541e-01,6.842369999999999841e-01,3.527159999999999740e-01,3.782179999999999986e-01,3.527159999999999740e-01,4.669600000000000140e-02,-1.828180000000000083e-01,-1.573170000000000124e-01,2.119499999999999856e-02,-2.980800000000000116e-02,-4.307000000000000065e-03,1.232010000000000050e-01,1.232010000000000050e-01,4.669600000000000140e-02,1.742049999999999987e-01,2.762109999999999843e-01,2.119499999999999856e-02,3.017130000000000090e-01,3.017130000000000090e-01,2.252079999999999915e-01,3.782179999999999986e-01,4.547229999999999883e-01,3.017130000000000090e-01,-2.848249999999999948e-01,-2.083200000000000052e-01,-5.908440000000000358e-01,1.487030000000000018e-01,3.782179999999999986e-01,4.292210000000000192e-01,3.272140000000000049e-01,5.057260000000000089e-01,1.232010000000000050e-01,1.742049999999999987e-01,1.997059999999999946e-01,-4.307000000000000065e-03,-5.143389999999999906e-01,-4.123330000000000051e-01,3.272140000000000049e-01,2.762109999999999843e-01,3.527159999999999740e-01,9.392540000000000333e-01,1.997059999999999946e-01,1.232010000000000050e-01,2.507099999999999884e-01,8.882499999999999840e-01,4.669600000000000140e-02,-5.398410000000000153e-01,-1.126379000000000019e+00,5.567290000000000294e-01,4.037189999999999945e-01,4.802239999999999842e-01,5.057260000000000089e-01,3.272140000000000049e-01,1.487030000000000018e-01,2.119499999999999856e-02,2.119499999999999856e-02,-4.307000000000000065e-03,-3.358280000000000154e-01,-3.868309999999999804e-01,1.232010000000000050e-01,7.219799999999999829e-02,5.822310000000000541e-01,7.862440000000000540e-01,8.882499999999999840e-01,4.547229999999999883e-01,-5.653430000000000399e-01,-6.163459999999999495e-01,2.252079999999999915e-01,6.842369999999999841e-01,-1.573170000000000124e-01,-2.848249999999999948e-01,4.802239999999999842e-01,6.587359999999999882e-01,7.219799999999999829e-02,7.219799999999999829e-02,-1.063130000000000047e-01,2.762109999999999843e-01,7.219799999999999829e-02,-3.613299999999999845e-01,5.057260000000000089e-01,5.057260000000000089e-01,-3.868309999999999804e-01,-7.183530000000000193e-01,-4.633360000000000256e-01,1.066761999999999988e+00,1.168768000000000029e+00,1.232010000000000050e-01,3.527159999999999740e-01,-1.318149999999999877e-01,-9.478670000000000151e-01,3.527159999999999740e-01,1.219772000000000078e+00,1.245273000000000074e+00,-6.673489999999999700e-01,-7.438540000000000152e-01,8.372469999999999635e-01,2.252079999999999915e-01,-3.868309999999999804e-01,-1.253886999999999974e+00,1.742049999999999987e-01,9.392540000000000333e-01,8.372469999999999635e-01,7.352410000000000334e-01,9.769999999999999518e-02,-1.049873999999999974e+00,1.487030000000000018e-01,6.842369999999999841e-01,1.117764999999999898e+00,2.507099999999999884e-01,-5.908440000000000358e-01,-5.143389999999999906e-01,-2.848249999999999948e-01,-4.888379999999999947e-01,2.252079999999999915e-01,4.292210000000000192e-01,7.862440000000000540e-01,4.669600000000000140e-02,-8.968639999999999946e-01,3.527159999999999740e-01,6.587359999999999882e-01,1.015759000000000079e+00,-2.980800000000000116e-02,1.742049999999999987e-01,-1.865925999999999974e+00,5.312280000000000335e-01,1.551293000000000033e+00,1.143267000000000033e+00,-6.928509999999999946e-01,-2.044436999999999838e+00,2.762109999999999843e-01,1.423785000000000078e+00,2.392847000000000168e+00,7.607420000000000293e-01,-2.146443999999999797e+00,-3.613299999999999845e-01,1.500289999999999901e+00,4.547229999999999883e-01,-2.593230000000000257e-01,-6.418479999999999741e-01,4.547229999999999883e-01,6.587359999999999882e-01,-6.673489999999999700e-01,-1.279387999999999970e+00,9.392540000000000333e-01,1.602295999999999943e+00,-1.534405000000000019e+00,-4.888379999999999947e-01,8.372469999999999635e-01,-6.163459999999999495e-01,1.092262999999999984e+00,2.119499999999999856e-02,1.525790999999999897e+00,6.077320000000000499e-01,-2.018936000000000064e+00,-9.223660000000000192e-01,9.647550000000000292e-01,6.842369999999999841e-01,1.678800999999999988e+00,-3.358280000000000154e-01,1.742049999999999987e-01,-1.151880000000000015e+00,-3.103259999999999907e-01,9.769999999999999518e-02,1.143267000000000033e+00,2.494852999999999987e+00,5.057260000000000089e-01,-2.605472999999999928e+00,-1.151880000000000015e+00,-6.418479999999999741e-01,1.576794999999999947e+00,-1.126379000000000019e+00,3.782179999999999986e-01,1.296276999999999902e+00,2.367344999999999811e+00,3.527159999999999740e-01,-5.653430000000000399e-01,-5.653430000000000399e-01,-4.123330000000000051e-01,8.372469999999999635e-01,3.017130000000000090e-01,1.015759000000000079e+00,-7.438540000000000152e-01,-1.279387999999999970e+00,-8.968639999999999946e-01,9.137520000000000087e-01,9.647550000000000292e-01,-5.530999999999999805e-02,4.037189999999999945e-01,1.015759000000000079e+00,3.782179999999999986e-01,1.780807999999999947e+00,1.245273000000000074e+00,-4.633360000000000256e-01,-1.916929000000000105e+00,-2.452463999999999977e+00,9.647550000000000292e-01,-2.083200000000000052e-01,5.822310000000000541e-01,-1.100877000000000105e+00,-8.081199999999999495e-02,1.500289999999999901e+00,2.035823999999999856e+00,7.607420000000000293e-01,2.119499999999999856e-02,1.487030000000000018e-01,-1.483402000000000109e+00,7.219799999999999829e-02,1.117764999999999898e+00,1.270774999999999988e+00,-1.126379000000000019e+00,-2.554469999999999796e+00,-8.081199999999999495e-02,1.933816999999999897e+00,-1.483402000000000109e+00,-2.936995000000000022e+00,-6.928509999999999946e-01,4.024950999999999723e+00,2.392847000000000168e+00,1.041260000000000074e+00,-7.948570000000000357e-01,5.822310000000000541e-01,-2.848249999999999948e-01,-2.593230000000000257e-01,7.862440000000000540e-01,3.782179999999999986e-01,-1.202884000000000064e+00,-1.049873999999999974e+00,4.547229999999999883e-01,-1.024372000000000060e+00,1.474787999999999988e+00,6.332339999999999636e-01,-2.848249999999999948e-01,-3.613299999999999845e-01,2.367344999999999811e+00,1.168768000000000029e+00,-2.630974999999999842e+00,-1.840424000000000060e+00,3.527159999999999740e-01,8.117459999999999676e-01,1.806308999999999942e+00,1.041260000000000074e+00,1.117764999999999898e+00,2.762109999999999843e-01,-4.888379999999999947e-01,5.312280000000000335e-01,3.527159999999999740e-01,-8.203589999999999494e-01,-1.318149999999999877e-01,4.037189999999999945e-01,-5.530999999999999805e-02,-1.253886999999999974e+00,-8.968639999999999946e-01,1.321777999999999897e+00,-1.661912999999999974e+00,1.831811000000000078e+00,1.423785000000000078e+00,-4.123330000000000051e-01,3.272140000000000049e-01,6.332339999999999636e-01,5.312280000000000335e-01,4.802239999999999842e-01,3.208899000000000168e+00,-1.063130000000000047e-01,-3.855052999999999841e+00,-1.559906000000000015e+00,1.831811000000000078e+00,-8.081199999999999495e-02,-1.432398000000000060e+00,1.041260000000000074e+00,1.092262999999999984e+00,9.137520000000000087e-01,9.769999999999999518e-02,-2.980800000000000116e-02,7.607420000000000293e-01,-1.828180000000000083e-01,6.587359999999999882e-01,2.252079999999999915e-01,-5.908440000000000358e-01,-2.848249999999999948e-01,4.547229999999999883e-01,1.449286000000000074e+00,5.312280000000000335e-01,4.292210000000000192e-01,2.762109999999999843e-01,-1.318149999999999877e-01,2.119499999999999856e-02,-2.528967999999999883e+00,-3.217512999999999845e+00,2.035823999999999856e+00,2.673364999999999991e+00,1.780807999999999947e+00,-1.279387999999999970e+00,-5.908440000000000358e-01,9.647550000000000292e-01,2.494852999999999987e+00,1.296276999999999902e+00,-2.426962000000000064e+00,-3.472529000000000199e+00,-2.083200000000000052e-01,2.673364999999999991e+00,2.290840000000000209e+00,-7.693560000000000398e-01,3.017130000000000090e-01,4.292210000000000192e-01,5.312280000000000335e-01,-5.530999999999999805e-02,-3.103259999999999907e-01,4.669600000000000140e-02,4.292210000000000192e-01,-8.968639999999999946e-01,-2.848249999999999948e-01,3.527159999999999740e-01,9.769999999999999518e-02,3.527159999999999740e-01,1.245273000000000074e+00,9.902570000000000539e-01,1.015759000000000079e+00,-2.554469999999999796e+00,-1.865925999999999974e+00,9.769999999999999518e-02,2.851875999999999856e+00,1.500289999999999901e+00,-5.653430000000000399e-01,1.449286000000000074e+00,-3.103259999999999907e-01,-2.681977999999999973e+00,-2.630974999999999842e+00,-1.828180000000000083e-01,2.367344999999999811e+00,2.979384000000000032e+00,1.959319000000000033e+00,8.627489999999999881e-01,-8.081199999999999495e-02,-1.789420999999999928e+00,3.272140000000000049e-01,-1.318149999999999877e-01,-3.472529000000000199e+00,-3.574535000000000018e+00,1.143267000000000033e+00,1.908315999999999901e+00,7.352410000000000334e-01,1.423785000000000078e+00,1.933816999999999897e+00,9.647550000000000292e-01,-1.177381999999999929e+00,-2.980800000000000116e-02,1.232010000000000050e-01,2.762109999999999843e-01,3.527159999999999740e-01,1.997059999999999946e-01,2.507099999999999884e-01,-2.593230000000000257e-01,-2.848249999999999948e-01,1.219772000000000078e+00,4.292210000000000192e-01,-1.253886999999999974e+00,-1.151880000000000015e+00,4.669600000000000140e-02,4.547229999999999883e-01,-1.202884000000000064e+00,7.352410000000000334e-01,-5.398410000000000153e-01,1.755306000000000033e+00,1.296276999999999902e+00,1.780807999999999947e+00,4.669600000000000140e-02,6.332339999999999636e-01,1.194269999999999943e+00,-1.432398000000000060e+00,-2.044436999999999838e+00,-1.100877000000000105e+00,-2.593230000000000257e-01,-2.593230000000000257e-01,8.882499999999999840e-01,3.234401000000000082e+00,5.567290000000000294e-01,-3.702043999999999890e+00,-9.223660000000000192e-01,7.352410000000000334e-01,1.168768000000000029e+00,1.602295999999999943e+00,8.882499999999999840e-01,2.762109999999999843e-01,7.219799999999999829e-02,9.769999999999999518e-02,2.762109999999999843e-01,-5.143389999999999906e-01,-1.253886999999999974e+00,-9.988700000000000356e-01,1.296276999999999902e+00,1.219772000000000078e+00,1.729803999999999897e+00,1.627798000000000078e+00,-3.141007999999999800e+00,-5.053630000000000067e+00,1.997059999999999946e-01,2.137830000000000119e+00,3.769934999999999814e+00,-2.980800000000000116e-02,-1.202884000000000064e+00,1.219772000000000078e+00,1.092262999999999984e+00,3.272140000000000049e-01,-1.457899999999999974e+00,-2.503467000000000109e+00,1.015759000000000079e+00,2.571358000000000033e+00,-3.103259999999999907e-01,-9.478670000000000151e-01,4.802239999999999842e-01,7.352410000000000334e-01,1.143267000000000033e+00,1.232010000000000050e-01,-1.661912999999999974e+00,-1.063130000000000047e-01,2.252079999999999915e-01,-1.063130000000000047e-01,2.762109999999999843e-01,-2.338210000000000011e-01,-5.530999999999999805e-02,1.423785000000000078e+00,-8.081199999999999495e-02,8.627489999999999881e-01,1.219772000000000078e+00,-1.355893000000000015e+00,-2.783984999999999932e+00,1.143267000000000033e+00,6.587359999999999882e-01,5.567290000000000294e-01,1.092262999999999984e+00,9.902570000000000539e-01,8.882499999999999840e-01,-3.868309999999999804e-01,-1.024372000000000060e+00,1.015759000000000079e+00,-2.593230000000000257e-01,-1.636411000000000060e+00,-1.828180000000000083e-01,-1.712916000000000105e+00,-1.177381999999999929e+00,1.500289999999999901e+00,1.857312000000000074e+00,1.933816999999999897e+00,1.168768000000000029e+00,9.902570000000000539e-01,7.607420000000000293e-01,-5.908440000000000358e-01,-8.968639999999999946e-01,7.219799999999999829e-02,-1.763919000000000015e+00,-3.103259999999999907e-01,1.398282999999999943e+00,-3.613299999999999845e-01,1.232010000000000050e-01,6.842369999999999841e-01,8.117459999999999676e-01,1.487030000000000018e-01,-9.733690000000000397e-01,4.037189999999999945e-01,1.194269999999999943e+00,-1.738418000000000019e+00,-8.081199999999999495e-02,-8.081199999999999495e-02,1.092262999999999984e+00,1.525790999999999897e+00,-4.888379999999999947e-01,-4.307000000000000065e-03,-2.980800000000000116e-02,-1.304890000000000105e+00,2.252079999999999915e-01,1.755306000000000033e+00,1.347280000000000033e+00,-7.693560000000000398e-01,-1.993433999999999928e+00,4.669600000000000140e-02,2.341844000000000037e+00,2.762109999999999843e-01,6.077320000000000499e-01,3.782179999999999986e-01,-4.888379999999999947e-01,-1.202884000000000064e+00,-2.848249999999999948e-01,-1.024372000000000060e+00,3.272140000000000049e-01,1.143267000000000033e+00,9.647550000000000292e-01,-5.908440000000000358e-01,-5.530999999999999805e-02,1.117764999999999898e+00,7.352410000000000334e-01,-2.980800000000000116e-02,-5.530999999999999805e-02,4.292210000000000192e-01,9.647550000000000292e-01,-4.378349999999999742e-01,1.997059999999999946e-01,1.168768000000000029e+00,6.332339999999999636e-01,-3.651040000000000063e+00,-2.069939000000000195e+00,2.112328999999999901e+00,1.015759000000000079e+00,7.862440000000000540e-01,8.882499999999999840e-01,-2.338210000000000011e-01,-2.171946000000000154e+00,1.551293000000000033e+00,1.678800999999999988e+00,1.780807999999999947e+00,-1.228385000000000060e+00,-2.083200000000000052e-01,7.219799999999999829e-02,-6.163459999999999495e-01,-3.103259999999999907e-01,5.822310000000000541e-01,4.292210000000000192e-01,4.292210000000000192e-01,-8.081199999999999495e-02,-5.530999999999999805e-02,3.017130000000000090e-01,2.119499999999999856e-02,7.862440000000000540e-01,-4.633360000000000256e-01,-2.980800000000000116e-02,1.041260000000000074e+00,8.372469999999999635e-01,-6.163459999999999495e-01,-2.593230000000000257e-01,-2.044436999999999838e+00,1.092262999999999984e+00,7.352410000000000334e-01,5.057260000000000089e-01,1.219772000000000078e+00,-3.358280000000000154e-01,9.769999999999999518e-02,1.742049999999999987e-01,-5.143389999999999906e-01,-2.338210000000000011e-01,2.119499999999999856e-02,1.602295999999999943e+00,-2.593230000000000257e-01,7.097390000000000088e-01,5.057260000000000089e-01,-4.123330000000000051e-01,-1.355893000000000015e+00,5.312280000000000335e-01,2.252079999999999915e-01,-3.613299999999999845e-01,3.782179999999999986e-01,3.017130000000000090e-01,-2.848249999999999948e-01,3.272140000000000049e-01,1.296276999999999902e+00,-1.126379000000000019e+00,4.547229999999999883e-01,7.097390000000000088e-01,3.782179999999999986e-01,-5.530999999999999805e-02,8.372469999999999635e-01,3.017130000000000090e-01,-1.318149999999999877e-01,9.769999999999999518e-02,-8.458609999999999740e-01,-8.968639999999999946e-01,6.587359999999999882e-01,4.292210000000000192e-01,-7.693560000000000398e-01,1.997059999999999946e-01,1.270774999999999988e+00,1.232010000000000050e-01,1.997059999999999946e-01,3.272140000000000049e-01,-5.143389999999999906e-01,6.077320000000000499e-01,1.232010000000000050e-01,7.862440000000000540e-01,2.061326000000000214e+00,7.607420000000000293e-01,-1.585407999999999928e+00,-2.146443999999999797e+00,-3.396024000000000154e+00,6.587359999999999882e-01,2.265338999999999992e+00,2.520354999999999901e+00,3.017130000000000090e-01,2.252079999999999915e-01,1.066761999999999988e+00,-2.593230000000000257e-01,-2.732981999999999800e+00,2.762109999999999843e-01,3.017130000000000090e-01,2.119499999999999856e-02,2.061326000000000214e+00,1.576794999999999947e+00,-1.457899999999999974e+00,-2.452463999999999977e+00,4.547229999999999883e-01,9.647550000000000292e-01,1.487030000000000018e-01,2.507099999999999884e-01,4.802239999999999842e-01,5.312280000000000335e-01,4.037189999999999945e-01,2.252079999999999915e-01,-6.673489999999999700e-01,-4.888379999999999947e-01,5.312280000000000335e-01,1.232010000000000050e-01,6.077320000000000499e-01,1.487030000000000018e-01,-2.980800000000000116e-02,8.117459999999999676e-01,8.117459999999999676e-01,-5.530999999999999805e-02,-2.375958999999999932e+00,-5.143389999999999906e-01,-3.358280000000000154e-01,1.117764999999999898e+00,1.984820999999999946e+00,8.117459999999999676e-01,4.547229999999999883e-01,-2.980800000000000116e-02,-3.868309999999999804e-01,5.567290000000000294e-01,-8.081199999999999495e-02,-7.948570000000000357e-01,-4.307000000000000065e-03,2.507099999999999884e-01,6.332339999999999636e-01,-9.223660000000000192e-01,2.252079999999999915e-01,1.321777999999999897e+00,4.037189999999999945e-01,3.527159999999999740e-01,-3.358280000000000154e-01,1.997059999999999946e-01,1.487030000000000018e-01,5.567290000000000294e-01,-2.083200000000000052e-01,-8.458609999999999740e-01,-3.103259999999999907e-01,2.119499999999999856e-02,8.627489999999999881e-01,8.882499999999999840e-01,-1.100877000000000105e+00,8.372469999999999635e-01,5.312280000000000335e-01,-2.593230000000000257e-01,6.332339999999999636e-01,-9.988700000000000356e-01,-8.458609999999999740e-01,1.423785000000000078e+00,1.551293000000000033e+00,-3.103259999999999907e-01,6.332339999999999636e-01,1.627798000000000078e+00,-1.610910000000000064e+00,-3.702043999999999890e+00,-6.418479999999999741e-01,2.061326000000000214e+00,2.214335000000000164e+00,8.117459999999999676e-01,1.780807999999999947e+00,-2.593230000000000257e-01,-2.477965000000000195e+00,-5.398410000000000153e-01,1.347280000000000033e+00,-3.103259999999999907e-01,-4.123330000000000051e-01,7.219799999999999829e-02,3.272140000000000049e-01,2.507099999999999884e-01,2.762109999999999843e-01,7.862440000000000540e-01,8.882499999999999840e-01,-2.848249999999999948e-01,7.352410000000000334e-01,8.372469999999999635e-01,-3.868309999999999804e-01,-2.146443999999999797e+00,-1.100877000000000105e+00,1.245273000000000074e+00,1.092262999999999984e+00,1.959319000000000033e+00,-7.438540000000000152e-01,-1.075374999999999970e+00,1.997059999999999946e-01,-8.081199999999999495e-02,3.017130000000000090e-01,9.392540000000000333e-01,1.347280000000000033e+00,1.806308999999999942e+00,7.219799999999999829e-02,-4.123330000000000051e-01,-5.908440000000000358e-01,-9.988700000000000356e-01,-1.330392000000000019e+00,3.272140000000000049e-01,4.037189999999999945e-01,5.312280000000000335e-01,-1.993433999999999928e+00,7.219799999999999829e-02,1.066761999999999988e+00,5.312280000000000335e-01,-4.633360000000000256e-01,1.755306000000000033e+00,-4.378349999999999742e-01,6.077320000000000499e-01,1.474787999999999988e+00,3.782179999999999986e-01,-2.338210000000000011e-01,7.862440000000000540e-01,-2.848249999999999948e-01,-3.613299999999999845e-01,7.219799999999999829e-02,2.119499999999999856e-02,-9.223660000000000192e-01,1.232010000000000050e-01,1.487030000000000018e-01,-6.418479999999999741e-01,1.933816999999999897e+00,1.780807999999999947e+00,-2.656477000000000199e+00,-4.888379999999999947e-01,-1.063130000000000047e-01,-1.126379000000000019e+00,7.352410000000000334e-01,1.168768000000000029e+00,2.341844000000000037e+00,1.423785000000000078e+00,-2.338210000000000011e-01,8.372469999999999635e-01,-8.081199999999999495e-02,-7.438540000000000152e-01,-8.968639999999999946e-01,2.119499999999999856e-02,8.627489999999999881e-01,-1.355893000000000015e+00,-2.848249999999999948e-01,-9.478670000000000151e-01,2.119499999999999856e-02,9.647550000000000292e-01,2.119499999999999856e-02,3.272140000000000049e-01,1.296276999999999902e+00,-4.307000000000000065e-03,-5.908440000000000358e-01,6.077320000000000499e-01,8.627489999999999881e-01,-8.458609999999999740e-01,-1.318149999999999877e-01,1.168768000000000029e+00,8.627489999999999881e-01,4.292210000000000192e-01,-1.100877000000000105e+00,-9.988700000000000356e-01,2.119499999999999856e-02,2.762109999999999843e-01,9.769999999999999518e-02,1.232010000000000050e-01,1.449286000000000074e+00,9.647550000000000292e-01,3.782179999999999986e-01,-4.378349999999999742e-01,3.017130000000000090e-01,-8.713619999999999699e-01,-8.081199999999999495e-02,-1.063130000000000047e-01,1.487030000000000018e-01,-4.888379999999999947e-01,1.015759000000000079e+00,1.143267000000000033e+00,2.252079999999999915e-01,4.802239999999999842e-01,-6.673489999999999700e-01,2.507099999999999884e-01,7.352410000000000334e-01,-5.530999999999999805e-02,-1.828180000000000083e-01,8.372469999999999635e-01,9.902570000000000539e-01,-2.324955000000000105e+00,-7.438540000000000152e-01,1.449286000000000074e+00,-3.103259999999999907e-01,-2.338210000000000011e-01,1.474787999999999988e+00,1.347280000000000033e+00,-8.458609999999999740e-01,-4.123330000000000051e-01,-1.828180000000000083e-01,7.862440000000000540e-01,3.272140000000000049e-01,1.500289999999999901e+00,1.678800999999999988e+00,-5.530999999999999805e-02,-3.141007999999999800e+00,-4.543598000000000248e+00,2.010321999999999942e+00,2.137830000000000119e+00,-3.103259999999999907e-01,4.547229999999999883e-01,2.265338999999999992e+00,2.112328999999999901e+00,4.669600000000000140e-02,-2.426962000000000064e+00,-3.613299999999999845e-01,7.607420000000000293e-01,1.551293000000000033e+00,-1.330392000000000019e+00,-2.452463999999999977e+00,1.997059999999999946e-01,3.017130000000000090e-01,1.143267000000000033e+00,3.527159999999999740e-01,-3.103259999999999907e-01,8.117459999999999676e-01,4.802239999999999842e-01,1.245273000000000074e+00,3.272140000000000049e-01,-2.848249999999999948e-01,8.117459999999999676e-01,9.769999999999999518e-02,3.527159999999999740e-01,-1.573170000000000124e-01,-1.687415000000000109e+00,1.500289999999999901e+00,1.729803999999999897e+00,-3.039000999999999841e+00,-4.008062999999999931e+00,-6.928509999999999946e-01,8.372469999999999635e-01,2.163332000000000033e+00,3.693430000000000213e+00,2.902878999999999987e+00,7.862440000000000540e-01,-2.758483000000000018e+00,-5.908440000000000358e-01,4.292210000000000192e-01,1.474787999999999988e+00,7.219799999999999829e-02,-1.814923000000000064e+00,3.017130000000000090e-01,-6.673489999999999700e-01,-1.916929000000000105e+00,7.352410000000000334e-01,6.077320000000000499e-01,8.627489999999999881e-01,7.862440000000000540e-01,3.017130000000000090e-01,2.762109999999999843e-01,1.232010000000000050e-01,3.527159999999999740e-01,4.037189999999999945e-01,1.232010000000000050e-01,-1.063130000000000047e-01,-7.183530000000000193e-01,-5.143389999999999906e-01,6.842369999999999841e-01,2.265338999999999992e+00,5.312280000000000335e-01,-3.166509000000000018e+00,4.547229999999999883e-01,6.587359999999999882e-01,1.500289999999999901e+00,-2.083200000000000052e-01,-1.534405000000000019e+00,-8.081199999999999495e-02,2.188833999999999946e+00,1.487030000000000018e-01,5.822310000000000541e-01,3.017130000000000090e-01,2.252079999999999915e-01,-1.406897000000000064e+00,5.312280000000000335e-01,9.392540000000000333e-01,6.842369999999999841e-01,-4.123330000000000051e-01,1.742049999999999987e-01,6.587359999999999882e-01,1.296276999999999902e+00,-9.733690000000000397e-01,-1.687415000000000109e+00,2.252079999999999915e-01,6.332339999999999636e-01,-3.358280000000000154e-01,7.219799999999999829e-02,4.547229999999999883e-01,9.392540000000000333e-01,1.487030000000000018e-01,5.567290000000000294e-01,1.742049999999999987e-01,9.392540000000000333e-01,4.292210000000000192e-01,-2.503467000000000109e+00,-1.024372000000000060e+00,9.392540000000000333e-01,2.877378000000000213e+00,2.252079999999999915e-01,-6.673489999999999700e-01,1.487030000000000018e-01,-3.613299999999999845e-01,3.272140000000000049e-01,3.272140000000000049e-01,-1.573170000000000124e-01,5.057260000000000089e-01,-1.049873999999999974e+00,-3.103259999999999907e-01,1.066761999999999988e+00,1.015759000000000079e+00,9.902570000000000539e-01,3.272140000000000049e-01,-1.534405000000000019e+00,-1.712916000000000105e+00,7.352410000000000334e-01,-9.733690000000000397e-01,1.245273000000000074e+00,1.168768000000000029e+00,1.602295999999999943e+00,6.077320000000000499e-01,-5.908440000000000358e-01,-6.418479999999999741e-01,-3.613299999999999845e-01,6.332339999999999636e-01,4.292210000000000192e-01,-4.378349999999999742e-01,4.037189999999999945e-01,4.037189999999999945e-01,-5.143389999999999906e-01,-2.083200000000000052e-01,6.842369999999999841e-01,-3.613299999999999845e-01,1.232010000000000050e-01,-1.318149999999999877e-01,9.647550000000000292e-01,7.097390000000000088e-01,2.762109999999999843e-01,8.882499999999999840e-01,3.782179999999999986e-01,-3.868309999999999804e-01,-1.432398000000000060e+00,1.015759000000000079e+00,-8.713619999999999699e-01,-7.438540000000000152e-01,1.347280000000000033e+00,5.567290000000000294e-01,-1.828180000000000083e-01,3.782179999999999986e-01,6.332339999999999636e-01,-6.928509999999999946e-01,1.487030000000000018e-01,2.119499999999999856e-02,-2.593230000000000257e-01,7.219799999999999829e-02,2.762109999999999843e-01,3.782179999999999986e-01,6.077320000000000499e-01,1.232010000000000050e-01,4.037189999999999945e-01,-2.980800000000000116e-02,7.219799999999999829e-02,2.507099999999999884e-01,-4.888379999999999947e-01,4.547229999999999883e-01,-3.868309999999999804e-01,-2.593230000000000257e-01,3.527159999999999740e-01,8.372469999999999635e-01,7.607420000000000293e-01,3.782179999999999986e-01,-4.888379999999999947e-01,9.137520000000000087e-01,-9.733690000000000397e-01,-4.123330000000000051e-01,6.587359999999999882e-01,-4.378349999999999742e-01,-2.848249999999999948e-01,7.607420000000000293e-01,1.117764999999999898e+00,3.272140000000000049e-01,5.057260000000000089e-01,-1.318149999999999877e-01,2.119499999999999856e-02,-4.888379999999999947e-01,-1.318149999999999877e-01,5.312280000000000335e-01,1.232010000000000050e-01,-4.888379999999999947e-01,-4.123330000000000051e-01,-5.653430000000000399e-01,-1.318149999999999877e-01,1.500289999999999901e+00,1.041260000000000074e+00,8.882499999999999840e-01,2.507099999999999884e-01,7.352410000000000334e-01,2.762109999999999843e-01,-1.814923000000000064e+00,-1.304890000000000105e+00,3.272140000000000049e-01,3.782179999999999986e-01,1.232010000000000050e-01,5.822310000000000541e-01,7.219799999999999829e-02,6.077320000000000499e-01,6.587359999999999882e-01,4.292210000000000192e-01,-4.123330000000000051e-01,-5.530999999999999805e-02,1.372781000000000029e+00,7.607420000000000293e-01,-1.534405000000000019e+00,-1.202884000000000064e+00,4.292210000000000192e-01,5.057260000000000089e-01,7.862440000000000540e-01,9.392540000000000333e-01,4.547229999999999883e-01,-2.980800000000000116e-02,6.587359999999999882e-01,-1.063130000000000047e-01,-7.438540000000000152e-01,-3.613299999999999845e-01,5.057260000000000089e-01,-6.928509999999999946e-01,-4.888379999999999947e-01,-2.083200000000000052e-01,5.567290000000000294e-01,1.219772000000000078e+00,9.902570000000000539e-01,8.372469999999999635e-01,-1.508903000000000105e+00,-1.279387999999999970e+00,1.219772000000000078e+00,4.037189999999999945e-01,1.321777999999999897e+00,7.607420000000000293e-01,-8.081199999999999495e-02,-3.868309999999999804e-01,-5.530999999999999805e-02,-3.868309999999999804e-01,-3.868309999999999804e-01,-8.081199999999999495e-02,-4.123330000000000051e-01,8.372469999999999635e-01,1.194269999999999943e+00,-8.968639999999999946e-01,-9.988700000000000356e-01,1.168768000000000029e+00,9.902570000000000539e-01,1.487030000000000018e-01,-4.378349999999999742e-01,3.272140000000000049e-01,1.143267000000000033e+00,1.551293000000000033e+00,-1.763919000000000015e+00,-1.151880000000000015e+00,4.037189999999999945e-01,4.037189999999999945e-01,6.077320000000000499e-01,1.474787999999999988e+00,-2.980800000000000116e-02,-6.163459999999999495e-01,7.219799999999999829e-02,2.762109999999999843e-01,-6.163459999999999495e-01,3.527159999999999740e-01,-2.980800000000000116e-02,4.292210000000000192e-01,2.119499999999999856e-02,-4.633360000000000256e-01,-2.338210000000000011e-01,4.669600000000000140e-02,1.487030000000000018e-01,1.398282999999999943e+00,1.347280000000000033e+00,6.842369999999999841e-01,-2.848249999999999948e-01,7.862440000000000540e-01,7.219799999999999829e-02,-1.304890000000000105e+00,-9.988700000000000356e-01,-3.868309999999999804e-01,7.097390000000000088e-01,3.527159999999999740e-01,5.057260000000000089e-01,3.272140000000000049e-01,1.015759000000000079e+00,3.272140000000000049e-01,-1.559906000000000015e+00,7.219799999999999829e-02,-4.307000000000000065e-03,-3.868309999999999804e-01,1.321777999999999897e+00,5.567290000000000294e-01,4.547229999999999883e-01,9.902570000000000539e-01,5.822310000000000541e-01,3.272140000000000049e-01,-2.593230000000000257e-01,-5.143389999999999906e-01,-4.123330000000000051e-01,-1.828180000000000083e-01,4.669600000000000140e-02,-1.063130000000000047e-01,-2.593230000000000257e-01,2.119499999999999856e-02,2.119499999999999856e-02,7.352410000000000334e-01,2.762109999999999843e-01,-1.573170000000000124e-01,8.117459999999999676e-01,3.017130000000000090e-01,6.332339999999999636e-01,-2.338210000000000011e-01,7.352410000000000334e-01,1.143267000000000033e+00,-6.928509999999999946e-01,-2.401460000000000150e+00,-4.307000000000000065e-03,5.822310000000000541e-01,2.507099999999999884e-01,1.270774999999999988e+00,1.219772000000000078e+00,4.037189999999999945e-01,-2.848249999999999948e-01,-4.378349999999999742e-01,-4.123330000000000051e-01,9.769999999999999518e-02,4.292210000000000192e-01,4.802239999999999842e-01,-3.358280000000000154e-01,-2.083200000000000052e-01,1.742049999999999987e-01,1.742049999999999987e-01,-2.848249999999999948e-01,8.627489999999999881e-01,2.119499999999999856e-02,7.862440000000000540e-01,-4.888379999999999947e-01,4.669600000000000140e-02,-1.063130000000000047e-01,7.352410000000000334e-01,1.857312000000000074e+00,7.352410000000000334e-01,-8.203589999999999494e-01,-2.083200000000000052e-01,4.802239999999999842e-01,-2.848249999999999948e-01,-6.673489999999999700e-01,5.567290000000000294e-01,-4.123330000000000051e-01,-8.203589999999999494e-01,5.822310000000000541e-01,9.902570000000000539e-01,1.487030000000000018e-01,1.487030000000000018e-01,1.015759000000000079e+00,2.252079999999999915e-01,-9.478670000000000151e-01,-1.381394999999999929e+00,1.092262999999999984e+00,1.015759000000000079e+00,7.097390000000000088e-01,2.252079999999999915e-01,-3.868309999999999804e-01,-2.848249999999999948e-01,5.822310000000000541e-01,4.292210000000000192e-01,1.487030000000000018e-01,-5.143389999999999906e-01,1.487030000000000018e-01,2.252079999999999915e-01,-1.828180000000000083e-01,-8.713619999999999699e-01,1.245273000000000074e+00,1.487030000000000018e-01,1.232010000000000050e-01,2.507099999999999884e-01,-2.593230000000000257e-01,-5.908440000000000358e-01,3.017130000000000090e-01,6.587359999999999882e-01,6.842369999999999841e-01,1.194269999999999943e+00,-1.585407999999999928e+00,-1.318149999999999877e-01,1.117764999999999898e+00,7.862440000000000540e-01,2.252079999999999915e-01,-4.888379999999999947e-01,1.997059999999999946e-01,-6.418479999999999741e-01,-1.063130000000000047e-01,4.292210000000000192e-01,-3.358280000000000154e-01,-2.083200000000000052e-01,7.352410000000000334e-01,1.742049999999999987e-01,8.372469999999999635e-01,2.119499999999999856e-02,-4.378349999999999742e-01,6.332339999999999636e-01,-2.338210000000000011e-01,-6.673489999999999700e-01,3.272140000000000049e-01,1.041260000000000074e+00,-2.338210000000000011e-01,-6.418479999999999741e-01,6.842369999999999841e-01,6.332339999999999636e-01,-8.081199999999999495e-02,-1.151880000000000015e+00,4.669600000000000140e-02,7.607420000000000293e-01,-1.063130000000000047e-01,1.487030000000000018e-01,9.647550000000000292e-01,8.627489999999999881e-01,-7.438540000000000152e-01,4.037189999999999945e-01,7.352410000000000334e-01,-4.378349999999999742e-01,-3.358280000000000154e-01,-5.908440000000000358e-01,-7.183530000000000193e-01,1.245273000000000074e+00,-1.828180000000000083e-01,-8.458609999999999740e-01,1.296276999999999902e+00,1.117764999999999898e+00,-5.143389999999999906e-01,5.312280000000000335e-01,1.742049999999999987e-01,-4.307000000000000065e-03,2.762109999999999843e-01,-1.318149999999999877e-01,-7.183530000000000193e-01,-1.828180000000000083e-01,1.232010000000000050e-01,8.627489999999999881e-01,4.802239999999999842e-01,4.037189999999999945e-01,1.997059999999999946e-01,-2.338210000000000011e-01,9.137520000000000087e-01,-7.948570000000000357e-01,-1.534405000000000019e+00,9.392540000000000333e-01,6.842369999999999841e-01,1.143267000000000033e+00,-4.888379999999999947e-01,-5.398410000000000153e-01,7.352410000000000334e-01,-8.081199999999999495e-02,8.627489999999999881e-01,2.252079999999999915e-01,-5.398410000000000153e-01,-5.653430000000000399e-01,6.332339999999999636e-01,9.137520000000000087e-01,-2.593230000000000257e-01,4.669600000000000140e-02,5.057260000000000089e-01,1.168768000000000029e+00,-5.653430000000000399e-01,-8.458609999999999740e-01,5.312280000000000335e-01,1.232010000000000050e-01,1.232010000000000050e-01,3.017130000000000090e-01,-3.103259999999999907e-01,3.017130000000000090e-01,3.782179999999999986e-01,-8.081199999999999495e-02,4.037189999999999945e-01,9.769999999999999518e-02,-5.143389999999999906e-01,-1.573170000000000124e-01,2.507099999999999884e-01,-2.980800000000000116e-02,7.352410000000000334e-01,9.902570000000000539e-01,1.742049999999999987e-01,-4.888379999999999947e-01,2.252079999999999915e-01,-1.318149999999999877e-01,4.547229999999999883e-01,9.769999999999999518e-02,-4.123330000000000051e-01,-2.848249999999999948e-01,-2.980800000000000116e-02,5.057260000000000089e-01,2.252079999999999915e-01,-3.868309999999999804e-01,5.312280000000000335e-01,-7.183530000000000193e-01,-1.828180000000000083e-01,1.066761999999999988e+00,9.392540000000000333e-01,5.822310000000000541e-01,2.252079999999999915e-01,-1.355893000000000015e+00,-2.980800000000000116e-02,8.372469999999999635e-01,4.292210000000000192e-01,4.037189999999999945e-01,2.119499999999999856e-02,-1.828180000000000083e-01,1.997059999999999946e-01,-8.203589999999999494e-01,3.272140000000000049e-01,3.272140000000000049e-01,2.507099999999999884e-01,1.997059999999999946e-01,-1.573170000000000124e-01,-1.063130000000000047e-01,3.272140000000000049e-01,4.669600000000000140e-02,-1.828180000000000083e-01,6.587359999999999882e-01,3.272140000000000049e-01,-4.888379999999999947e-01,5.312280000000000335e-01,5.312280000000000335e-01,-8.081199999999999495e-02,-2.980800000000000116e-02,1.232010000000000050e-01,5.822310000000000541e-01,9.392540000000000333e-01,1.232010000000000050e-01,-5.398410000000000153e-01,4.547229999999999883e-01,4.037189999999999945e-01,-9.733690000000000397e-01,-1.573170000000000124e-01,6.077320000000000499e-01,1.997059999999999946e-01,-2.848249999999999948e-01,5.567290000000000294e-01,2.252079999999999915e-01,2.762109999999999843e-01,1.232010000000000050e-01,5.567290000000000294e-01,1.041260000000000074e+00,-3.103259999999999907e-01,-1.916929000000000105e+00,-1.789420999999999928e+00,7.607420000000000293e-01,9.647550000000000292e-01,2.119499999999999856e-02,2.119499999999999856e-02,1.449286000000000074e+00,1.755306000000000033e+00,3.017130000000000090e-01,-6.928509999999999946e-01,2.762109999999999843e-01,-6.928509999999999946e-01,1.742049999999999987e-01,2.507099999999999884e-01,-1.828180000000000083e-01,-3.613299999999999845e-01,3.017130000000000090e-01,6.332339999999999636e-01,5.057260000000000089e-01,-2.338210000000000011e-01,1.232010000000000050e-01,-9.223660000000000192e-01,2.762109999999999843e-01,6.587359999999999882e-01,2.507099999999999884e-01,9.769999999999999518e-02,3.782179999999999986e-01,-4.307000000000000065e-03,2.119499999999999856e-02,7.352410000000000334e-01,1.372781000000000029e+00,-8.968639999999999946e-01,-1.228385000000000060e+00,-3.103259999999999907e-01,2.252079999999999915e-01,1.041260000000000074e+00,1.015759000000000079e+00,7.607420000000000293e-01,-4.888379999999999947e-01,7.219799999999999829e-02,8.627489999999999881e-01,1.997059999999999946e-01,-3.358280000000000154e-01,-1.024372000000000060e+00,-2.593230000000000257e-01,3.017130000000000090e-01,1.742049999999999987e-01,7.352410000000000334e-01,6.332339999999999636e-01,8.372469999999999635e-01,-2.083200000000000052e-01,-6.163459999999999495e-01,4.037189999999999945e-01,2.252079999999999915e-01,2.252079999999999915e-01,6.332339999999999636e-01,-5.530999999999999805e-02,-5.653430000000000399e-01,-7.438540000000000152e-01,6.587359999999999882e-01,6.077320000000000499e-01,4.037189999999999945e-01,-1.828180000000000083e-01,-2.338210000000000011e-01,8.882499999999999840e-01,2.507099999999999884e-01,-8.081199999999999495e-02,6.332339999999999636e-01,-5.653430000000000399e-01,-6.163459999999999495e-01,9.769999999999999518e-02,6.842369999999999841e-01,4.802239999999999842e-01,3.017130000000000090e-01,2.252079999999999915e-01,4.802239999999999842e-01,-3.103259999999999907e-01,-8.081199999999999495e-02,3.272140000000000049e-01,6.077320000000000499e-01,4.669600000000000140e-02,-4.633360000000000256e-01,1.168768000000000029e+00,1.194269999999999943e+00,-2.401460000000000150e+00,-1.610910000000000064e+00,7.862440000000000540e-01,1.576794999999999947e+00,1.066761999999999988e+00,1.806308999999999942e+00,1.742049999999999987e-01,-2.732981999999999800e+00,-5.398410000000000153e-01,8.117459999999999676e-01,1.219772000000000078e+00,9.137520000000000087e-01,3.272140000000000049e-01,2.252079999999999915e-01,-4.123330000000000051e-01,-4.307000000000000065e-03,2.252079999999999915e-01,-2.083200000000000052e-01,-2.848249999999999948e-01,4.802239999999999842e-01,-9.988700000000000356e-01,-9.733690000000000397e-01,3.527159999999999740e-01,1.270774999999999988e+00,1.372781000000000029e+00,1.933816999999999897e+00,-5.398410000000000153e-01,-4.888379999999999947e-01,-1.318149999999999877e-01,-2.936995000000000022e+00,2.119499999999999856e-02,1.449286000000000074e+00,1.525790999999999897e+00,8.372469999999999635e-01,-2.980800000000000116e-02,9.769999999999999518e-02,-2.980800000000000116e-02,-2.083200000000000052e-01,1.487030000000000018e-01,9.392540000000000333e-01,-2.338210000000000011e-01,-5.530999999999999805e-02,3.272140000000000049e-01,5.057260000000000089e-01,-1.177381999999999929e+00,-5.908440000000000358e-01,3.527159999999999740e-01,9.769999999999999518e-02,2.507099999999999884e-01,9.137520000000000087e-01,5.567290000000000294e-01,9.137520000000000087e-01,3.017130000000000090e-01,1.232010000000000050e-01,9.769999999999999518e-02,-3.358280000000000154e-01,-8.203589999999999494e-01,-4.888379999999999947e-01,-2.083200000000000052e-01,6.077320000000000499e-01,1.245273000000000074e+00,5.057260000000000089e-01,-4.633360000000000256e-01,5.312280000000000335e-01,6.077320000000000499e-01,9.902570000000000539e-01,-4.307000000000000065e-03,-4.307000000000000065e-03,2.507099999999999884e-01,-1.840424000000000060e+00,-5.143389999999999906e-01,3.272140000000000049e-01,3.272140000000000049e-01,5.312280000000000335e-01,1.041260000000000074e+00,-7.948570000000000357e-01,-1.253886999999999974e+00,-8.203589999999999494e-01,1.296276999999999902e+00,1.143267000000000033e+00,9.137520000000000087e-01,7.352410000000000334e-01,1.449286000000000074e+00,6.332339999999999636e-01,-8.458609999999999740e-01,-1.063130000000000047e-01,-2.848249999999999948e-01,-4.378349999999999742e-01,-7.693560000000000398e-01,-2.980800000000000116e-02,9.769999999999999518e-02,-1.253886999999999974e+00,-1.318149999999999877e-01,4.292210000000000192e-01,1.704302999999999901e+00,8.372469999999999635e-01,2.252079999999999915e-01,3.527159999999999740e-01,5.312280000000000335e-01,-2.980800000000000116e-02,-8.081199999999999495e-02,2.252079999999999915e-01,-1.891428000000000109e+00,-8.458609999999999740e-01,1.041260000000000074e+00,9.647550000000000292e-01,7.352410000000000334e-01,3.272140000000000049e-01,5.057260000000000089e-01,1.742049999999999987e-01,-5.653430000000000399e-01,-3.613299999999999845e-01,4.037189999999999945e-01,1.232010000000000050e-01,7.607420000000000293e-01,3.017130000000000090e-01,-8.458609999999999740e-01,-6.928509999999999946e-01,1.232010000000000050e-01,7.097390000000000088e-01,-4.307000000000000065e-03,3.272140000000000049e-01,7.097390000000000088e-01,6.077320000000000499e-01,-2.980800000000000116e-02,-9.988700000000000356e-01,1.997059999999999946e-01,7.862440000000000540e-01,1.742049999999999987e-01,9.769999999999999518e-02,6.842369999999999841e-01,8.117459999999999676e-01,-8.713619999999999699e-01,-8.081199999999999495e-02,1.742049999999999987e-01,4.547229999999999883e-01,6.077320000000000499e-01,-8.203589999999999494e-01,-1.573170000000000124e-01,-1.318149999999999877e-01,1.232010000000000050e-01,9.137520000000000087e-01,1.041260000000000074e+00,1.015759000000000079e+00,-1.318149999999999877e-01,-1.100877000000000105e+00,-4.378349999999999742e-01,-5.398410000000000153e-01,2.507099999999999884e-01,6.842369999999999841e-01,3.782179999999999986e-01,1.997059999999999946e-01,4.037189999999999945e-01,5.312280000000000335e-01,6.332339999999999636e-01,-1.828180000000000083e-01,-1.712916000000000105e+00,-3.868309999999999804e-01,8.627489999999999881e-01,5.822310000000000541e-01,5.567290000000000294e-01,3.527159999999999740e-01,-8.081199999999999495e-02,1.742049999999999987e-01,5.057260000000000089e-01,7.352410000000000334e-01,-6.673489999999999700e-01,-8.203589999999999494e-01,6.077320000000000499e-01,5.312280000000000335e-01,4.547229999999999883e-01,5.567290000000000294e-01,-2.338210000000000011e-01,-7.948570000000000357e-01,-8.203589999999999494e-01,4.292210000000000192e-01,1.627798000000000078e+00,1.041260000000000074e+00,-1.318149999999999877e-01,-2.120941999999999883e+00,-8.968639999999999946e-01,1.933816999999999897e+00,1.525790999999999897e+00,6.587359999999999882e-01,7.352410000000000334e-01,2.762109999999999843e-01,-5.398410000000000153e-01,-8.968639999999999946e-01,-4.378349999999999742e-01,-4.633360000000000256e-01,-4.307000000000000065e-03,3.272140000000000049e-01,6.587359999999999882e-01,2.252079999999999915e-01,3.527159999999999740e-01,4.037189999999999945e-01,5.312280000000000335e-01,1.232010000000000050e-01,-4.123330000000000051e-01,-2.593230000000000257e-01,4.037189999999999945e-01,7.219799999999999829e-02,4.037189999999999945e-01,-1.573170000000000124e-01,-8.081199999999999495e-02,-1.063130000000000047e-01,1.232010000000000050e-01,7.097390000000000088e-01,8.627489999999999881e-01,-8.968639999999999946e-01,4.292210000000000192e-01,1.742049999999999987e-01,7.862440000000000540e-01,4.802239999999999842e-01,-2.848249999999999948e-01,4.292210000000000192e-01,7.219799999999999829e-02,-6.928509999999999946e-01,-4.633360000000000256e-01,2.762109999999999843e-01,6.587359999999999882e-01,4.547229999999999883e-01,1.742049999999999987e-01,-2.338210000000000011e-01,-5.398410000000000153e-01,7.862440000000000540e-01,3.782179999999999986e-01,7.219799999999999829e-02,1.742049999999999987e-01,3.782179999999999986e-01,1.232010000000000050e-01,3.782179999999999986e-01,7.352410000000000334e-01,2.252079999999999915e-01,-8.968639999999999946e-01,9.769999999999999518e-02,-1.318149999999999877e-01,-1.318149999999999877e-01,2.762109999999999843e-01,5.567290000000000294e-01,5.567290000000000294e-01,-6.928509999999999946e-01,1.742049999999999987e-01,7.352410000000000334e-01,2.252079999999999915e-01,7.219799999999999829e-02,-2.593230000000000257e-01,6.842369999999999841e-01,-4.123330000000000051e-01,1.487030000000000018e-01,7.219799999999999829e-02,2.762109999999999843e-01,4.802239999999999842e-01,4.669600000000000140e-02,7.219799999999999829e-02,2.119499999999999856e-02,1.487030000000000018e-01,-3.868309999999999804e-01,-1.177381999999999929e+00,4.292210000000000192e-01,1.525790999999999897e+00,6.842369999999999841e-01,5.057260000000000089e-01,-1.063130000000000047e-01,1.232010000000000050e-01,9.902570000000000539e-01,-6.673489999999999700e-01,2.119499999999999856e-02,7.862440000000000540e-01,-3.358280000000000154e-01,-1.483402000000000109e+00,-7.183530000000000193e-01,9.392540000000000333e-01,8.882499999999999840e-01,5.567290000000000294e-01,2.507099999999999884e-01,-8.081199999999999495e-02,-3.868309999999999804e-01,-5.530999999999999805e-02,5.822310000000000541e-01,1.487030000000000018e-01,6.077320000000000499e-01,-9.223660000000000192e-01,-1.610910000000000064e+00,1.143267000000000033e+00,9.392540000000000333e-01,4.292210000000000192e-01,4.802239999999999842e-01,9.137520000000000087e-01,1.423785000000000078e+00,1.232010000000000050e-01,-1.789420999999999928e+00,1.742049999999999987e-01,3.527159999999999740e-01,2.119499999999999856e-02,-4.123330000000000051e-01,7.607420000000000293e-01,-1.828180000000000083e-01,-7.183530000000000193e-01,-1.828180000000000083e-01,7.607420000000000293e-01,7.352410000000000334e-01,6.077320000000000499e-01,-4.307000000000000065e-03,-2.338210000000000011e-01,4.802239999999999842e-01,4.547229999999999883e-01,2.507099999999999884e-01,1.232010000000000050e-01,-1.279387999999999970e+00,-4.633360000000000256e-01,4.292210000000000192e-01,1.321777999999999897e+00,1.627798000000000078e+00,2.762109999999999843e-01,-1.814923000000000064e+00,7.219799999999999829e-02,4.802239999999999842e-01,7.219799999999999829e-02,3.272140000000000049e-01,4.669600000000000140e-02,-3.613299999999999845e-01,7.219799999999999829e-02,3.272140000000000049e-01,2.507099999999999884e-01,-2.848249999999999948e-01,4.547229999999999883e-01,4.037189999999999945e-01,3.527159999999999740e-01,-3.103259999999999907e-01,4.802239999999999842e-01,7.097390000000000088e-01,2.119499999999999856e-02,3.782179999999999986e-01,-1.828180000000000083e-01,-8.968639999999999946e-01,3.017130000000000090e-01,4.292210000000000192e-01,-8.458609999999999740e-01,1.742049999999999987e-01,7.862440000000000540e-01,1.219772000000000078e+00,6.842369999999999841e-01,4.037189999999999945e-01,-6.163459999999999495e-01,-4.633360000000000256e-01,4.037189999999999945e-01,4.292210000000000192e-01,-6.163459999999999495e-01,2.507099999999999884e-01,5.822310000000000541e-01,-5.530999999999999805e-02,-1.828180000000000083e-01,6.587359999999999882e-01,2.507099999999999884e-01,4.547229999999999883e-01,4.292210000000000192e-01,-2.338210000000000011e-01,9.769999999999999518e-02,2.762109999999999843e-01,-3.358280000000000154e-01,-2.018936000000000064e+00,5.567290000000000294e-01,9.392540000000000333e-01,7.862440000000000540e-01,4.037189999999999945e-01,5.822310000000000541e-01,5.057260000000000089e-01,8.882499999999999840e-01,-6.163459999999999495e-01,-1.916929000000000105e+00,-1.318149999999999877e-01,-4.307000000000000065e-03,9.647550000000000292e-01,9.902570000000000539e-01,1.232010000000000050e-01,-5.530999999999999805e-02,-4.633360000000000256e-01,2.762109999999999843e-01,5.057260000000000089e-01,2.119499999999999856e-02,3.782179999999999986e-01,1.232010000000000050e-01,3.782179999999999986e-01,1.232010000000000050e-01,-2.083200000000000052e-01,5.312280000000000335e-01,1.997059999999999946e-01,-5.908440000000000358e-01,2.762109999999999843e-01,9.769999999999999518e-02,-8.081199999999999495e-02,7.607420000000000293e-01,1.143267000000000033e+00,5.822310000000000541e-01,-7.948570000000000357e-01,-7.693560000000000398e-01,-8.081199999999999495e-02,2.252079999999999915e-01,2.762109999999999843e-01,1.997059999999999946e-01,9.392540000000000333e-01,1.117764999999999898e+00,-3.868309999999999804e-01,3.272140000000000049e-01,7.097390000000000088e-01,2.119499999999999856e-02,-1.228385000000000060e+00,-2.848249999999999948e-01,2.119499999999999856e-02,9.137520000000000087e-01,-8.081199999999999495e-02,3.782179999999999986e-01,5.567290000000000294e-01,1.742049999999999987e-01,-4.888379999999999947e-01,9.769999999999999518e-02,-2.980800000000000116e-02,-4.307000000000000065e-03,6.332339999999999636e-01,1.015759000000000079e+00,-1.318149999999999877e-01,-1.763919000000000015e+00,1.487030000000000018e-01,6.332339999999999636e-01,9.902570000000000539e-01,9.392540000000000333e-01,2.507099999999999884e-01,5.567290000000000294e-01,4.802239999999999842e-01,-5.398410000000000153e-01,-5.398410000000000153e-01,-8.203589999999999494e-01,5.057260000000000089e-01,4.037189999999999945e-01,-2.980800000000000116e-02,1.487030000000000018e-01,6.842369999999999841e-01,-4.307000000000000065e-03,-6.673489999999999700e-01,-5.398410000000000153e-01,3.017130000000000090e-01,1.270774999999999988e+00,8.882499999999999840e-01,5.312280000000000335e-01,2.119499999999999856e-02,-3.613299999999999845e-01,-8.968639999999999946e-01,3.017130000000000090e-01,6.332339999999999636e-01,4.669600000000000140e-02,2.119499999999999856e-02,-4.307000000000000065e-03,1.232010000000000050e-01,6.077320000000000499e-01,7.219799999999999829e-02,-5.530999999999999805e-02,1.232010000000000050e-01,7.219799999999999829e-02,-4.307000000000000065e-03,-1.318149999999999877e-01,2.507099999999999884e-01,3.272140000000000049e-01,3.272140000000000049e-01,4.037189999999999945e-01,7.097390000000000088e-01,-2.848249999999999948e-01,1.742049999999999987e-01,-2.593230000000000257e-01,-8.081199999999999495e-02,-3.613299999999999845e-01,2.119499999999999856e-02,4.547229999999999883e-01,7.352410000000000334e-01,1.474787999999999988e+00,3.017130000000000090e-01,-1.100877000000000105e+00,-2.083200000000000052e-01,6.842369999999999841e-01,5.312280000000000335e-01,-1.049873999999999974e+00,1.997059999999999946e-01,9.392540000000000333e-01,3.272140000000000049e-01,4.802239999999999842e-01,-1.063130000000000047e-01,-3.103259999999999907e-01,-8.081199999999999495e-02,6.077320000000000499e-01,3.017130000000000090e-01,-1.573170000000000124e-01,2.507099999999999884e-01,2.252079999999999915e-01,-9.478670000000000151e-01,-3.358280000000000154e-01,4.547229999999999883e-01,5.567290000000000294e-01,3.017130000000000090e-01,4.669600000000000140e-02,9.392540000000000333e-01,7.607420000000000293e-01,-9.478670000000000151e-01,-5.398410000000000153e-01,3.527159999999999740e-01,5.057260000000000089e-01,4.802239999999999842e-01,4.802239999999999842e-01,1.997059999999999946e-01,9.769999999999999518e-02,4.802239999999999842e-01,-2.593230000000000257e-01,7.219799999999999829e-02,5.567290000000000294e-01,9.769999999999999518e-02,1.487030000000000018e-01,-5.908440000000000358e-01,-8.081199999999999495e-02,-6.928509999999999946e-01,4.669600000000000140e-02,1.729803999999999897e+00,2.762109999999999843e-01,-4.123330000000000051e-01,-3.358280000000000154e-01,1.742049999999999987e-01,7.097390000000000088e-01,1.321777999999999897e+00,6.842369999999999841e-01,-1.687415000000000109e+00,7.219799999999999829e-02,1.117764999999999898e+00,-5.143389999999999906e-01,-2.083200000000000052e-01,5.822310000000000541e-01,2.507099999999999884e-01,2.119499999999999856e-02,-1.318149999999999877e-01,4.547229999999999883e-01,3.782179999999999986e-01,1.232010000000000050e-01,2.252079999999999915e-01,-3.103259999999999907e-01,1.997059999999999946e-01,1.742049999999999987e-01,3.782179999999999986e-01,3.527159999999999740e-01,-2.083200000000000052e-01,-8.081199999999999495e-02,1.487030000000000018e-01,5.822310000000000541e-01,-8.081199999999999495e-02,-1.828180000000000083e-01,3.017130000000000090e-01,7.352410000000000334e-01,-3.103259999999999907e-01,6.332339999999999636e-01,1.194269999999999943e+00,-1.075374999999999970e+00,-2.528967999999999883e+00,4.802239999999999842e-01,1.296276999999999902e+00,4.037189999999999945e-01,9.137520000000000087e-01,7.352410000000000334e-01,7.352410000000000334e-01,-4.888379999999999947e-01,7.219799999999999829e-02,-2.980800000000000116e-02,-1.573170000000000124e-01,1.219772000000000078e+00,-4.378349999999999742e-01,-1.279387999999999970e+00,-2.980800000000000116e-02,8.372469999999999635e-01,8.882499999999999840e-01,-1.063130000000000047e-01,6.842369999999999841e-01,1.997059999999999946e-01,-7.438540000000000152e-01,7.219799999999999829e-02,4.802239999999999842e-01,1.232010000000000050e-01,-3.358280000000000154e-01,6.842369999999999841e-01,5.567290000000000294e-01,-8.081199999999999495e-02,-3.103259999999999907e-01,1.742049999999999987e-01,3.017130000000000090e-01,-4.307000000000000065e-03,1.487030000000000018e-01,1.487030000000000018e-01,2.762109999999999843e-01,3.017130000000000090e-01,1.487030000000000018e-01,2.252079999999999915e-01,1.742049999999999987e-01,1.997059999999999946e-01,-5.530999999999999805e-02,-5.530999999999999805e-02,1.232010000000000050e-01,3.272140000000000049e-01,7.219799999999999829e-02,3.272140000000000049e-01,4.547229999999999883e-01,3.272140000000000049e-01,-2.338210000000000011e-01,8.117459999999999676e-01,-1.100877000000000105e+00,-1.075374999999999970e+00,7.607420000000000293e-01,4.547229999999999883e-01,4.037189999999999945e-01,-8.713619999999999699e-01,7.352410000000000334e-01,7.097390000000000088e-01,3.017130000000000090e-01,3.017130000000000090e-01,-1.318149999999999877e-01,-8.081199999999999495e-02,4.292210000000000192e-01,8.372469999999999635e-01,3.272140000000000049e-01,-1.330392000000000019e+00,-9.733690000000000397e-01,-3.613299999999999845e-01,1.066761999999999988e+00,1.398282999999999943e+00,4.802239999999999842e-01,-1.828180000000000083e-01,2.119499999999999856e-02,-3.103259999999999907e-01,-1.063130000000000047e-01,2.507099999999999884e-01,5.822310000000000541e-01,-4.307000000000000065e-03,4.547229999999999883e-01,6.332339999999999636e-01,-4.307000000000000065e-03,-1.508903000000000105e+00,-8.713619999999999699e-01,5.057260000000000089e-01,1.143267000000000033e+00,8.372469999999999635e-01,9.392540000000000333e-01,-5.530999999999999805e-02,8.117459999999999676e-01,3.782179999999999986e-01,7.219799999999999829e-02,-4.633360000000000256e-01,-7.693560000000000398e-01,-4.888379999999999947e-01,-1.279387999999999970e+00,-8.081199999999999495e-02,1.168768000000000029e+00,3.782179999999999986e-01,6.332339999999999636e-01,6.587359999999999882e-01,5.057260000000000089e-01,6.587359999999999882e-01,1.232010000000000050e-01,1.232010000000000050e-01,-2.980800000000000116e-02,-6.418479999999999741e-01,3.782179999999999986e-01,9.137520000000000087e-01,1.232010000000000050e-01,-1.318149999999999877e-01,-1.432398000000000060e+00,4.669600000000000140e-02,1.168768000000000029e+00,-8.081199999999999495e-02,-2.980800000000000116e-02,3.782179999999999986e-01,2.762109999999999843e-01,9.137520000000000087e-01,3.017130000000000090e-01,1.997059999999999946e-01,3.272140000000000049e-01,-1.828180000000000083e-01,-3.103259999999999907e-01,-2.338210000000000011e-01,4.669600000000000140e-02,3.272140000000000049e-01,4.669600000000000140e-02,-5.398410000000000153e-01,3.272140000000000049e-01,9.137520000000000087e-01,3.527159999999999740e-01,-2.593230000000000257e-01,3.017130000000000090e-01,1.551293000000000033e+00,-3.868309999999999804e-01,-1.738418000000000019e+00,-7.438540000000000152e-01,8.117459999999999676e-01,5.567290000000000294e-01,7.607420000000000293e-01,1.729803999999999897e+00,9.392540000000000333e-01,-5.398410000000000153e-01,-1.177381999999999929e+00,-4.123330000000000051e-01,1.168768000000000029e+00,-3.358280000000000154e-01,-1.318149999999999877e-01,8.627489999999999881e-01,-6.673489999999999700e-01,-2.980800000000000116e-02,2.252079999999999915e-01,2.119499999999999856e-02,-1.318149999999999877e-01,8.117459999999999676e-01,8.882499999999999840e-01,-1.100877000000000105e+00,6.842369999999999841e-01,4.547229999999999883e-01,6.842369999999999841e-01,4.669600000000000140e-02,2.119499999999999856e-02,-1.573170000000000124e-01,5.567290000000000294e-01,-1.318149999999999877e-01,-2.980800000000000116e-02,4.292210000000000192e-01,1.092262999999999984e+00,2.119499999999999856e-02,-5.908440000000000358e-01,1.066761999999999988e+00,1.117764999999999898e+00,-1.177381999999999929e+00,-5.908440000000000358e-01,4.292210000000000192e-01,-6.418479999999999741e-01,-3.103259999999999907e-01,8.372469999999999635e-01,1.321777999999999897e+00,6.587359999999999882e-01,2.507099999999999884e-01,-5.530999999999999805e-02,-1.202884000000000064e+00,-2.338210000000000011e-01,3.272140000000000049e-01,4.547229999999999883e-01,1.015759000000000079e+00,-5.398410000000000153e-01,-4.378349999999999742e-01,7.097390000000000088e-01,5.057260000000000089e-01,3.527159999999999740e-01,4.037189999999999945e-01,1.551293000000000033e+00,-5.530999999999999805e-02,-2.630974999999999842e+00,-2.426962000000000064e+00,1.245273000000000074e+00,2.086826999999999988e+00,8.627489999999999881e-01,5.822310000000000541e-01,-1.573170000000000124e-01,7.352410000000000334e-01,-5.530999999999999805e-02,3.272140000000000049e-01,1.487030000000000018e-01,-5.398410000000000153e-01,-8.203589999999999494e-01,-7.438540000000000152e-01,1.997059999999999946e-01,3.272140000000000049e-01,2.507099999999999884e-01,7.352410000000000334e-01,2.507099999999999884e-01,6.077320000000000499e-01,-5.908440000000000358e-01,4.037189999999999945e-01,7.607420000000000293e-01,5.567290000000000294e-01,-2.338210000000000011e-01,-8.203589999999999494e-01,-3.103259999999999907e-01,5.312280000000000335e-01,3.272140000000000049e-01,9.902570000000000539e-01,4.547229999999999883e-01,-6.928509999999999946e-01,6.077320000000000499e-01,1.066761999999999988e+00,2.507099999999999884e-01,-4.123330000000000051e-01,-8.081199999999999495e-02,-9.478670000000000151e-01,-1.559906000000000015e+00,-4.307000000000000065e-03,9.647550000000000292e-01,1.194269999999999943e+00,4.292210000000000192e-01,4.547229999999999883e-01,-9.988700000000000356e-01,-4.378349999999999742e-01,8.117459999999999676e-01,1.551293000000000033e+00,-6.673489999999999700e-01,1.194269999999999943e+00,-8.081199999999999495e-02,-3.103259999999999907e-01,7.097390000000000088e-01,-5.653430000000000399e-01,-7.183530000000000193e-01,1.742049999999999987e-01,3.527159999999999740e-01,2.119499999999999856e-02,2.119499999999999856e-02,5.057260000000000089e-01,6.842369999999999841e-01,-5.530999999999999805e-02,4.802239999999999842e-01,-2.338210000000000011e-01,5.312280000000000335e-01,-4.123330000000000051e-01,-2.146443999999999797e+00,7.607420000000000293e-01,7.862440000000000540e-01,1.041260000000000074e+00,3.272140000000000049e-01,5.567290000000000294e-01,5.822310000000000541e-01,4.802239999999999842e-01,-7.183530000000000193e-01,-5.908440000000000358e-01,2.507099999999999884e-01,1.232010000000000050e-01,-1.993433999999999928e+00,1.449286000000000074e+00,6.077320000000000499e-01,-7.438540000000000152e-01,6.332339999999999636e-01,1.041260000000000074e+00,4.547229999999999883e-01,6.077320000000000499e-01,3.017130000000000090e-01,-1.573170000000000124e-01,-4.123330000000000051e-01,4.669600000000000140e-02,9.647550000000000292e-01,-3.868309999999999804e-01,-4.888379999999999947e-01,5.057260000000000089e-01,-3.358280000000000154e-01,1.487030000000000018e-01,9.769999999999999518e-02,4.802239999999999842e-01,3.272140000000000049e-01,1.474787999999999988e+00,-4.888379999999999947e-01,-8.713619999999999699e-01,-6.928509999999999946e-01,1.219772000000000078e+00,7.097390000000000088e-01,3.272140000000000049e-01,9.902570000000000539e-01,1.487030000000000018e-01,-2.069939000000000195e+00,-4.888379999999999947e-01,1.372781000000000029e+00,8.117459999999999676e-01,-8.081199999999999495e-02,7.097390000000000088e-01,7.219799999999999829e-02,-1.828180000000000083e-01,3.017130000000000090e-01,-9.478670000000000151e-01,-4.307000000000000065e-03,1.232010000000000050e-01,7.352410000000000334e-01,4.802239999999999842e-01,1.487030000000000018e-01,1.933816999999999897e+00,1.321777999999999897e+00,-1.355893000000000015e+00,-3.702043999999999890e+00,-5.908440000000000358e-01,1.194269999999999943e+00,1.168768000000000029e+00,1.831811000000000078e+00,1.449286000000000074e+00,6.842369999999999841e-01,-1.024372000000000060e+00,-2.848249999999999948e-01,-1.573170000000000124e-01,-4.888379999999999947e-01,4.669600000000000140e-02,-8.081199999999999495e-02,3.017130000000000090e-01,4.037189999999999945e-01,-4.307000000000000065e-03,-1.318149999999999877e-01,6.077320000000000499e-01,3.527159999999999740e-01,4.802239999999999842e-01,-2.338210000000000011e-01,-1.100877000000000105e+00,8.627489999999999881e-01,9.902570000000000539e-01,-2.656477000000000199e+00,-2.083200000000000052e-01,1.984820999999999946e+00,1.474787999999999988e+00,6.332339999999999636e-01,2.252079999999999915e-01,-8.081199999999999495e-02,-8.713619999999999699e-01,3.272140000000000049e-01,1.997059999999999946e-01,-1.828180000000000083e-01,3.017130000000000090e-01,2.762109999999999843e-01,6.077320000000000499e-01,7.219799999999999829e-02,-3.868309999999999804e-01,2.762109999999999843e-01,3.272140000000000049e-01,-1.573170000000000124e-01,-3.103259999999999907e-01,-4.378349999999999742e-01,6.842369999999999841e-01,1.168768000000000029e+00,4.547229999999999883e-01,1.742049999999999987e-01,-5.908440000000000358e-01,-1.687415000000000109e+00,-2.338210000000000011e-01,1.933816999999999897e+00,1.602295999999999943e+00,9.647550000000000292e-01,4.037189999999999945e-01,-1.318149999999999877e-01,-3.103259999999999907e-01,-3.868309999999999804e-01,-2.848249999999999948e-01,-4.123330000000000051e-01,4.669600000000000140e-02,5.312280000000000335e-01,-8.081199999999999495e-02,-1.063130000000000047e-01,1.296276999999999902e+00,-4.378349999999999742e-01,3.272140000000000049e-01,2.119499999999999856e-02,4.669600000000000140e-02,7.862440000000000540e-01,-8.968639999999999946e-01,-2.375958999999999932e+00,1.423785000000000078e+00,2.239837000000000078e+00,1.398282999999999943e+00,7.862440000000000540e-01,3.017130000000000090e-01,-5.398410000000000153e-01,-1.828180000000000083e-01,-2.338210000000000011e-01,-3.103259999999999907e-01,-1.318149999999999877e-01,-1.063130000000000047e-01,-5.530999999999999805e-02,1.487030000000000018e-01,-1.063130000000000047e-01,-1.573170000000000124e-01,8.882499999999999840e-01,5.567290000000000294e-01,3.272140000000000049e-01,4.292210000000000192e-01,7.607420000000000293e-01,-7.183530000000000193e-01,1.742049999999999987e-01,1.232010000000000050e-01,-4.378349999999999742e-01,-3.613299999999999845e-01,-1.738418000000000019e+00,9.902570000000000539e-01,1.959319000000000033e+00,1.041260000000000074e+00,-8.203589999999999494e-01,3.782179999999999986e-01,1.997059999999999946e-01,5.822310000000000541e-01,8.117459999999999676e-01,5.567290000000000294e-01,2.119499999999999856e-02,-1.573170000000000124e-01,-2.848249999999999948e-01,-3.613299999999999845e-01,-3.103259999999999907e-01,-1.573170000000000124e-01,9.769999999999999518e-02,3.017130000000000090e-01,2.507099999999999884e-01,1.296276999999999902e+00,5.567290000000000294e-01,-2.848249999999999948e-01,-1.304890000000000105e+00,-2.452463999999999977e+00,-8.081199999999999495e-02,9.902570000000000539e-01,7.352410000000000334e-01,2.188833999999999946e+00,5.312280000000000335e-01,6.077320000000000499e-01,1.576794999999999947e+00,3.017130000000000090e-01,-6.163459999999999495e-01,-1.406897000000000064e+00,-1.318149999999999877e-01,3.272140000000000049e-01,1.742049999999999987e-01,3.272140000000000049e-01,4.802239999999999842e-01,-5.530999999999999805e-02,-1.661912999999999974e+00,-9.223660000000000192e-01,9.392540000000000333e-01,6.842369999999999841e-01,8.882499999999999840e-01,8.882499999999999840e-01,3.527159999999999740e-01,2.252079999999999915e-01,1.232010000000000050e-01,8.117459999999999676e-01,-8.203589999999999494e-01,-1.942431000000000019e+00,3.017130000000000090e-01,-1.318149999999999877e-01,2.762109999999999843e-01,7.352410000000000334e-01,8.372469999999999635e-01,-3.868309999999999804e-01,-2.848249999999999948e-01,8.372469999999999635e-01,6.332339999999999636e-01,5.822310000000000541e-01,2.119499999999999856e-02,9.769999999999999518e-02,1.487030000000000018e-01,3.017130000000000090e-01,1.232010000000000050e-01,-8.081199999999999495e-02,-5.398410000000000153e-01,1.997059999999999946e-01,8.117459999999999676e-01,-9.988700000000000356e-01,-1.177381999999999929e+00,1.117764999999999898e+00,8.372469999999999635e-01,4.802239999999999842e-01,6.332339999999999636e-01,4.802239999999999842e-01,-6.928509999999999946e-01,1.997059999999999946e-01,1.194269999999999943e+00,-5.653430000000000399e-01,-1.828180000000000083e-01,9.392540000000000333e-01,-9.478670000000000151e-01,-7.948570000000000357e-01,4.802239999999999842e-01,5.567290000000000294e-01,8.627489999999999881e-01,6.842369999999999841e-01,7.219799999999999829e-02,-6.163459999999999495e-01,-4.888379999999999947e-01,-8.081199999999999495e-02,4.802239999999999842e-01,5.312280000000000335e-01,9.137520000000000087e-01,1.398282999999999943e+00,8.372469999999999635e-01,-2.083200000000000052e-01,-2.083200000000000052e-01,-2.401460000000000150e+00,-2.860489999999999977e+00,3.272140000000000049e-01,1.398282999999999943e+00,1.372781000000000029e+00,1.143267000000000033e+00,1.015759000000000079e+00,3.527159999999999740e-01,-2.848249999999999948e-01,3.017130000000000090e-01,-2.338210000000000011e-01,-6.418479999999999741e-01,2.252079999999999915e-01,-3.868309999999999804e-01,4.292210000000000192e-01,3.782179999999999986e-01,7.352410000000000334e-01,9.647550000000000292e-01,-1.049873999999999974e+00,-5.143389999999999906e-01,1.347280000000000033e+00,-4.307000000000000065e-03,-1.202884000000000064e+00,4.547229999999999883e-01,5.567290000000000294e-01,5.567290000000000294e-01,1.232010000000000050e-01,3.272140000000000049e-01,9.769999999999999518e-02,-8.203589999999999494e-01,2.119499999999999856e-02,4.037189999999999945e-01,4.802239999999999842e-01,2.252079999999999915e-01,6.077320000000000499e-01,2.762109999999999843e-01,-8.081199999999999495e-02,-8.081199999999999495e-02,-5.530999999999999805e-02,4.669600000000000140e-02,-2.593230000000000257e-01,1.742049999999999987e-01,2.762109999999999843e-01,3.017130000000000090e-01,-4.307000000000000065e-03,1.232010000000000050e-01,2.762109999999999843e-01,5.312280000000000335e-01,3.017130000000000090e-01,5.312280000000000335e-01,-1.304890000000000105e+00,-2.083200000000000052e-01,6.842369999999999841e-01,1.755306000000000033e+00,5.567290000000000294e-01,-8.203589999999999494e-01,-8.081199999999999495e-02,3.527159999999999740e-01,5.312280000000000335e-01,-2.338210000000000011e-01,-1.318149999999999877e-01,-2.593230000000000257e-01,-2.980800000000000116e-02,2.119499999999999856e-02,2.762109999999999843e-01,1.997059999999999946e-01,4.292210000000000192e-01,1.143267000000000033e+00,3.017130000000000090e-01,-1.712916000000000105e+00,1.742049999999999987e-01,-2.848249999999999948e-01,-7.183530000000000193e-01,1.194269999999999943e+00,9.137520000000000087e-01,1.347280000000000033e+00,4.547229999999999883e-01,-1.063130000000000047e-01,-2.848249999999999948e-01,1.487030000000000018e-01,-2.593230000000000257e-01,-1.063130000000000047e-01,-4.123330000000000051e-01,-4.307000000000000065e-03,1.232010000000000050e-01,6.842369999999999841e-01,1.487030000000000018e-01,2.252079999999999915e-01,-4.307000000000000065e-03,1.232010000000000050e-01,-2.593230000000000257e-01,2.762109999999999843e-01,1.487030000000000018e-01,8.627489999999999881e-01,4.292210000000000192e-01,8.882499999999999840e-01,-6.163459999999999495e-01,-3.651040000000000063e+00,-1.100877000000000105e+00,2.035823999999999856e+00,1.627798000000000078e+00,1.143267000000000033e+00,6.587359999999999882e-01,7.219799999999999829e-02,3.017130000000000090e-01,3.272140000000000049e-01,1.997059999999999946e-01,9.769999999999999518e-02,-1.063130000000000047e-01,-3.103259999999999907e-01,-4.378349999999999742e-01,-5.653430000000000399e-01,7.219799999999999829e-02,5.057260000000000089e-01,4.037189999999999945e-01,4.037189999999999945e-01,-6.163459999999999495e-01,-4.378349999999999742e-01,-2.980800000000000116e-02,3.782179999999999986e-01,1.398282999999999943e+00,9.902570000000000539e-01,4.547229999999999883e-01,-1.253886999999999974e+00,-6.673489999999999700e-01,4.037189999999999945e-01,6.332339999999999636e-01,6.332339999999999636e-01,7.352410000000000334e-01,6.842369999999999841e-01,-5.908440000000000358e-01,-6.928509999999999946e-01,7.219799999999999829e-02,6.077320000000000499e-01,7.097390000000000088e-01,1.232010000000000050e-01,-1.573170000000000124e-01,-6.673489999999999700e-01,-2.593230000000000257e-01,3.527159999999999740e-01,3.527159999999999740e-01,3.017130000000000090e-01,-4.307000000000000065e-03,2.762109999999999843e-01,3.272140000000000049e-01,4.037189999999999945e-01,2.119499999999999856e-02,5.312280000000000335e-01,9.769999999999999518e-02,1.232010000000000050e-01,7.219799999999999829e-02,-8.081199999999999495e-02,-1.573170000000000124e-01,-4.123330000000000051e-01,-2.848249999999999948e-01,1.474787999999999988e+00,4.547229999999999883e-01,-1.177381999999999929e+00,7.607420000000000293e-01,3.272140000000000049e-01,-5.398410000000000153e-01,7.219799999999999829e-02,-4.378349999999999742e-01,7.607420000000000293e-01,6.332339999999999636e-01,5.567290000000000294e-01,5.822310000000000541e-01,3.272140000000000049e-01,2.762109999999999843e-01,8.882499999999999840e-01,2.762109999999999843e-01,-7.438540000000000152e-01,-3.868309999999999804e-01,2.252079999999999915e-01,-1.024372000000000060e+00,-2.083200000000000052e-01,1.092262999999999984e+00,1.194269999999999943e+00,-1.202884000000000064e+00,7.352410000000000334e-01,-6.673489999999999700e-01,3.017130000000000090e-01,5.312280000000000335e-01,-2.848249999999999948e-01,3.527159999999999740e-01,6.842369999999999841e-01,9.902570000000000539e-01,2.507099999999999884e-01,6.587359999999999882e-01,-4.123330000000000051e-01,-3.103259999999999907e-01,-8.713619999999999699e-01,5.312280000000000335e-01,2.762109999999999843e-01,-2.593230000000000257e-01,7.219799999999999829e-02,1.882813999999999988e+00,4.802239999999999842e-01,-2.528967999999999883e+00,9.769999999999999518e-02,8.372469999999999635e-01
2.507099999999999884e-01,3.017130000000000090e-01,1.997059999999999946e-01,3.782179999999999986e-01,2.119499999999999856e-02,-8.081199999999999495e-02,-1.063130000000000047e-01,2.119499999999999856e-02,2.762109999999999843e-01,7.219799999999999829e-02,-6.418479999999999741e-01,1.997059999999999946e-01,7.862440000000000540e-01,5.312280000000000335e-01,4.037189999999999945e-01,2.762109999999999843e-01,2.252079999999999915e-01,9.769999999999999518e-02,-4.307000000000000065e-03,2.119499999999999856e-02,2.119499999999999856e-02,-5.530999999999999805e-02,1.232010000000000050e-01,1.997059999999999946e-01,7.219799999999999829e-02,9.769999999999999518e-02,1.997059999999999946e-01,2.762109999999999843e-01,1.742049999999999987e-01,4.669600000000000140e-02,2.252079999999999915e-01,9.769999999999999518e-02,-3.103259999999999907e-01,-2.083200000000000052e-01,3.272140000000000049e-01,2.252079999999999915e-01,4.037189999999999945e-01,3.527159999999999740e-01,1.232010000000000050e-01,2.252079999999999915e-01,3.527159999999999740e-01,2.507099999999999884e-01,-1.063130000000000047e-01,-8.081199999999999495e-02,3.017130000000000090e-01,3.272140000000000049e-01,2.762109999999999843e-01,4.669600000000000140e-02,-8.081199999999999495e-02,-1.828180000000000083e-01,-1.828180000000000083e-01,-8.081199999999999495e-02,4.669600000000000140e-02,2.507099999999999884e-01,4.292210000000000192e-01,2.762109999999999843e-01,4.802239999999999842e-01,5.312280000000000335e-01,3.272140000000000049e-01,-1.318149999999999877e-01,7.219799999999999829e-02,1.997059999999999946e-01,-1.573170000000000124e-01,-1.573170000000000124e-01,2.252079999999999915e-01,3.782179999999999986e-01,1.997059999999999946e-01,2.252079999999999915e-01,3.017130000000000090e-01,2.507099999999999884e-01,2.119499999999999856e-02,-1.828180000000000083e-01,-8.081199999999999495e-02,-3.868309999999999804e-01,3.017130000000000090e-01,4.292210000000000192e-01,4.292210000000000192e-01,-2.980800000000000116e-02,2.252079999999999915e-01,2.252079999999999915e-01,2.252079999999999915e-01,3.527159999999999740e-01,-1.828180000000000083e-01,-1.573170000000000124e-01,-2.980800000000000116e-02,2.507099999999999884e-01,4.037189999999999945e-01,3.272140000000000049e-01,3.272140000000000049e-01,3.017130000000000090e-01,9.769999999999999518e-02,-8.081199999999999495e-02,2.119499999999999856e-02,9.769999999999999518e-02,7.219799999999999829e-02,1.232010000000000050e-01,2.119499999999999856e-02,2.252079999999999915e-01,4.037189999999999945e-01,1.997059999999999946e-01,2.252079999999999915e-01,9.769999999999999518e-02,-5.530999999999999805e-02,-1.573170000000000124e-01,4.669600000000000140e-02,7.219799999999999829e-02,4.547229999999999883e-01,5.057260000000000089e-01,1.742049999999999987e-01,7.219799999999999829e-02,1.487030000000000018e-01,-5.530999999999999805e-02,-3.868309999999999804e-01,-1.828180000000000083e-01,4.037189999999999945e-01,8.117459999999999676e-01,2.507099999999999884e-01,2.762109999999999843e-01,3.272140000000000049e-01,3.017130000000000090e-01,1.487030000000000018e-01,-5.530999999999999805e-02,-1.381394999999999929e+00,-9.478670000000000151e-01,8.117459999999999676e-01,7.097390000000000088e-01,7.352410000000000334e-01,3.527159999999999740e-01,6.332339999999999636e-01,2.252079999999999915e-01,-8.081199999999999495e-02,1.487030000000000018e-01,1.487030000000000018e-01,2.507099999999999884e-01,1.232010000000000050e-01,-7.948570000000000357e-01,-1.318149999999999877e-01,4.037189999999999945e-01,3.017130000000000090e-01,-1.573170000000000124e-01,-8.081199999999999495e-02,-5.530999999999999805e-02,1.997059999999999946e-01,2.762109999999999843e-01,8.372469999999999635e-01,1.168768000000000029e+00,1.066761999999999988e+00,-1.573170000000000124e-01,-5.908440000000000358e-01,-1.828180000000000083e-01,-2.338210000000000011e-01,-6.163459999999999495e-01,-8.081199999999999495e-02,1.729803999999999897e+00,6.842369999999999841e-01,-1.100877000000000105e+00,-1.712916000000000105e+00,5.057260000000000089e-01,2.367344999999999811e+00,1.143267000000000033e+00,-2.848249999999999948e-01,-1.304890000000000105e+00,-1.318149999999999877e-01,4.037189999999999945e-01,2.507099999999999884e-01,3.272140000000000049e-01,3.527159999999999740e-01,3.017130000000000090e-01,1.143267000000000033e+00,5.567290000000000294e-01,-1.024372000000000060e+00,-1.789420999999999928e+00,-5.143389999999999906e-01,8.117459999999999676e-01,1.066761999999999988e+00,5.567290000000000294e-01,-3.103259999999999907e-01,5.312280000000000335e-01,1.678800999999999988e+00,9.769999999999999518e-02,-6.418479999999999741e-01,2.119499999999999856e-02,-7.948570000000000357e-01,-3.868309999999999804e-01,-5.143389999999999906e-01,5.822310000000000541e-01,1.194269999999999943e+00,4.802239999999999842e-01,1.232010000000000050e-01,1.423785000000000078e+00,-3.613299999999999845e-01,-2.324955000000000105e+00,-2.083200000000000052e-01,3.782179999999999986e-01,1.168768000000000029e+00,8.882499999999999840e-01,5.567290000000000294e-01,-5.530999999999999805e-02,-4.123330000000000051e-01,-2.083200000000000052e-01,-4.378349999999999742e-01,-6.418479999999999741e-01,1.143267000000000033e+00,1.143267000000000033e+00,9.137520000000000087e-01,-5.398410000000000153e-01,-1.828180000000000083e-01,-2.980800000000000116e-02,1.449286000000000074e+00,1.449286000000000074e+00,1.742049999999999987e-01,-8.203589999999999494e-01,-1.763919000000000015e+00,-1.828180000000000083e-01,1.296276999999999902e+00,5.312280000000000335e-01,-8.968639999999999946e-01,-8.458609999999999740e-01,8.372469999999999635e-01,-8.713619999999999699e-01,3.527159999999999740e-01,6.587359999999999882e-01,1.232010000000000050e-01,1.831811000000000078e+00,2.010321999999999942e+00,1.232010000000000050e-01,1.372781000000000029e+00,-1.814923000000000064e+00,-3.982562000000000157e+00,-6.418479999999999741e-01,1.168768000000000029e+00,3.336406999999999901e+00,2.163332000000000033e+00,-1.063130000000000047e-01,-1.891428000000000109e+00,-2.083200000000000052e-01,-1.610910000000000064e+00,7.862440000000000540e-01,1.602295999999999943e+00,9.392540000000000333e-01,1.232010000000000050e-01,-1.828180000000000083e-01,-1.508903000000000105e+00,-1.457899999999999974e+00,7.352410000000000334e-01,1.321777999999999897e+00,7.862440000000000540e-01,4.292210000000000192e-01,-4.888379999999999947e-01,-7.948570000000000357e-01,1.908315999999999901e+00,9.392540000000000333e-01,9.769999999999999518e-02,5.567290000000000294e-01,-3.868309999999999804e-01,2.119499999999999856e-02,1.347280000000000033e+00,-4.888379999999999947e-01,-1.738418000000000019e+00,-1.432398000000000060e+00,8.627489999999999881e-01,-9.988700000000000356e-01,1.117764999999999898e+00,7.097390000000000088e-01,9.902570000000000539e-01,9.137520000000000087e-01,9.392540000000000333e-01,-9.733690000000000397e-01,-2.593230000000000257e-01,1.742049999999999987e-01,5.057260000000000089e-01,3.782179999999999986e-01,-3.868309999999999804e-01,-5.530999999999999805e-02,-3.103259999999999907e-01,2.112328999999999901e+00,3.540420000000000122e+00,-1.304890000000000105e+00,-6.634731000000000378e+00,-1.381394999999999929e+00,1.602295999999999943e+00,1.627798000000000078e+00,6.587359999999999882e-01,-3.358280000000000154e-01,1.729803999999999897e+00,1.882813999999999988e+00,8.627489999999999881e-01,6.587359999999999882e-01,-1.202884000000000064e+00,-2.593230000000000257e-01,-1.318149999999999877e-01,-8.968639999999999946e-01,-8.713619999999999699e-01,2.673364999999999991e+00,-7.948570000000000357e-01,-4.594600999999999935e+00,9.769999999999999518e-02,1.831811000000000078e+00,1.959319000000000033e+00,2.010321999999999942e+00,3.272140000000000049e-01,-7.183530000000000193e-01,3.272140000000000049e-01,-2.083200000000000052e-01,3.272140000000000049e-01,3.017130000000000090e-01,-4.307000000000000065e-03,-8.081199999999999495e-02,-4.307000000000000065e-03,1.270774999999999988e+00,2.762109999999999843e-01,-1.916929000000000105e+00,-1.432398000000000060e+00,1.296276999999999902e+00,1.704302999999999901e+00,-4.888379999999999947e-01,-1.585407999999999928e+00,-1.063130000000000047e-01,1.959319000000000033e+00,1.831811000000000078e+00,1.551293000000000033e+00,7.219799999999999829e-02,6.332339999999999636e-01,-6.163459999999999495e-01,-3.472529000000000199e+00,-5.530999999999999805e-02,1.270774999999999988e+00,2.469352000000000213e+00,-5.908440000000000358e-01,-4.378349999999999742e-01,-6.673489999999999700e-01,-1.024372000000000060e+00,7.352410000000000334e-01,1.500289999999999901e+00,1.296276999999999902e+00,1.551293000000000033e+00,4.669600000000000140e-02,-1.279387999999999970e+00,-8.713619999999999699e-01,8.372469999999999635e-01,3.527159999999999740e-01,2.119499999999999856e-02,-2.593230000000000257e-01,9.769999999999999518e-02,2.119499999999999856e-02,-1.828180000000000083e-01,-2.044436999999999838e+00,2.252079999999999915e-01,3.106892999999999905e+00,9.137520000000000087e-01,-8.968639999999999946e-01,1.474787999999999988e+00,2.239837000000000078e+00,-6.418479999999999741e-01,-3.523531999999999886e+00,-2.375958999999999932e+00,8.117459999999999676e-01,2.086826999999999988e+00,1.933816999999999897e+00,1.168768000000000029e+00,-3.868309999999999804e-01,-5.143389999999999906e-01,9.769999999999999518e-02,2.239837000000000078e+00,-9.988700000000000356e-01,-4.314083000000000112e+00,1.487030000000000018e-01,1.755306000000000033e+00,1.755306000000000033e+00,2.762109999999999843e-01,3.272140000000000049e-01,5.057260000000000089e-01,-3.868309999999999804e-01,-6.928509999999999946e-01,1.997059999999999946e-01,4.669600000000000140e-02,1.296276999999999902e+00,1.742049999999999987e-01,-5.530999999999999805e-02,-1.355893000000000015e+00,5.312280000000000335e-01,1.041260000000000074e+00,-1.063130000000000047e-01,-2.120941999999999883e+00,9.137520000000000087e-01,1.729803999999999897e+00,-5.143389999999999906e-01,1.449286000000000074e+00,1.551293000000000033e+00,2.252079999999999915e-01,-1.573170000000000124e-01,3.272140000000000049e-01,-7.183530000000000193e-01,-1.483402000000000109e+00,9.769999999999999518e-02,2.119499999999999856e-02,8.372469999999999635e-01,-1.573170000000000124e-01,4.802239999999999842e-01,6.842369999999999841e-01,-5.530999999999999805e-02,1.487030000000000018e-01,-5.143389999999999906e-01,2.507099999999999884e-01,-5.398410000000000153e-01,1.729803999999999897e+00,1.321777999999999897e+00,-1.942431000000000019e+00,3.527159999999999740e-01,-1.318149999999999877e-01,-2.083200000000000052e-01,-4.633360000000000256e-01,6.587359999999999882e-01,9.647550000000000292e-01,8.117459999999999676e-01,-1.573170000000000124e-01,-1.126379000000000019e+00,6.077320000000000499e-01,5.822310000000000541e-01,3.272140000000000049e-01,-2.593230000000000257e-01,-3.103259999999999907e-01,-1.828180000000000083e-01,1.143267000000000033e+00,1.143267000000000033e+00,-4.824114999999999931e+00,-7.948570000000000357e-01,1.806308999999999942e+00,2.341844000000000037e+00,1.423785000000000078e+00,4.037189999999999945e-01,-1.063130000000000047e-01,1.576794999999999947e+00,-6.928509999999999946e-01,-8.968639999999999946e-01,-3.613299999999999845e-01,-8.081199999999999495e-02,2.762109999999999843e-01,7.607420000000000293e-01,-6.928509999999999946e-01,-4.378349999999999742e-01,-2.848249999999999948e-01,2.119499999999999856e-02,3.527159999999999740e-01,1.092262999999999984e+00,2.392847000000000168e+00,-5.398410000000000153e-01,-3.115505999999999887e+00,-9.223660000000000192e-01,1.729803999999999897e+00,1.117764999999999898e+00,8.627489999999999881e-01,4.292210000000000192e-01,5.567290000000000294e-01,2.762109999999999843e-01,4.292210000000000192e-01,-2.980800000000000116e-02,-1.355893000000000015e+00,4.669600000000000140e-02,4.669600000000000140e-02,-3.103259999999999907e-01,1.474787999999999988e+00,5.057260000000000089e-01,4.802239999999999842e-01,-7.438540000000000152e-01,-2.069939000000000195e+00,-8.203589999999999494e-01,1.729803999999999897e+00,2.188833999999999946e+00,1.143267000000000033e+00,1.066761999999999988e+00,9.769999999999999518e-02,-1.228385000000000060e+00,-5.530999999999999805e-02,1.742049999999999987e-01,4.292210000000000192e-01,-6.163459999999999495e-01,-4.378349999999999742e-01,9.769999999999999518e-02,7.607420000000000293e-01,8.882499999999999840e-01,2.119499999999999856e-02,-5.653430000000000399e-01,2.252079999999999915e-01,-8.081199999999999495e-02,7.219799999999999829e-02,-3.358280000000000154e-01,2.762109999999999843e-01,1.270774999999999988e+00,3.004885999999999946e+00,-5.908440000000000358e-01,-4.059065999999999619e+00,4.037189999999999945e-01,2.086826999999999988e+00,7.219799999999999829e-02,9.769999999999999518e-02,-9.733690000000000397e-01,-4.123330000000000051e-01,5.312280000000000335e-01,7.352410000000000334e-01,-9.478670000000000151e-01,7.862440000000000540e-01,3.272140000000000049e-01,1.933816999999999897e+00,-2.338210000000000011e-01,-1.126379000000000019e+00,-5.653430000000000399e-01,1.742049999999999987e-01,-2.848249999999999948e-01,5.057260000000000089e-01,1.015759000000000079e+00,-1.828180000000000083e-01,-1.100877000000000105e+00,1.092262999999999984e+00,2.507099999999999884e-01,1.041260000000000074e+00,6.587359999999999882e-01,-1.253886999999999974e+00,-1.063130000000000047e-01,5.567290000000000294e-01,4.037189999999999945e-01,2.762109999999999843e-01,-4.307000000000000065e-03,1.487030000000000018e-01,-4.123330000000000051e-01,-6.928509999999999946e-01,-6.163459999999999495e-01,4.802239999999999842e-01,1.041260000000000074e+00,1.168768000000000029e+00,-7.438540000000000152e-01,-1.534405000000000019e+00,9.137520000000000087e-01,5.822310000000000541e-01,4.292210000000000192e-01,6.332339999999999636e-01,-4.633360000000000256e-01,-1.228385000000000060e+00,4.802239999999999842e-01,-8.081199999999999495e-02,6.077320000000000499e-01,1.576794999999999947e+00,1.984820999999999946e+00,-6.673489999999999700e-01,-2.375958999999999932e+00,-1.355893000000000015e+00,-4.307000000000000065e-03,1.372781000000000029e+00,9.902570000000000539e-01,-2.338210000000000011e-01,-5.143389999999999906e-01,1.500289999999999901e+00,-1.049873999999999974e+00,-5.398410000000000153e-01,1.066761999999999988e+00,1.117764999999999898e+00,9.137520000000000087e-01,-8.458609999999999740e-01,-7.183530000000000193e-01,-1.318149999999999877e-01,7.352410000000000334e-01,-1.318149999999999877e-01,1.997059999999999946e-01,8.882499999999999840e-01,7.352410000000000334e-01,2.507099999999999884e-01,-7.948570000000000357e-01,-1.916929000000000105e+00,1.525790999999999897e+00,1.168768000000000029e+00,-8.968639999999999946e-01,-1.202884000000000064e+00,-8.713619999999999699e-01,2.545856999999999815e+00,1.806308999999999942e+00,1.232010000000000050e-01,-5.143389999999999906e-01,1.232010000000000050e-01,-5.398410000000000153e-01,3.272140000000000049e-01,-5.530999999999999805e-02,-2.980800000000000116e-02,-1.789420999999999928e+00,6.332339999999999636e-01,6.332339999999999636e-01,1.500289999999999901e+00,1.347280000000000033e+00,-1.304890000000000105e+00,-1.636411000000000060e+00,1.270774999999999988e+00,8.117459999999999676e-01,-3.868309999999999804e-01,5.567290000000000294e-01,-2.338210000000000011e-01,4.292210000000000192e-01,1.487030000000000018e-01,-8.081199999999999495e-02,6.842369999999999841e-01,1.525790999999999897e+00,-6.163459999999999495e-01,-1.763919000000000015e+00,8.117459999999999676e-01,8.627489999999999881e-01,-8.968639999999999946e-01,-7.183530000000000193e-01,4.669600000000000140e-02,1.959319000000000033e+00,1.041260000000000074e+00,-6.928509999999999946e-01,-2.980800000000000116e-02,6.842369999999999841e-01,5.057260000000000089e-01,6.332339999999999636e-01,-5.908440000000000358e-01,-4.888379999999999947e-01,3.782179999999999986e-01,-9.733690000000000397e-01,4.669600000000000140e-02,4.547229999999999883e-01,1.729803999999999897e+00,9.647550000000000292e-01,1.015759000000000079e+00,-1.177381999999999929e+00,-2.120941999999999883e+00,-4.888379999999999947e-01,-1.573170000000000124e-01,1.066761999999999988e+00,1.653299000000000074e+00,3.272140000000000049e-01,3.272140000000000049e-01,5.822310000000000541e-01,5.567290000000000294e-01,-3.868309999999999804e-01,-2.962495999999999796e+00,-4.123330000000000051e-01,1.245273000000000074e+00,1.092262999999999984e+00,5.057260000000000089e-01,7.862440000000000540e-01,5.822310000000000541e-01,-5.908440000000000358e-01,-8.081199999999999495e-02,5.312280000000000335e-01,8.882499999999999840e-01,7.352410000000000334e-01,-1.177381999999999929e+00,-2.273951999999999973e+00,-4.123330000000000051e-01,1.831811000000000078e+00,6.077320000000000499e-01,1.232010000000000050e-01,-1.063130000000000047e-01,-6.673489999999999700e-01,5.312280000000000335e-01,1.168768000000000029e+00,1.449286000000000074e+00,-4.888379999999999947e-01,-8.203589999999999494e-01,1.487030000000000018e-01,4.802239999999999842e-01,6.077320000000000499e-01,2.119499999999999856e-02,2.119499999999999856e-02,6.077320000000000499e-01,-4.888379999999999947e-01,-1.049873999999999974e+00,1.372781000000000029e+00,2.507099999999999884e-01,-7.693560000000000398e-01,6.842369999999999841e-01,-1.063130000000000047e-01,1.066761999999999988e+00,7.862440000000000540e-01,-6.928509999999999946e-01,-4.378349999999999742e-01,1.551293000000000033e+00,5.312280000000000335e-01,-8.713619999999999699e-01,-4.123330000000000051e-01,3.527159999999999740e-01,-5.530999999999999805e-02,7.862440000000000540e-01,4.669600000000000140e-02,-2.018936000000000064e+00,1.232010000000000050e-01,1.933816999999999897e+00,1.398282999999999943e+00,1.742049999999999987e-01,-4.123330000000000051e-01,-2.338210000000000011e-01,1.551293000000000033e+00,-3.358280000000000154e-01,-3.090003999999999973e+00,3.017130000000000090e-01,1.780807999999999947e+00,9.769999999999999518e-02,1.423785000000000078e+00,1.831811000000000078e+00,-1.712916000000000105e+00,-2.554469999999999796e+00,1.168768000000000029e+00,1.168768000000000029e+00,7.097390000000000088e-01,1.168768000000000029e+00,-1.573170000000000124e-01,-3.103259999999999907e-01,4.802239999999999842e-01,1.487030000000000018e-01,-8.081199999999999495e-02,-1.049873999999999974e+00,-3.613299999999999845e-01,1.997059999999999946e-01,-1.573170000000000124e-01,6.077320000000000499e-01,5.822310000000000541e-01,5.822310000000000541e-01,-3.613299999999999845e-01,-1.063130000000000047e-01,1.092262999999999984e+00,-1.916929000000000105e+00,3.782179999999999986e-01,1.232010000000000050e-01,1.092262999999999984e+00,3.782179999999999986e-01,8.372469999999999635e-01,8.117459999999999676e-01,-3.103259999999999907e-01,-4.123330000000000051e-01,2.507099999999999884e-01,6.332339999999999636e-01,-5.398410000000000153e-01,-1.573170000000000124e-01,3.017130000000000090e-01,4.037189999999999945e-01,-2.338210000000000011e-01,-1.075374999999999970e+00,-2.083200000000000052e-01,6.332339999999999636e-01,7.352410000000000334e-01,1.449286000000000074e+00,4.802239999999999842e-01,-2.083200000000000052e-01,-1.126379000000000019e+00,2.252079999999999915e-01,4.802239999999999842e-01,4.292210000000000192e-01,4.802239999999999842e-01,9.392540000000000333e-01,-3.613299999999999845e-01,5.312280000000000335e-01,-2.980800000000000116e-02,-3.868309999999999804e-01,-3.613299999999999845e-01,-4.307000000000000065e-03,-4.307000000000000065e-03,-5.530999999999999805e-02,-6.673489999999999700e-01,6.332339999999999636e-01,3.017130000000000090e-01,-5.530999999999999805e-02,5.057260000000000089e-01,7.352410000000000334e-01,4.292210000000000192e-01,1.627798000000000078e+00,-1.355893000000000015e+00,-8.081199999999999495e-02,-2.083200000000000052e-01,-5.653430000000000399e-01,7.219799999999999829e-02,1.755306000000000033e+00,-1.457899999999999974e+00,-8.081199999999999495e-02,1.653299000000000074e+00,1.015759000000000079e+00,-4.307000000000000065e-03,-1.228385000000000060e+00,-4.378349999999999742e-01,1.041260000000000074e+00,1.015759000000000079e+00,7.219799999999999829e-02,5.312280000000000335e-01,-4.123330000000000051e-01,-8.968639999999999946e-01,-4.307000000000000065e-03,-2.980800000000000116e-02,1.487030000000000018e-01,6.077320000000000499e-01,5.822310000000000541e-01,3.782179999999999986e-01,5.057260000000000089e-01,1.092262999999999984e+00,-3.103259999999999907e-01,-1.202884000000000064e+00,-3.103259999999999907e-01,2.507099999999999884e-01,-2.593230000000000257e-01,6.587359999999999882e-01,9.647550000000000292e-01,1.729803999999999897e+00,6.077320000000000499e-01,-2.248451000000000199e+00,-6.418479999999999741e-01,-2.980800000000000116e-02,6.077320000000000499e-01,7.097390000000000088e-01,9.647550000000000292e-01,-2.338210000000000011e-01,-2.593230000000000257e-01,3.272140000000000049e-01,-6.418479999999999741e-01,4.037189999999999945e-01,2.507099999999999884e-01,6.587359999999999882e-01,3.272140000000000049e-01,7.607420000000000293e-01,-1.916929000000000105e+00,-2.324955000000000105e+00,1.627798000000000078e+00,1.729803999999999897e+00,7.607420000000000293e-01,6.332339999999999636e-01,-6.673489999999999700e-01,-2.980800000000000116e-02,4.802239999999999842e-01,3.272140000000000049e-01,1.041260000000000074e+00,3.782179999999999986e-01,-5.530999999999999805e-02,-8.081199999999999495e-02,-2.980800000000000116e-02,-5.143389999999999906e-01,-1.330392000000000019e+00,2.252079999999999915e-01,1.653299000000000074e+00,-3.103259999999999907e-01,3.272140000000000049e-01,5.057260000000000089e-01,2.252079999999999915e-01,-3.103259999999999907e-01,-2.338210000000000011e-01,-4.888379999999999947e-01,3.017130000000000090e-01,5.567290000000000294e-01,6.332339999999999636e-01,1.755306000000000033e+00,-3.868309999999999804e-01,-1.202884000000000064e+00,5.567290000000000294e-01,9.769999999999999518e-02,4.669600000000000140e-02,5.312280000000000335e-01,2.762109999999999843e-01,-3.103259999999999907e-01,9.769999999999999518e-02,-8.081199999999999495e-02,4.292210000000000192e-01,1.232010000000000050e-01,7.219799999999999829e-02,1.742049999999999987e-01,3.017130000000000090e-01,-8.081199999999999495e-02,-4.307000000000000065e-03,9.769999999999999518e-02,-5.530999999999999805e-02,1.997059999999999946e-01,5.567290000000000294e-01,-2.848249999999999948e-01,-1.063130000000000047e-01,7.219799999999999829e-02,1.347280000000000033e+00,9.137520000000000087e-01,7.352410000000000334e-01,-1.063130000000000047e-01,-1.228385000000000060e+00,-1.063130000000000047e-01,-7.948570000000000357e-01,-2.338210000000000011e-01,5.312280000000000335e-01,7.097390000000000088e-01,5.822310000000000541e-01,1.423785000000000078e+00,1.143267000000000033e+00,-8.081199999999999495e-02,-1.228385000000000060e+00,-1.279387999999999970e+00,1.232010000000000050e-01,3.527159999999999740e-01,-5.143389999999999906e-01,1.219772000000000078e+00,5.057260000000000089e-01,-1.916929000000000105e+00,8.372469999999999635e-01,3.017130000000000090e-01,5.312280000000000335e-01,5.567290000000000294e-01,-8.081199999999999495e-02,9.137520000000000087e-01,-2.848249999999999948e-01,6.077320000000000499e-01,9.769999999999999518e-02,2.762109999999999843e-01,3.272140000000000049e-01,-1.840424000000000060e+00,-1.942431000000000019e+00,9.137520000000000087e-01,9.137520000000000087e-01,1.117764999999999898e+00,1.232010000000000050e-01,-4.307000000000000065e-03,7.219799999999999829e-02,5.567290000000000294e-01,5.057260000000000089e-01,-1.865925999999999974e+00,1.321777999999999897e+00,5.567290000000000294e-01,9.769999999999999518e-02,2.119499999999999856e-02,-1.049873999999999974e+00,5.057260000000000089e-01,9.137520000000000087e-01,5.057260000000000089e-01,-5.530999999999999805e-02,6.077320000000000499e-01,1.576794999999999947e+00,-9.223660000000000192e-01,-1.687415000000000109e+00,-1.318149999999999877e-01,1.117764999999999898e+00,1.015759000000000079e+00,-4.123330000000000051e-01,-5.398410000000000153e-01,2.290840000000000209e+00,3.527159999999999740e-01,-7.948570000000000357e-01,-6.418479999999999741e-01,-5.653430000000000399e-01,6.332339999999999636e-01,6.587359999999999882e-01,6.332339999999999636e-01,7.097390000000000088e-01,1.066761999999999988e+00,-5.398410000000000153e-01,-1.432398000000000060e+00,-2.980800000000000116e-02,2.119499999999999856e-02,3.782179999999999986e-01,6.842369999999999841e-01,1.551293000000000033e+00,6.587359999999999882e-01,-4.123330000000000051e-01,-9.733690000000000397e-01,2.252079999999999915e-01,-4.378349999999999742e-01,1.487030000000000018e-01,-9.478670000000000151e-01,-2.593230000000000257e-01,9.392540000000000333e-01,1.602295999999999943e+00,1.219772000000000078e+00,8.372469999999999635e-01,-2.848249999999999948e-01,-2.083200000000000052e-01,-1.318149999999999877e-01,-4.888379999999999947e-01,2.252079999999999915e-01,3.782179999999999986e-01,-1.318149999999999877e-01,-7.693560000000000398e-01,9.647550000000000292e-01,7.862440000000000540e-01,8.627489999999999881e-01,-5.908440000000000358e-01,-3.039000999999999841e+00,-3.358280000000000154e-01,1.245273000000000074e+00,1.729803999999999897e+00,2.112328999999999901e+00,1.806308999999999942e+00,7.607420000000000293e-01,-4.888379999999999947e-01,-5.653430000000000399e-01,-8.458609999999999740e-01,-7.948570000000000357e-01,-7.183530000000000193e-01,1.487030000000000018e-01,4.037189999999999945e-01,-5.653430000000000399e-01,7.219799999999999829e-02,4.547229999999999883e-01,7.607420000000000293e-01,6.332339999999999636e-01,5.822310000000000541e-01,8.372469999999999635e-01,-7.693560000000000398e-01,-2.980800000000000116e-02,1.487030000000000018e-01,-8.203589999999999494e-01,4.292210000000000192e-01,1.245273000000000074e+00,1.143267000000000033e+00,9.769999999999999518e-02,-8.081199999999999495e-02,5.822310000000000541e-01,-2.980800000000000116e-02,-1.432398000000000060e+00,-3.613299999999999845e-01,1.997059999999999946e-01,-6.163459999999999495e-01,-6.418479999999999741e-01,8.117459999999999676e-01,1.321777999999999897e+00,1.525790999999999897e+00,8.882499999999999840e-01,9.647550000000000292e-01,-2.980800000000000116e-02,-1.406897000000000064e+00,-8.968639999999999946e-01,2.507099999999999884e-01,-1.828180000000000083e-01,-1.573170000000000124e-01,5.057260000000000089e-01,-2.980800000000000116e-02,-4.888379999999999947e-01,3.017130000000000090e-01,7.352410000000000334e-01,1.219772000000000078e+00,5.057260000000000089e-01,-6.418479999999999741e-01,1.232010000000000050e-01,8.372469999999999635e-01,-1.573170000000000124e-01,-6.928509999999999946e-01,1.997059999999999946e-01,-5.530999999999999805e-02,-3.358280000000000154e-01,9.902570000000000539e-01,5.567290000000000294e-01,2.762109999999999843e-01,-9.988700000000000356e-01,-2.848249999999999948e-01,6.587359999999999882e-01,-2.848249999999999948e-01,7.607420000000000293e-01,1.296276999999999902e+00,7.862440000000000540e-01,-7.183530000000000193e-01,-1.840424000000000060e+00,1.576794999999999947e+00,-6.928509999999999946e-01,-3.358280000000000154e-01,6.842369999999999841e-01,-4.633360000000000256e-01,1.487030000000000018e-01,2.762109999999999843e-01,8.117459999999999676e-01,7.352410000000000334e-01,4.802239999999999842e-01,-2.083200000000000052e-01,5.567290000000000294e-01,7.352410000000000334e-01,-8.081199999999999495e-02,-8.968639999999999946e-01,-1.330392000000000019e+00,7.219799999999999829e-02,3.272140000000000049e-01,1.372781000000000029e+00,5.822310000000000541e-01,-1.828180000000000083e-01,9.769999999999999518e-02,1.245273000000000074e+00,-1.151880000000000015e+00,-1.993433999999999928e+00,9.647550000000000292e-01,1.755306000000000033e+00,2.252079999999999915e-01,-6.163459999999999495e-01,-1.508903000000000105e+00,9.902570000000000539e-01,2.749870000000000037e+00,5.822310000000000541e-01,-1.355893000000000015e+00,-2.338210000000000011e-01,-2.083200000000000052e-01,-3.868309999999999804e-01,7.607420000000000293e-01,1.041260000000000074e+00,-2.083200000000000052e-01,-2.273951999999999973e+00,5.057260000000000089e-01,1.066761999999999988e+00,1.245273000000000074e+00,-2.593230000000000257e-01,-3.868309999999999804e-01,7.219799999999999829e-02,9.392540000000000333e-01,6.077320000000000499e-01,3.017130000000000090e-01,-3.868309999999999804e-01,1.742049999999999987e-01,-2.980800000000000116e-02,3.272140000000000049e-01,1.143267000000000033e+00,4.547229999999999883e-01,-5.398410000000000153e-01,-1.916929000000000105e+00,-4.378349999999999742e-01,3.527159999999999740e-01,1.270774999999999988e+00,7.862440000000000540e-01,9.769999999999999518e-02,5.312280000000000335e-01,1.742049999999999987e-01,-5.908440000000000358e-01,4.669600000000000140e-02,5.312280000000000335e-01,-3.613299999999999845e-01,-2.593230000000000257e-01,1.997059999999999946e-01,3.017130000000000090e-01,-2.593230000000000257e-01,7.352410000000000334e-01,5.822310000000000541e-01,3.527159999999999740e-01,4.802239999999999842e-01,6.587359999999999882e-01,-2.848249999999999948e-01,-5.143389999999999906e-01,2.762109999999999843e-01,5.057260000000000089e-01,-8.081199999999999495e-02,1.742049999999999987e-01,1.487030000000000018e-01,4.669600000000000140e-02,-1.573170000000000124e-01,-8.081199999999999495e-02,7.219799999999999829e-02,5.057260000000000089e-01,-5.398410000000000153e-01,1.372781000000000029e+00,5.057260000000000089e-01,-5.908440000000000358e-01,3.782179999999999986e-01,3.272140000000000049e-01,6.332339999999999636e-01,-1.202884000000000064e+00,-4.307000000000000065e-03,5.822310000000000541e-01,6.077320000000000499e-01,2.252079999999999915e-01,7.607420000000000293e-01,3.272140000000000049e-01,-5.398410000000000153e-01,-1.279387999999999970e+00,-2.593230000000000257e-01,6.587359999999999882e-01,3.527159999999999740e-01,7.097390000000000088e-01,5.822310000000000541e-01,5.312280000000000335e-01,4.292210000000000192e-01,-1.573170000000000124e-01,-4.307000000000000065e-03,-8.081199999999999495e-02,9.769999999999999518e-02,-3.358280000000000154e-01,-3.103259999999999907e-01,8.372469999999999635e-01,-1.177381999999999929e+00,-5.398410000000000153e-01,9.137520000000000087e-01,9.392540000000000333e-01,3.272140000000000049e-01,7.607420000000000293e-01,1.372781000000000029e+00,3.272140000000000049e-01,-1.585407999999999928e+00,-1.330392000000000019e+00,4.037189999999999945e-01,5.057260000000000089e-01,5.057260000000000089e-01,7.607420000000000293e-01,1.232010000000000050e-01,7.219799999999999829e-02,1.270774999999999988e+00,-8.081199999999999495e-02,-1.916929000000000105e+00,-8.081199999999999495e-02,2.762109999999999843e-01,4.547229999999999883e-01,7.097390000000000088e-01,6.587359999999999882e-01,3.272140000000000049e-01,1.487030000000000018e-01,1.997059999999999946e-01,2.252079999999999915e-01,-3.103259999999999907e-01,3.017130000000000090e-01,5.312280000000000335e-01,3.782179999999999986e-01,-6.418479999999999741e-01,-7.948570000000000357e-01,-3.613299999999999845e-01,9.769999999999999518e-02,9.647550000000000292e-01,5.312280000000000335e-01,4.547229999999999883e-01,-2.593230000000000257e-01,-4.123330000000000051e-01,1.742049999999999987e-01,8.882499999999999840e-01,7.352410000000000334e-01,5.312280000000000335e-01,9.137520000000000087e-01,3.782179999999999986e-01,4.292210000000000192e-01,-1.636411000000000060e+00,-1.202884000000000064e+00,4.292210000000000192e-01,4.669600000000000140e-02,-1.828180000000000083e-01,1.474787999999999988e+00,1.270774999999999988e+00,-1.828180000000000083e-01,-4.633360000000000256e-01,9.769999999999999518e-02,-7.438540000000000152e-01,-4.307000000000000065e-03,6.842369999999999841e-01,-2.338210000000000011e-01,7.607420000000000293e-01,1.194269999999999943e+00,-1.318149999999999877e-01,-6.928509999999999946e-01,5.057260000000000089e-01,3.017130000000000090e-01,3.017130000000000090e-01,2.507099999999999884e-01,-8.081199999999999495e-02,9.392540000000000333e-01,-1.126379000000000019e+00,-9.988700000000000356e-01,1.831811000000000078e+00,5.057260000000000089e-01,-1.024372000000000060e+00,-3.103259999999999907e-01,-2.593230000000000257e-01,3.272140000000000049e-01,9.902570000000000539e-01,5.567290000000000294e-01,5.567290000000000294e-01,1.372781000000000029e+00,-3.103259999999999907e-01,-2.848249999999999948e-01,-9.988700000000000356e-01,-8.081199999999999495e-02,5.312280000000000335e-01,-4.378349999999999742e-01,-3.103259999999999907e-01,7.862440000000000540e-01,2.252079999999999915e-01,3.527159999999999740e-01,9.902570000000000539e-01,-1.573170000000000124e-01,-1.304890000000000105e+00,-1.406897000000000064e+00,1.525790999999999897e+00,7.352410000000000334e-01,4.037189999999999945e-01,8.117459999999999676e-01,1.066761999999999988e+00,-2.593230000000000257e-01,-1.381394999999999929e+00,4.037189999999999945e-01,6.332339999999999636e-01,6.077320000000000499e-01,-3.613299999999999845e-01,-1.049873999999999974e+00,1.487030000000000018e-01,8.372469999999999635e-01,5.822310000000000541e-01,4.292210000000000192e-01,-2.848249999999999948e-01,-9.988700000000000356e-01,4.292210000000000192e-01,8.627489999999999881e-01,8.117459999999999676e-01,6.842369999999999841e-01,-1.318149999999999877e-01,-8.968639999999999946e-01,9.769999999999999518e-02,6.077320000000000499e-01,9.769999999999999518e-02,2.507099999999999884e-01,-4.307000000000000065e-03,2.252079999999999915e-01,2.119499999999999856e-02,3.527159999999999740e-01,4.037189999999999945e-01,7.219799999999999829e-02,4.037189999999999945e-01,7.862440000000000540e-01,7.607420000000000293e-01,-1.534405000000000019e+00,-1.483402000000000109e+00,7.352410000000000334e-01,2.119499999999999856e-02,3.272140000000000049e-01,4.292210000000000192e-01,6.332339999999999636e-01,5.567290000000000294e-01,-2.980800000000000116e-02,-5.398410000000000153e-01,1.015759000000000079e+00,5.567290000000000294e-01,3.527159999999999740e-01,2.507099999999999884e-01,-4.123330000000000051e-01,-6.418479999999999741e-01,7.219799999999999829e-02,2.252079999999999915e-01,-6.928509999999999946e-01,8.882499999999999840e-01,7.097390000000000088e-01,6.587359999999999882e-01,2.119499999999999856e-02,1.997059999999999946e-01,9.769999999999999518e-02,-1.828180000000000083e-01,-3.103259999999999907e-01,1.742049999999999987e-01,8.372469999999999635e-01,4.802239999999999842e-01,-8.968639999999999946e-01,-1.063130000000000047e-01,9.647550000000000292e-01,7.219799999999999829e-02,-2.848249999999999948e-01,2.252079999999999915e-01,1.015759000000000079e+00,-1.126379000000000019e+00,-1.126379000000000019e+00,1.232010000000000050e-01,1.525790999999999897e+00,9.647550000000000292e-01,8.117459999999999676e-01,1.487030000000000018e-01,1.997059999999999946e-01,-1.151880000000000015e+00,-5.908440000000000358e-01,5.312280000000000335e-01,3.272140000000000049e-01,4.292210000000000192e-01,4.547229999999999883e-01,3.017130000000000090e-01,-1.573170000000000124e-01,-1.318149999999999877e-01,-1.573170000000000124e-01,2.507099999999999884e-01,2.252079999999999915e-01,-1.063130000000000047e-01,-2.338210000000000011e-01,-4.633360000000000256e-01,3.527159999999999740e-01,-5.908440000000000358e-01,8.372469999999999635e-01,1.194269999999999943e+00,2.252079999999999915e-01,-2.083200000000000052e-01,1.474787999999999988e+00,1.742049999999999987e-01,-1.177381999999999929e+00,1.232010000000000050e-01,5.057260000000000089e-01,7.219799999999999829e-02,1.232010000000000050e-01,1.742049999999999987e-01,5.312280000000000335e-01,6.077320000000000499e-01,-8.968639999999999946e-01,-3.358280000000000154e-01,-1.610910000000000064e+00,6.332339999999999636e-01,9.647550000000000292e-01,5.567290000000000294e-01,8.117459999999999676e-01,3.017130000000000090e-01,6.842369999999999841e-01,-3.613299999999999845e-01,-5.908440000000000358e-01,1.015759000000000079e+00,9.902570000000000539e-01,-9.223660000000000192e-01,-9.733690000000000397e-01,9.392540000000000333e-01,1.296276999999999902e+00,-7.438540000000000152e-01,-1.279387999999999970e+00,5.822310000000000541e-01,5.567290000000000294e-01,6.587359999999999882e-01,-5.530999999999999805e-02,4.292210000000000192e-01,6.077320000000000499e-01,-2.848249999999999948e-01,-4.123330000000000051e-01,-7.438540000000000152e-01,1.449286000000000074e+00,-2.848249999999999948e-01,-3.868309999999999804e-01,-5.530999999999999805e-02,1.551293000000000033e+00,1.143267000000000033e+00,8.372469999999999635e-01,-4.633360000000000256e-01,-1.100877000000000105e+00,-5.143389999999999906e-01,2.119499999999999856e-02,4.669600000000000140e-02,3.272140000000000049e-01,1.602295999999999943e+00,-2.848249999999999948e-01,-6.673489999999999700e-01,-1.828180000000000083e-01,2.119499999999999856e-02,1.627798000000000078e+00,9.647550000000000292e-01,-2.069939000000000195e+00,-2.452463999999999977e+00,1.194269999999999943e+00,1.857312000000000074e+00,1.041260000000000074e+00,5.057260000000000089e-01,2.507099999999999884e-01,-1.318149999999999877e-01,-7.948570000000000357e-01,1.742049999999999987e-01,3.272140000000000049e-01,4.547229999999999883e-01,-7.183530000000000193e-01,-4.888379999999999947e-01,7.097390000000000088e-01,-5.530999999999999805e-02,9.769999999999999518e-02,2.252079999999999915e-01,4.037189999999999945e-01,8.627489999999999881e-01,-8.081199999999999495e-02,2.507099999999999884e-01,-3.103259999999999907e-01,7.352410000000000334e-01,1.041260000000000074e+00,-1.763919000000000015e+00,-7.438540000000000152e-01,9.392540000000000333e-01,2.119499999999999856e-02,-4.888379999999999947e-01,1.066761999999999988e+00,4.037189999999999945e-01,2.252079999999999915e-01,-5.143389999999999906e-01,2.252079999999999915e-01,6.587359999999999882e-01,6.332339999999999636e-01,4.292210000000000192e-01,1.041260000000000074e+00,-1.381394999999999929e+00,4.669600000000000140e-02,-5.908440000000000358e-01,-4.888379999999999947e-01,9.769999999999999518e-02,-2.980800000000000116e-02,5.312280000000000335e-01,8.627489999999999881e-01,1.168768000000000029e+00,3.272140000000000049e-01,-1.406897000000000064e+00,2.762109999999999843e-01,9.137520000000000087e-01,9.769999999999999518e-02,-8.081199999999999495e-02,9.769999999999999518e-02,4.547229999999999883e-01,-2.980800000000000116e-02,-2.848249999999999948e-01,5.057260000000000089e-01,4.547229999999999883e-01,-4.307000000000000065e-03,-1.828180000000000083e-01,-1.573170000000000124e-01,1.742049999999999987e-01,2.507099999999999884e-01,2.507099999999999884e-01,3.782179999999999986e-01,-2.083200000000000052e-01,-3.358280000000000154e-01,3.527159999999999740e-01,4.037189999999999945e-01,1.997059999999999946e-01,-4.888379999999999947e-01,4.292210000000000192e-01,7.862440000000000540e-01,6.332339999999999636e-01,-2.848249999999999948e-01,-5.908440000000000358e-01,-2.980800000000000116e-02,-5.143389999999999906e-01,4.292210000000000192e-01,-3.103259999999999907e-01,7.862440000000000540e-01,6.332339999999999636e-01,1.015759000000000079e+00,7.352410000000000334e-01,9.769999999999999518e-02,-1.330392000000000019e+00,-1.279387999999999970e+00,7.219799999999999829e-02,4.547229999999999883e-01,1.372781000000000029e+00,8.627489999999999881e-01,-4.888379999999999947e-01,-1.318149999999999877e-01,-7.948570000000000357e-01,1.487030000000000018e-01,6.332339999999999636e-01,-5.530999999999999805e-02,-8.081199999999999495e-02,1.117764999999999898e+00,-1.330392000000000019e+00,-4.123330000000000051e-01,1.398282999999999943e+00,8.372469999999999635e-01,6.077320000000000499e-01,-1.063130000000000047e-01,1.487030000000000018e-01,9.769999999999999518e-02,4.037189999999999945e-01,-3.103259999999999907e-01,-1.828180000000000083e-01,1.487030000000000018e-01,2.507099999999999884e-01,-1.828180000000000083e-01,-5.908440000000000358e-01,9.137520000000000087e-01,1.015759000000000079e+00,-7.693560000000000398e-01,-4.123330000000000051e-01,3.017130000000000090e-01,6.842369999999999841e-01,8.372469999999999635e-01,1.742049999999999987e-01,-1.063130000000000047e-01,-1.828180000000000083e-01,3.017130000000000090e-01,2.507099999999999884e-01,2.252079999999999915e-01,-1.318149999999999877e-01,1.997059999999999946e-01,-3.358280000000000154e-01,4.547229999999999883e-01,1.168768000000000029e+00,7.862440000000000540e-01,-1.100877000000000105e+00,-7.693560000000000398e-01,4.669600000000000140e-02,1.143267000000000033e+00,7.352410000000000334e-01,-1.763919000000000015e+00,-1.253886999999999974e+00,2.112328999999999901e+00,1.704302999999999901e+00,-4.633360000000000256e-01,5.567290000000000294e-01,5.822310000000000541e-01,-2.848249999999999948e-01,3.527159999999999740e-01,2.252079999999999915e-01,4.669600000000000140e-02,-1.063130000000000047e-01,-1.063130000000000047e-01,2.507099999999999884e-01,9.769999999999999518e-02,-5.530999999999999805e-02,-2.338210000000000011e-01,-5.143389999999999906e-01,1.487030000000000018e-01,6.332339999999999636e-01,-4.307000000000000065e-03,2.762109999999999843e-01,6.587359999999999882e-01,8.882499999999999840e-01,7.862440000000000540e-01,4.037189999999999945e-01,3.272140000000000049e-01,-5.908440000000000358e-01,-2.273951999999999973e+00,-1.483402000000000109e+00,7.219799999999999829e-02,1.831811000000000078e+00,1.219772000000000078e+00,5.057260000000000089e-01,1.372781000000000029e+00,9.902570000000000539e-01,2.252079999999999915e-01,7.219799999999999829e-02,-4.307000000000000065e-03,-8.081199999999999495e-02,-3.868309999999999804e-01,-3.613299999999999845e-01,-3.103259999999999907e-01,-4.123330000000000051e-01,-3.358280000000000154e-01,2.507099999999999884e-01,8.372469999999999635e-01,9.769999999999999518e-02,2.762109999999999843e-01,6.077320000000000499e-01,-5.653430000000000399e-01,5.567290000000000294e-01,1.997059999999999946e-01,-1.100877000000000105e+00,3.017130000000000090e-01,8.882499999999999840e-01,8.372469999999999635e-01,-1.573170000000000124e-01,8.882499999999999840e-01,2.252079999999999915e-01,-1.318149999999999877e-01,-4.307000000000000065e-03,2.119499999999999856e-02,-1.573170000000000124e-01,3.782179999999999986e-01,1.487030000000000018e-01,-4.888379999999999947e-01,2.507099999999999884e-01,5.822310000000000541e-01,-5.530999999999999805e-02,-2.980800000000000116e-02,3.017130000000000090e-01,4.292210000000000192e-01,-5.398410000000000153e-01,-5.530999999999999805e-02,1.742049999999999987e-01,4.802239999999999842e-01,7.352410000000000334e-01,-3.358280000000000154e-01,-1.406897000000000064e+00,7.352410000000000334e-01,9.647550000000000292e-01,-1.573170000000000124e-01,1.487030000000000018e-01,2.252079999999999915e-01,6.077320000000000499e-01,6.842369999999999841e-01,-4.307000000000000065e-03,4.802239999999999842e-01,1.997059999999999946e-01,3.527159999999999740e-01,3.017130000000000090e-01,4.669600000000000140e-02,-9.733690000000000397e-01,-4.378349999999999742e-01,-5.143389999999999906e-01,1.449286000000000074e+00,1.143267000000000033e+00,-4.123330000000000051e-01,-2.848249999999999948e-01,2.252079999999999915e-01,-5.653430000000000399e-01,4.037189999999999945e-01,1.959319000000000033e+00,3.527159999999999740e-01,-1.279387999999999970e+00,-3.613299999999999845e-01,9.769999999999999518e-02,1.232010000000000050e-01,5.057260000000000089e-01,7.097390000000000088e-01,-3.358280000000000154e-01,5.057260000000000089e-01,-8.081199999999999495e-02,7.219799999999999829e-02,2.762109999999999843e-01,1.487030000000000018e-01,2.507099999999999884e-01,2.252079999999999915e-01,-3.358280000000000154e-01,-2.083200000000000052e-01,3.782179999999999986e-01,3.272140000000000049e-01,4.547229999999999883e-01,1.232010000000000050e-01,-5.530999999999999805e-02,3.782179999999999986e-01,5.057260000000000089e-01,-1.508903000000000105e+00,-1.063130000000000047e-01,5.822310000000000541e-01,8.882499999999999840e-01,8.627489999999999881e-01,9.392540000000000333e-01,5.567290000000000294e-01,-1.228385000000000060e+00,1.232010000000000050e-01,3.782179999999999986e-01,-2.593230000000000257e-01,2.762109999999999843e-01,2.507099999999999884e-01,1.997059999999999946e-01,4.292210000000000192e-01,-4.123330000000000051e-01,-1.573170000000000124e-01,-1.318149999999999877e-01,2.252079999999999915e-01,6.077320000000000499e-01,4.037189999999999945e-01,3.272140000000000049e-01,4.802239999999999842e-01,1.487030000000000018e-01,-9.223660000000000192e-01,4.669600000000000140e-02,3.527159999999999740e-01,1.041260000000000074e+00,2.507099999999999884e-01,-5.908440000000000358e-01,4.037189999999999945e-01,-4.123330000000000051e-01,-4.888379999999999947e-01,4.669600000000000140e-02,-4.307000000000000065e-03,5.057260000000000089e-01,1.449286000000000074e+00,1.219772000000000078e+00,-5.398410000000000153e-01,-7.183530000000000193e-01,-6.928509999999999946e-01,7.219799999999999829e-02,1.092262999999999984e+00,8.372469999999999635e-01,-1.063130000000000047e-01,-2.848249999999999948e-01,-5.653430000000000399e-01,-8.713619999999999699e-01,1.219772000000000078e+00,6.077320000000000499e-01,3.782179999999999986e-01,1.997059999999999946e-01,2.507099999999999884e-01,1.742049999999999987e-01,4.669600000000000140e-02,7.219799999999999829e-02,9.769999999999999518e-02,-2.593230000000000257e-01,-8.081199999999999495e-02,2.119499999999999856e-02,4.669600000000000140e-02,1.487030000000000018e-01,-3.613299999999999845e-01,1.232010000000000050e-01,7.862440000000000540e-01,8.627489999999999881e-01,6.587359999999999882e-01,-1.865925999999999974e+00,-8.458609999999999740e-01,1.194269999999999943e+00,7.219799999999999829e-02,-9.988700000000000356e-01,3.782179999999999986e-01,1.704302999999999901e+00,1.525790999999999897e+00,1.015759000000000079e+00,2.252079999999999915e-01,-2.338210000000000011e-01,-2.593230000000000257e-01,-4.123330000000000051e-01,-2.083200000000000052e-01,-2.083200000000000052e-01,4.669600000000000140e-02,-8.081199999999999495e-02,-8.081199999999999495e-02,-1.063130000000000047e-01,-5.530999999999999805e-02,4.802239999999999842e-01,-5.530999999999999805e-02,4.292210000000000192e-01,-5.530999999999999805e-02,-4.378349999999999742e-01,5.057260000000000089e-01,2.762109999999999843e-01,1.602295999999999943e+00,3.782179999999999986e-01,-1.432398000000000060e+00,7.352410000000000334e-01,8.882499999999999840e-01,-3.358280000000000154e-01,-6.928509999999999946e-01,5.822310000000000541e-01,9.137520000000000087e-01,-8.203589999999999494e-01,-9.988700000000000356e-01,4.547229999999999883e-01,1.219772000000000078e+00,9.647550000000000292e-01,4.669600000000000140e-02,-1.828180000000000083e-01,3.527159999999999740e-01,3.272140000000000049e-01,7.219799999999999829e-02,-8.081199999999999495e-02,-1.318149999999999877e-01,2.252079999999999915e-01,-5.530999999999999805e-02,1.997059999999999946e-01,-3.868309999999999804e-01,-2.848249999999999948e-01,1.092262999999999984e+00,-4.307000000000000065e-03,-1.126379000000000019e+00,5.312280000000000335e-01,7.352410000000000334e-01,7.862440000000000540e-01,1.232010000000000050e-01,2.252079999999999915e-01,-3.613299999999999845e-01,3.782179999999999986e-01,4.292210000000000192e-01,5.567290000000000294e-01,-2.338210000000000011e-01,-1.318149999999999877e-01,2.252079999999999915e-01,1.551293000000000033e+00,-5.908440000000000358e-01,-2.426962000000000064e+00,-5.530999999999999805e-02,4.547229999999999883e-01,7.862440000000000540e-01,8.882499999999999840e-01,8.882499999999999840e-01,4.037189999999999945e-01,5.822310000000000541e-01,7.219799999999999829e-02,-2.593230000000000257e-01,7.219799999999999829e-02,-5.398410000000000153e-01,-5.530999999999999805e-02,1.232010000000000050e-01,-2.848249999999999948e-01,4.669600000000000140e-02,-5.530999999999999805e-02,9.392540000000000333e-01,7.607420000000000293e-01,-3.613299999999999845e-01,-6.928509999999999946e-01,1.015759000000000079e+00,7.862440000000000540e-01,4.037189999999999945e-01,-2.848249999999999948e-01,1.997059999999999946e-01,3.527159999999999740e-01,-5.398410000000000153e-01,-4.123330000000000051e-01,8.882499999999999840e-01,-2.848249999999999948e-01,-8.081199999999999495e-02,-3.868309999999999804e-01,2.119499999999999856e-02,9.392540000000000333e-01,7.097390000000000088e-01,-4.307000000000000065e-03,-2.848249999999999948e-01,4.802239999999999842e-01,5.822310000000000541e-01,-5.530999999999999805e-02,-3.103259999999999907e-01,4.802239999999999842e-01,6.077320000000000499e-01,-3.868309999999999804e-01,-2.848249999999999948e-01,3.272140000000000049e-01,2.252079999999999915e-01,-5.143389999999999906e-01,-5.530999999999999805e-02,9.647550000000000292e-01,1.168768000000000029e+00,-6.928509999999999946e-01,-1.202884000000000064e+00,-3.358280000000000154e-01,-1.828180000000000083e-01,7.607420000000000293e-01,1.219772000000000078e+00,8.117459999999999676e-01,3.527159999999999740e-01,7.097390000000000088e-01,-6.928509999999999946e-01,-7.948570000000000357e-01,-4.307000000000000065e-03,3.017130000000000090e-01,1.742049999999999987e-01,6.332339999999999636e-01,-1.318149999999999877e-01,-5.398410000000000153e-01,-5.908440000000000358e-01,-4.378349999999999742e-01,8.882499999999999840e-01,4.292210000000000192e-01,7.352410000000000334e-01,1.245273000000000074e+00,-3.358280000000000154e-01,-2.593230000000000257e-01,1.232010000000000050e-01,4.292210000000000192e-01,4.292210000000000192e-01,1.232010000000000050e-01,-1.063130000000000047e-01,-5.653430000000000399e-01,1.487030000000000018e-01,2.762109999999999843e-01,-2.338210000000000011e-01,1.742049999999999987e-01,2.762109999999999843e-01,-3.358280000000000154e-01,6.077320000000000499e-01,-5.143389999999999906e-01,1.997059999999999946e-01,4.037189999999999945e-01,8.372469999999999635e-01,-8.713619999999999699e-01,-1.100877000000000105e+00,1.487030000000000018e-01,1.219772000000000078e+00,1.117764999999999898e+00,5.312280000000000335e-01,8.372469999999999635e-01,1.487030000000000018e-01,-1.151880000000000015e+00,2.507099999999999884e-01,-8.081199999999999495e-02,-6.163459999999999495e-01,1.487030000000000018e-01,5.822310000000000541e-01,3.272140000000000049e-01,1.997059999999999946e-01,-3.868309999999999804e-01,-1.573170000000000124e-01,1.232010000000000050e-01,4.037189999999999945e-01,6.332339999999999636e-01,2.507099999999999884e-01,5.057260000000000089e-01,9.769999999999999518e-02,-8.458609999999999740e-01,-2.980800000000000116e-02,1.041260000000000074e+00,2.252079999999999915e-01,-1.318149999999999877e-01,2.762109999999999843e-01,3.017130000000000090e-01,2.252079999999999915e-01,6.842369999999999841e-01,6.587359999999999882e-01,-6.163459999999999495e-01,-8.968639999999999946e-01,-6.928509999999999946e-01,4.669600000000000140e-02,-1.828180000000000083e-01,8.372469999999999635e-01,1.704302999999999901e+00,6.332339999999999636e-01,6.332339999999999636e-01,-6.163459999999999495e-01,-1.063130000000000047e-01,-3.358280000000000154e-01,2.762109999999999843e-01,2.252079999999999915e-01,-7.948570000000000357e-01,-1.126379000000000019e+00,1.347280000000000033e+00,1.066761999999999988e+00,-3.358280000000000154e-01,6.587359999999999882e-01,7.352410000000000334e-01,3.272140000000000049e-01,7.219799999999999829e-02,-3.358280000000000154e-01,-5.908440000000000358e-01,-5.398410000000000153e-01,8.372469999999999635e-01,5.057260000000000089e-01,2.762109999999999843e-01,5.312280000000000335e-01,6.842369999999999841e-01,-8.968639999999999946e-01,-7.183530000000000193e-01,1.742049999999999987e-01,7.352410000000000334e-01,1.474787999999999988e+00,4.547229999999999883e-01,-7.693560000000000398e-01,-9.988700000000000356e-01,8.882499999999999840e-01,3.527159999999999740e-01,-1.253886999999999974e+00,5.312280000000000335e-01,2.252079999999999915e-01,-7.438540000000000152e-01,7.862440000000000540e-01,5.822310000000000541e-01,1.742049999999999987e-01,5.057260000000000089e-01,1.551293000000000033e+00,4.547229999999999883e-01,-2.338210000000000011e-01,-2.083200000000000052e-01,-1.573170000000000124e-01,-5.908440000000000358e-01,-9.733690000000000397e-01,4.037189999999999945e-01,7.219799999999999829e-02,-4.888379999999999947e-01,5.567290000000000294e-01,1.015759000000000079e+00,-5.143389999999999906e-01,1.041260000000000074e+00,-2.980800000000000116e-02,3.017130000000000090e-01,1.232010000000000050e-01,9.137520000000000087e-01,3.017130000000000090e-01,-2.980800000000000116e-02,2.507099999999999884e-01,-1.573170000000000124e-01,2.119499999999999856e-02,-6.418479999999999741e-01,-2.593230000000000257e-01,1.041260000000000074e+00,-1.828180000000000083e-01,-1.789420999999999928e+00,-1.573170000000000124e-01,1.755306000000000033e+00,1.347280000000000033e+00,6.587359999999999882e-01,2.252079999999999915e-01,4.802239999999999842e-01,-1.318149999999999877e-01,-2.848249999999999948e-01,-1.687415000000000109e+00,-3.103259999999999907e-01,6.077320000000000499e-01,1.500289999999999901e+00,3.017130000000000090e-01,-8.203589999999999494e-01,-3.358280000000000154e-01,8.117459999999999676e-01,1.742049999999999987e-01,9.769999999999999518e-02,3.017130000000000090e-01,-8.081199999999999495e-02,2.252079999999999915e-01,1.092262999999999984e+00,4.547229999999999883e-01,-8.968639999999999946e-01,-2.338210000000000011e-01,8.882499999999999840e-01,-3.103259999999999907e-01,-3.103259999999999907e-01,-8.081199999999999495e-02,9.137520000000000087e-01,6.842369999999999841e-01,3.782179999999999986e-01,-1.828180000000000083e-01,-4.888379999999999947e-01,-2.338210000000000011e-01,1.194269999999999943e+00,-9.988700000000000356e-01,-9.988700000000000356e-01,9.137520000000000087e-01,3.017130000000000090e-01,3.272140000000000049e-01,6.332339999999999636e-01,5.822310000000000541e-01,2.762109999999999843e-01,2.507099999999999884e-01,-2.980800000000000116e-02,-2.338210000000000011e-01,-4.307000000000000065e-03,3.017130000000000090e-01,-1.049873999999999974e+00,8.117459999999999676e-01,4.669600000000000140e-02,-6.928509999999999946e-01,1.232010000000000050e-01,1.806308999999999942e+00,5.822310000000000541e-01,-4.378349999999999742e-01,2.119499999999999856e-02,1.487030000000000018e-01,3.527159999999999740e-01,9.769999999999999518e-02,6.842369999999999841e-01,4.669600000000000140e-02,-7.183530000000000193e-01,9.769999999999999518e-02,1.742049999999999987e-01,1.997059999999999946e-01,2.762109999999999843e-01,7.219799999999999829e-02,1.742049999999999987e-01,-1.828180000000000083e-01,3.527159999999999740e-01,3.527159999999999740e-01,4.037189999999999945e-01,3.782179999999999986e-01,-8.081199999999999495e-02,-3.103259999999999907e-01,-7.183530000000000193e-01,-8.081199999999999495e-02,2.252079999999999915e-01,-5.653430000000000399e-01,9.769999999999999518e-02,1.296276999999999902e+00,1.168768000000000029e+00,1.092262999999999984e+00,7.219799999999999829e-02,-6.673489999999999700e-01,-2.083200000000000052e-01,2.762109999999999843e-01,2.119499999999999856e-02,-3.358280000000000154e-01,-2.083200000000000052e-01,2.252079999999999915e-01,-4.307000000000000065e-03,1.742049999999999987e-01,1.742049999999999987e-01,-4.307000000000000065e-03,6.077320000000000499e-01,9.902570000000000539e-01,-1.100877000000000105e+00,-4.123330000000000051e-01,9.769999999999999518e-02,1.347280000000000033e+00,7.862440000000000540e-01,-8.713619999999999699e-01,4.292210000000000192e-01,4.037189999999999945e-01,-9.988700000000000356e-01,3.017130000000000090e-01,5.822310000000000541e-01,6.332339999999999636e-01,4.292210000000000192e-01,3.272140000000000049e-01,2.119499999999999856e-02,7.219799999999999829e-02,7.219799999999999829e-02,-1.573170000000000124e-01,-5.398410000000000153e-01,-5.530999999999999805e-02,4.669600000000000140e-02,2.507099999999999884e-01,2.252079999999999915e-01,2.762109999999999843e-01,2.252079999999999915e-01,3.272140000000000049e-01,4.292210000000000192e-01,-7.183530000000000193e-01,5.312280000000000335e-01,-2.980800000000000116e-02,-1.100877000000000105e+00,7.352410000000000334e-01,8.627489999999999881e-01,2.119499999999999856e-02,4.802239999999999842e-01,5.822310000000000541e-01,6.332339999999999636e-01,1.487030000000000018e-01,-4.123330000000000051e-01,-5.530999999999999805e-02,7.219799999999999829e-02,-4.378349999999999742e-01,-1.063130000000000047e-01,-2.593230000000000257e-01,5.312280000000000335e-01,7.862440000000000540e-01,6.332339999999999636e-01,4.802239999999999842e-01,9.769999999999999518e-02,-2.338210000000000011e-01,9.769999999999999518e-02,-2.083200000000000052e-01,-8.081199999999999495e-02,9.769999999999999518e-02,6.077320000000000499e-01,1.742049999999999987e-01,-6.163459999999999495e-01,-1.573170000000000124e-01,3.272140000000000049e-01,2.507099999999999884e-01,7.862440000000000540e-01,7.352410000000000334e-01,4.292210000000000192e-01,1.232010000000000050e-01,-8.968639999999999946e-01,1.997059999999999946e-01,-1.573170000000000124e-01,3.782179999999999986e-01,-1.063130000000000047e-01,1.066761999999999988e+00,9.769999999999999518e-02,-8.081199999999999495e-02,3.782179999999999986e-01,3.527159999999999740e-01,-4.307000000000000065e-03,-1.573170000000000124e-01,-5.530999999999999805e-02,-5.530999999999999805e-02,-8.081199999999999495e-02,-8.081199999999999495e-02,2.119499999999999856e-02,-5.530999999999999805e-02,4.547229999999999883e-01,9.647550000000000292e-01,2.119499999999999856e-02,-1.024372000000000060e+00,8.372469999999999635e-01,1.296276999999999902e+00,-9.988700000000000356e-01,-3.868309999999999804e-01,7.219799999999999829e-02,3.272140000000000049e-01,2.252079999999999915e-01,4.802239999999999842e-01,7.607420000000000293e-01,4.292210000000000192e-01,-2.980800000000000116e-02,-2.980800000000000116e-02,-2.980800000000000116e-02,-1.318149999999999877e-01,-1.318149999999999877e-01,5.057260000000000089e-01,-2.083200000000000052e-01,-4.378349999999999742e-01,4.037189999999999945e-01,6.587359999999999882e-01,4.292210000000000192e-01,2.762109999999999843e-01,1.742049999999999987e-01,-1.318149999999999877e-01,-4.123330000000000051e-01,6.587359999999999882e-01,8.372469999999999635e-01,2.252079999999999915e-01,-1.967932999999999932e+00,5.312280000000000335e-01,2.762109999999999843e-01,9.392540000000000333e-01,8.882499999999999840e-01,-7.693560000000000398e-01,5.312280000000000335e-01,6.077320000000000499e-01,2.119499999999999856e-02,-2.848249999999999948e-01,2.762109999999999843e-01,2.507099999999999884e-01,9.392540000000000333e-01,-5.908440000000000358e-01,-1.126379000000000019e+00,-5.530999999999999805e-02,-8.081199999999999495e-02,7.219799999999999829e-02,5.567290000000000294e-01,1.270774999999999988e+00,1.092262999999999984e+00,-8.968639999999999946e-01,-1.100877000000000105e+00,8.117459999999999676e-01,2.119499999999999856e-02,-2.980800000000000116e-02,3.017130000000000090e-01,5.312280000000000335e-01,1.092262999999999984e+00,8.627489999999999881e-01,4.292210000000000192e-01,-4.888379999999999947e-01,-1.075374999999999970e+00,-4.378349999999999742e-01,-3.868309999999999804e-01,-4.888379999999999947e-01,5.567290000000000294e-01,7.607420000000000293e-01,-1.063130000000000047e-01,3.527159999999999740e-01,6.332339999999999636e-01,4.292210000000000192e-01,4.292210000000000192e-01,6.077320000000000499e-01,-5.653430000000000399e-01,-2.593230000000000257e-01,-2.338210000000000011e-01,-5.398410000000000153e-01,6.587359999999999882e-01,5.822310000000000541e-01,8.372469999999999635e-01,-4.123330000000000051e-01,-6.163459999999999495e-01,4.292210000000000192e-01,1.742049999999999987e-01,5.822310000000000541e-01,5.312280000000000335e-01,9.769999999999999518e-02,1.487030000000000018e-01,-2.338210000000000011e-01,2.762109999999999843e-01,3.527159999999999740e-01,4.802239999999999842e-01,-4.378349999999999742e-01,-8.713619999999999699e-01,3.527159999999999740e-01,1.232010000000000050e-01,1.487030000000000018e-01,4.037189999999999945e-01,1.742049999999999987e-01,5.822310000000000541e-01,7.219799999999999829e-02,3.272140000000000049e-01,-2.980800000000000116e-02,-8.081199999999999495e-02,2.762109999999999843e-01,3.272140000000000049e-01,6.332339999999999636e-01,-8.968639999999999946e-01,-4.123330000000000051e-01,1.117764999999999898e+00,5.822310000000000541e-01,1.487030000000000018e-01,-1.828180000000000083e-01,5.567290000000000294e-01,5.312280000000000335e-01,4.037189999999999945e-01,-7.693560000000000398e-01,-7.693560000000000398e-01,2.252079999999999915e-01,5.312280000000000335e-01,2.507099999999999884e-01,6.332339999999999636e-01,3.272140000000000049e-01,-4.378349999999999742e-01,-2.593230000000000257e-01,6.842369999999999841e-01,4.292210000000000192e-01,-4.307000000000000065e-03,-5.530999999999999805e-02,8.882499999999999840e-01,-3.868309999999999804e-01,-1.828180000000000083e-01,4.669600000000000140e-02,7.607420000000000293e-01,-2.980800000000000116e-02,-4.888379999999999947e-01,4.802239999999999842e-01,-4.307000000000000065e-03,-2.338210000000000011e-01,2.762109999999999843e-01,-4.307000000000000065e-03,6.077320000000000499e-01,9.137520000000000087e-01,9.137520000000000087e-01,2.507099999999999884e-01,-8.968639999999999946e-01,-1.355893000000000015e+00,9.769999999999999518e-02,1.092262999999999984e+00,4.292210000000000192e-01,-2.980800000000000116e-02,4.547229999999999883e-01,7.097390000000000088e-01,-2.593230000000000257e-01,-1.891428000000000109e+00,-7.948570000000000357e-01,1.576794999999999947e+00,1.092262999999999984e+00,1.219772000000000078e+00,3.527159999999999740e-01,-2.593230000000000257e-01,-2.848249999999999948e-01,-1.318149999999999877e-01,3.272140000000000049e-01,2.252079999999999915e-01,-7.183530000000000193e-01,-9.478670000000000151e-01,9.647550000000000292e-01,-1.063130000000000047e-01,4.547229999999999883e-01,1.015759000000000079e+00,1.487030000000000018e-01,-2.338210000000000011e-01,7.219799999999999829e-02,4.292210000000000192e-01,1.742049999999999987e-01,1.997059999999999946e-01,3.017130000000000090e-01,5.057260000000000089e-01,2.762109999999999843e-01,3.017130000000000090e-01,1.997059999999999946e-01,-4.378349999999999742e-01,-6.163459999999999495e-01,-8.713619999999999699e-01,1.194269999999999943e+00,-6.928509999999999946e-01,-2.338210000000000011e-01,1.245273000000000074e+00,4.669600000000000140e-02,7.219799999999999829e-02,1.219772000000000078e+00,-8.081199999999999495e-02,6.842369999999999841e-01,7.607420000000000293e-01,-1.177381999999999929e+00,-4.633360000000000256e-01,2.252079999999999915e-01,4.802239999999999842e-01,-3.358280000000000154e-01,2.762109999999999843e-01,7.219799999999999829e-02,3.272140000000000049e-01,2.762109999999999843e-01,-6.928509999999999946e-01,6.587359999999999882e-01,6.842369999999999841e-01,2.119499999999999856e-02,3.017130000000000090e-01,3.527159999999999740e-01,-4.307000000000000065e-03,-2.848249999999999948e-01,9.769999999999999518e-02,1.232010000000000050e-01,7.862440000000000540e-01,-5.143389999999999906e-01,-6.418479999999999741e-01,7.862440000000000540e-01,8.117459999999999676e-01,-4.123330000000000051e-01,-6.928509999999999946e-01,9.769999999999999518e-02,1.015759000000000079e+00,3.527159999999999740e-01,2.252079999999999915e-01,-3.868309999999999804e-01,-3.103259999999999907e-01,1.742049999999999987e-01,1.092262999999999984e+00,3.782179999999999986e-01,6.077320000000000499e-01,-2.848249999999999948e-01,-2.593230000000000257e-01,3.017130000000000090e-01,-1.573170000000000124e-01,-3.613299999999999845e-01,4.547229999999999883e-01,6.077320000000000499e-01,-5.653430000000000399e-01,-7.948570000000000357e-01,3.527159999999999740e-01,1.487030000000000018e-01,5.312280000000000335e-01,7.352410000000000334e-01,-2.338210000000000011e-01,6.842369999999999841e-01,6.842369999999999841e-01,-8.081199999999999495e-02,4.802239999999999842e-01,3.272140000000000049e-01,-7.693560000000000398e-01,-1.063130000000000047e-01,5.312280000000000335e-01,-5.653430000000000399e-01,2.119499999999999856e-02,2.119499999999999856e-02,-2.980800000000000116e-02,9.647550000000000292e-01,3.527159999999999740e-01,-1.483402000000000109e+00,-1.304890000000000105e+00,9.392540000000000333e-01,1.194269999999999943e+00,2.252079999999999915e-01,1.041260000000000074e+00,4.292210000000000192e-01,2.762109999999999843e-01,1.232010000000000050e-01,-2.848249999999999948e-01,-1.202884000000000064e+00,-3.613299999999999845e-01,1.015759000000000079e+00,4.037189999999999945e-01,-8.203589999999999494e-01,5.312280000000000335e-01,7.352410000000000334e-01,-2.593230000000000257e-01,1.487030000000000018e-01,1.015759000000000079e+00,1.653299000000000074e+00,-3.103259999999999907e-01,-1.075374999999999970e+00,-1.967932999999999932e+00,4.802239999999999842e-01,9.392540000000000333e-01,-2.848249999999999948e-01,6.842369999999999841e-01,1.117764999999999898e+00,-4.307000000000000065e-03,-3.358280000000000154e-01,1.487030000000000018e-01,8.882499999999999840e-01,4.292210000000000192e-01,-6.418479999999999741e-01,2.119499999999999856e-02,-1.063130000000000047e-01,8.372469999999999635e-01,-5.398410000000000153e-01,-5.143389999999999906e-01,-5.530999999999999805e-02,1.500289999999999901e+00,1.092262999999999984e+00,-1.126379000000000019e+00,-2.426962000000000064e+00,7.607420000000000293e-01,1.398282999999999943e+00,1.168768000000000029e+00,1.143267000000000033e+00,-4.123330000000000051e-01,-1.126379000000000019e+00,5.567290000000000294e-01,4.547229999999999883e-01,-1.318149999999999877e-01,-1.063130000000000047e-01,1.232010000000000050e-01,2.507099999999999884e-01,7.352410000000000334e-01,1.194269999999999943e+00,1.232010000000000050e-01,-1.712916000000000105e+00,-5.653430000000000399e-01,7.097390000000000088e-01,9.647550000000000292e-01,-8.081199999999999495e-02,7.219799999999999829e-02,8.372469999999999635e-01,9.769999999999999518e-02,-4.633360000000000256e-01,7.352410000000000334e-01,-2.338210000000000011e-01,-6.163459999999999495e-01,8.627489999999999881e-01,7.607420000000000293e-01,-2.980800000000000116e-02,1.232010000000000050e-01,-5.398410000000000153e-01,1.997059999999999946e-01,-5.530999999999999805e-02,-2.732981999999999800e+00,6.332339999999999636e-01,1.245273000000000074e+00,1.500289999999999901e+00,6.077320000000000499e-01,4.669600000000000140e-02,1.449286000000000074e+00,3.527159999999999740e-01,-1.457899999999999974e+00,-3.868309999999999804e-01,9.769999999999999518e-02,2.762109999999999843e-01,1.997059999999999946e-01,4.292210000000000192e-01,-5.143389999999999906e-01,-1.318149999999999877e-01,-8.968639999999999946e-01,-3.868309999999999804e-01,7.097390000000000088e-01,1.194269999999999943e+00,5.312280000000000335e-01,1.092262999999999984e+00,4.292210000000000192e-01,-5.143389999999999906e-01,-9.478670000000000151e-01,2.762109999999999843e-01,7.352410000000000334e-01,5.312280000000000335e-01,1.742049999999999987e-01,4.669600000000000140e-02,-2.848249999999999948e-01,1.742049999999999987e-01,4.037189999999999945e-01,3.782179999999999986e-01,-1.457899999999999974e+00,-1.942431000000000019e+00,9.137520000000000087e-01,2.724368000000000123e+00,2.252079999999999915e-01,-1.508903000000000105e+00,1.742049999999999987e-01,-6.928509999999999946e-01,2.762109999999999843e-01,8.882499999999999840e-01,9.647550000000000292e-01,2.252079999999999915e-01,-5.530999999999999805e-02,4.669600000000000140e-02,1.015759000000000079e+00,3.017130000000000090e-01,1.041260000000000074e+00,3.272140000000000049e-01,-3.868309999999999804e-01,-2.980800000000000116e-02,-1.063130000000000047e-01,-8.713619999999999699e-01,-1.126379000000000019e+00,-1.828180000000000083e-01,5.312280000000000335e-01,7.097390000000000088e-01,2.119499999999999856e-02,-8.081199999999999495e-02,7.352410000000000334e-01,9.769999999999999518e-02,1.831811000000000078e+00,4.547229999999999883e-01,-1.279387999999999970e+00,-5.143389999999999906e-01,1.742049999999999987e-01,1.015759000000000079e+00,8.372469999999999635e-01,4.802239999999999842e-01,2.252079999999999915e-01,-8.968639999999999946e-01,-8.713619999999999699e-01,2.762109999999999843e-01,1.232010000000000050e-01,-7.183530000000000193e-01,3.017130000000000090e-01,7.219799999999999829e-02,3.782179999999999986e-01,8.117459999999999676e-01,6.587359999999999882e-01,-6.163459999999999495e-01,-6.673489999999999700e-01,7.219799999999999829e-02,8.372469999999999635e-01,4.037189999999999945e-01,6.842369999999999841e-01,6.077320000000000499e-01,-3.613299999999999845e-01,-6.928509999999999946e-01,4.669600000000000140e-02,2.507099999999999884e-01,5.057260000000000089e-01,-1.573170000000000124e-01,-6.163459999999999495e-01,-5.143389999999999906e-01,2.507099999999999884e-01,1.092262999999999984e+00,6.077320000000000499e-01,7.862440000000000540e-01,1.232010000000000050e-01,8.372469999999999635e-01,1.997059999999999946e-01,-1.508903000000000105e+00,-9.478670000000000151e-01,8.372469999999999635e-01,7.097390000000000088e-01,-3.613299999999999845e-01,-4.633360000000000256e-01,1.449286000000000074e+00,6.842369999999999841e-01,-6.418479999999999741e-01,-1.738418000000000019e+00,6.842369999999999841e-01,5.057260000000000089e-01,1.168768000000000029e+00,9.902570000000000539e-01,-2.980800000000000116e-02,2.119499999999999856e-02,6.587359999999999882e-01,-1.828180000000000083e-01,-4.307000000000000065e-03,-5.398410000000000153e-01,-2.980800000000000116e-02,-1.828180000000000083e-01,-4.888379999999999947e-01,1.997059999999999946e-01,5.312280000000000335e-01,1.487030000000000018e-01,1.232010000000000050e-01,9.769999999999999518e-02,3.782179999999999986e-01,1.245273000000000074e+00,1.245273000000000074e+00,-2.273951999999999973e+00,-9.478670000000000151e-01,3.272140000000000049e-01,8.627489999999999881e-01,8.372469999999999635e-01,6.587359999999999882e-01,1.015759000000000079e+00,4.292210000000000192e-01,-9.988700000000000356e-01,-6.928509999999999946e-01,2.119499999999999856e-02,3.272140000000000049e-01,3.782179999999999986e-01,5.312280000000000335e-01,-2.083200000000000052e-01,6.077320000000000499e-01,-5.530999999999999805e-02,-2.980800000000000116e-02,6.332339999999999636e-01,-2.980800000000000116e-02,-1.534405000000000019e+00,-3.868309999999999804e-01,2.507099999999999884e-01,8.882499999999999840e-01,5.312280000000000335e-01,1.398282999999999943e+00,1.742049999999999987e-01,-7.438540000000000152e-01,-1.228385000000000060e+00,-3.868309999999999804e-01,1.168768000000000029e+00,6.077320000000000499e-01,4.292210000000000192e-01,1.997059999999999946e-01,1.742049999999999987e-01,3.017130000000000090e-01,9.769999999999999518e-02,1.997059999999999946e-01,-1.828180000000000083e-01,-2.593230000000000257e-01,-1.318149999999999877e-01,-1.318149999999999877e-01,-2.848249999999999948e-01,1.347280000000000033e+00,-2.338210000000000011e-01,1.742049999999999987e-01,-2.980800000000000116e-02,-6.163459999999999495e-01,-3.103259999999999907e-01,-6.928509999999999946e-01,1.270774999999999988e+00,6.587359999999999882e-01,6.842369999999999841e-01,5.312280000000000335e-01,-4.307000000000000065e-03,2.119499999999999856e-02,4.037189999999999945e-01,1.232010000000000050e-01,-3.868309999999999804e-01,-2.338210000000000011e-01,1.742049999999999987e-01,9.769999999999999518e-02,-3.103259999999999907e-01,-1.063130000000000047e-01,-1.063130000000000047e-01,7.097390000000000088e-01,5.057260000000000089e-01,1.143267000000000033e+00,-2.338210000000000011e-01,-5.908440000000000358e-01,-3.358280000000000154e-01,3.527159999999999740e-01,4.292210000000000192e-01,7.352410000000000334e-01,2.762109999999999843e-01,2.252079999999999915e-01,4.292210000000000192e-01,2.762109999999999843e-01,-1.126379000000000019e+00,-1.585407999999999928e+00,-3.358280000000000154e-01,8.117459999999999676e-01,1.321777999999999897e+00,1.117764999999999898e+00,6.332339999999999636e-01,5.057260000000000089e-01,6.077320000000000499e-01,-1.610910000000000064e+00,-1.916929000000000105e+00,4.292210000000000192e-01,1.602295999999999943e+00,1.194269999999999943e+00,-3.103259999999999907e-01,1.742049999999999987e-01,2.762109999999999843e-01,9.392540000000000333e-01,5.567290000000000294e-01,-8.713619999999999699e-01,-1.661912999999999974e+00,2.119499999999999856e-02,7.097390000000000088e-01,1.997059999999999946e-01,-4.307000000000000065e-03,2.762109999999999843e-01,9.902570000000000539e-01,4.037189999999999945e-01,-5.530999999999999805e-02,6.332339999999999636e-01,3.017130000000000090e-01,9.769999999999999518e-02,-1.828180000000000083e-01,-6.928509999999999946e-01,-6.418479999999999741e-01,4.802239999999999842e-01,1.487030000000000018e-01,6.842369999999999841e-01,2.252079999999999915e-01,3.017130000000000090e-01,7.607420000000000293e-01,-9.478670000000000151e-01,-8.713619999999999699e-01,-2.980800000000000116e-02,6.077320000000000499e-01,9.392540000000000333e-01,1.066761999999999988e+00,4.547229999999999883e-01,-2.848249999999999948e-01,2.507099999999999884e-01,-8.081199999999999495e-02,-6.163459999999999495e-01,-1.828180000000000083e-01,2.119499999999999856e-02,-6.673489999999999700e-01,1.168768000000000029e+00,1.092262999999999984e+00,5.057260000000000089e-01,2.252079999999999915e-01,1.487030000000000018e-01,1.487030000000000018e-01,1.997059999999999946e-01,1.487030000000000018e-01,-1.573170000000000124e-01,-8.203589999999999494e-01,-1.814923000000000064e+00,-4.888379999999999947e-01,6.077320000000000499e-01,1.117764999999999898e+00,1.092262999999999984e+00,-1.024372000000000060e+00,-6.673489999999999700e-01,1.270774999999999988e+00,1.398282999999999943e+00,3.272140000000000049e-01,4.547229999999999883e-01,4.037189999999999945e-01,6.332339999999999636e-01,3.017130000000000090e-01,7.862440000000000540e-01,-1.828180000000000083e-01,-7.183530000000000193e-01,-5.653430000000000399e-01,-6.163459999999999495e-01,-1.573170000000000124e-01,-2.083200000000000052e-01,3.272140000000000049e-01,7.862440000000000540e-01,-5.530999999999999805e-02,-2.980800000000000116e-02,4.547229999999999883e-01,2.507099999999999884e-01,2.119499999999999856e-02,2.119499999999999856e-02,1.270774999999999988e+00,-2.338210000000000011e-01,-1.828180000000000083e-01,1.143267000000000033e+00,8.627489999999999881e-01,1.015759000000000079e+00,-2.528967999999999883e+00,-9.988700000000000356e-01,7.607420000000000293e-01,6.587359999999999882e-01,3.782179999999999986e-01,1.423785000000000078e+00,-6.673489999999999700e-01,6.077320000000000499e-01,5.057260000000000089e-01,-1.100877000000000105e+00,-9.988700000000000356e-01,9.902570000000000539e-01,9.902570000000000539e-01,1.997059999999999946e-01,5.822310000000000541e-01,-2.083200000000000052e-01,9.647550000000000292e-01,3.017130000000000090e-01,-2.069939000000000195e+00,-1.202884000000000064e+00,3.527159999999999740e-01,8.627489999999999881e-01,1.372781000000000029e+00,1.117764999999999898e+00,-2.338210000000000011e-01,-4.888379999999999947e-01,4.037189999999999945e-01,3.017130000000000090e-01,-2.593230000000000257e-01,6.332339999999999636e-01,5.057260000000000089e-01,-3.613299999999999845e-01,-2.848249999999999948e-01,-1.049873999999999974e+00,-2.083200000000000052e-01,8.117459999999999676e-01,9.647550000000000292e-01,2.507099999999999884e-01,4.292210000000000192e-01,3.782179999999999986e-01,1.487030000000000018e-01,1.997059999999999946e-01,3.527159999999999740e-01,-3.613299999999999845e-01,-9.478670000000000151e-01,-8.081199999999999495e-02,8.372469999999999635e-01,1.997059999999999946e-01,-4.123330000000000051e-01,2.469352000000000213e+00,-3.103259999999999907e-01,-2.248451000000000199e+00,-3.868309999999999804e-01,7.607420000000000293e-01,9.647550000000000292e-01,1.194269999999999943e+00,1.729803999999999897e+00,2.507099999999999884e-01,-5.908440000000000358e-01,-5.398410000000000153e-01,-8.081199999999999495e-02,2.762109999999999843e-01,7.352410000000000334e-01,1.997059999999999946e-01,-4.633360000000000256e-01,-2.848249999999999948e-01,-4.307000000000000065e-03,5.822310000000000541e-01,2.762109999999999843e-01,1.487030000000000018e-01,-4.307000000000000065e-03,2.119499999999999856e-02,1.372781000000000029e+00,2.762109999999999843e-01,-1.585407999999999928e+00,-5.530999999999999805e-02,5.822310000000000541e-01,5.312280000000000335e-01,5.312280000000000335e-01,4.292210000000000192e-01,5.822310000000000541e-01,-7.948570000000000357e-01,-7.693560000000000398e-01,7.352410000000000334e-01,4.292210000000000192e-01,4.802239999999999842e-01,2.119499999999999856e-02,-2.593230000000000257e-01,2.119499999999999856e-02,8.372469999999999635e-01,4.292210000000000192e-01,-1.355893000000000015e+00,7.219799999999999829e-02,7.219799999999999829e-02,-5.143389999999999906e-01,1.997059999999999946e-01,7.352410000000000334e-01,1.245273000000000074e+00,1.653299000000000074e+00,4.037189999999999945e-01,-1.432398000000000060e+00,-4.633360000000000256e-01,2.252079999999999915e-01,-5.398410000000000153e-01,-1.573170000000000124e-01,5.057260000000000089e-01,1.232010000000000050e-01,1.997059999999999946e-01,1.576794999999999947e+00,6.332339999999999636e-01,-7.948570000000000357e-01,-5.653430000000000399e-01,-5.908440000000000358e-01,1.997059999999999946e-01,5.822310000000000541e-01,1.015759000000000079e+00,-7.438540000000000152e-01,9.647550000000000292e-01,3.272140000000000049e-01,-2.069939000000000195e+00,-1.304890000000000105e+00,7.862440000000000540e-01,7.862440000000000540e-01,9.392540000000000333e-01,1.270774999999999988e+00,-6.163459999999999495e-01,4.547229999999999883e-01,2.119499999999999856e-02
1.232010000000000050e-01,1.487030000000000018e-01,1.487030000000000018e-01,1.232010000000000050e-01,-4.307000000000000065e-03,-1.573170000000000124e-01,-2.980800000000000116e-02,1.742049999999999987e-01,1.997059999999999946e-01,2.507099999999999884e-01,4.292210000000000192e-01,3.527159999999999740e-01,3.272140000000000049e-01,4.669600000000000140e-02,-1.063130000000000047e-01,-1.318149999999999877e-01,-5.530999999999999805e-02,-8.081199999999999495e-02,1.742049999999999987e-01,3.017130000000000090e-01,2.252079999999999915e-01,1.487030000000000018e-01,2.507099999999999884e-01,3.272140000000000049e-01,3.527159999999999740e-01,4.669600000000000140e-02,-2.980800000000000116e-02,7.219799999999999829e-02,1.742049999999999987e-01,9.769999999999999518e-02,1.997059999999999946e-01,2.762109999999999843e-01,2.252079999999999915e-01,1.232010000000000050e-01,1.232010000000000050e-01,9.769999999999999518e-02,9.769999999999999518e-02,-2.980800000000000116e-02,7.219799999999999829e-02,9.769999999999999518e-02,3.782179999999999986e-01,4.037189999999999945e-01,2.762109999999999843e-01,1.232010000000000050e-01,2.119499999999999856e-02,-2.980800000000000116e-02,2.119499999999999856e-02,7.219799999999999829e-02,2.507099999999999884e-01,1.487030000000000018e-01,2.252079999999999915e-01,1.487030000000000018e-01,1.742049999999999987e-01,2.252079999999999915e-01,2.119499999999999856e-02,2.119499999999999856e-02,3.017130000000000090e-01,3.527159999999999740e-01,2.252079999999999915e-01,-2.980800000000000116e-02,4.292210000000000192e-01,9.769999999999999518e-02,9.769999999999999518e-02,-2.980800000000000116e-02,1.742049999999999987e-01,-5.530999999999999805e-02,3.527159999999999740e-01,-2.980800000000000116e-02,-8.081199999999999495e-02,-3.613299999999999845e-01,4.292210000000000192e-01,3.272140000000000049e-01,4.292210000000000192e-01,5.567290000000000294e-01,4.802239999999999842e-01,5.057260000000000089e-01,-1.063130000000000047e-01,3.782179999999999986e-01,-4.123330000000000051e-01,-2.980800000000000116e-02,-4.307000000000000065e-03,3.017130000000000090e-01,-6.673489999999999700e-01,-4.888379999999999947e-01,-4.307000000000000065e-03,7.352410000000000334e-01,7.862440000000000540e-01,5.312280000000000335e-01,8.372469999999999635e-01,-2.980800000000000116e-02,-4.633360000000000256e-01,7.219799999999999829e-02,3.272140000000000049e-01,9.769999999999999518e-02,-5.530999999999999805e-02,1.997059999999999946e-01,2.252079999999999915e-01,1.997059999999999946e-01,-2.980800000000000116e-02,4.547229999999999883e-01,3.782179999999999986e-01,-3.868309999999999804e-01,-5.653430000000000399e-01,-4.123330000000000051e-01,7.097390000000000088e-01,5.312280000000000335e-01,4.292210000000000192e-01,3.782179999999999986e-01,5.057260000000000089e-01,1.015759000000000079e+00,3.527159999999999740e-01,-1.330392000000000019e+00,-1.763919000000000015e+00,1.487030000000000018e-01,1.092262999999999984e+00,1.780807999999999947e+00,4.802239999999999842e-01,1.742049999999999987e-01,-5.143389999999999906e-01,-2.980800000000000116e-02,-2.848249999999999948e-01,6.842369999999999841e-01,8.372469999999999635e-01,-2.018936000000000064e+00,-3.868309999999999804e-01,4.037189999999999945e-01,9.137520000000000087e-01,2.137830000000000119e+00,-2.593230000000000257e-01,-1.126379000000000019e+00,9.647550000000000292e-01,3.527159999999999740e-01,-6.163459999999999495e-01,-1.828180000000000083e-01,1.219772000000000078e+00,1.270774999999999988e+00,9.769999999999999518e-02,-2.299453999999999887e+00,-1.100877000000000105e+00,5.567290000000000294e-01,-4.307000000000000065e-03,1.270774999999999988e+00,-1.318149999999999877e-01,4.669600000000000140e-02,3.272140000000000049e-01,5.312280000000000335e-01,5.567290000000000294e-01,-4.378349999999999742e-01,-1.573170000000000124e-01,7.219799999999999829e-02,2.507099999999999884e-01,1.066761999999999988e+00,1.347280000000000033e+00,3.017130000000000090e-01,-1.789420999999999928e+00,-8.713619999999999699e-01,1.245273000000000074e+00,2.252079999999999915e-01,-1.828180000000000083e-01,-3.192010999999999932e+00,-2.980800000000000116e-02,1.729803999999999897e+00,-4.123330000000000051e-01,1.525790999999999897e+00,1.729803999999999897e+00,1.474787999999999988e+00,4.802239999999999842e-01,6.077320000000000499e-01,7.097390000000000088e-01,1.908315999999999901e+00,1.742049999999999987e-01,-4.977125000000000021e+00,-3.727545000000000108e+00,1.423785000000000078e+00,1.245273000000000074e+00,9.137520000000000087e-01,-2.069939000000000195e+00,-1.828180000000000083e-01,1.959319000000000033e+00,1.984820999999999946e+00,2.086826999999999988e+00,8.627489999999999881e-01,1.525790999999999897e+00,1.780807999999999947e+00,-6.928509999999999946e-01,-4.798613999999999713e+00,-7.693560000000000398e-01,4.292210000000000192e-01,-2.018936000000000064e+00,6.842369999999999841e-01,2.622361000000000164e+00,3.527159999999999740e-01,-2.375958999999999932e+00,8.117459999999999676e-01,1.984820999999999946e+00,1.041260000000000074e+00,1.372781000000000029e+00,-4.378349999999999742e-01,-8.081199999999999495e-02,-1.100877000000000105e+00,-5.653430000000000399e-01,-2.980800000000000116e-02,1.194269999999999943e+00,6.332339999999999636e-01,-7.183530000000000193e-01,-1.063130000000000047e-01,5.057260000000000089e-01,-8.081199999999999495e-02,-6.418479999999999741e-01,-4.888379999999999947e-01,3.272140000000000049e-01,2.010321999999999942e+00,2.762109999999999843e-01,-1.406897000000000064e+00,1.270774999999999988e+00,-2.083200000000000052e-01,-1.483402000000000109e+00,1.092262999999999984e+00,1.015759000000000079e+00,-4.307000000000000065e-03,1.500289999999999901e+00,8.117459999999999676e-01,-5.398410000000000153e-01,-2.083200000000000052e-01,1.232010000000000050e-01,1.602295999999999943e+00,-1.483402000000000109e+00,-1.712916000000000105e+00,7.097390000000000088e-01,2.119499999999999856e-02,-2.083200000000000052e-01,1.742049999999999987e-01,-1.406897000000000064e+00,1.997059999999999946e-01,2.061326000000000214e+00,6.077320000000000499e-01,-2.848249999999999948e-01,7.352410000000000334e-01,1.015759000000000079e+00,-3.358280000000000154e-01,1.143267000000000033e+00,1.092262999999999984e+00,-5.653430000000000399e-01,1.232010000000000050e-01,7.219799999999999829e-02,-2.630974999999999842e+00,-1.508903000000000105e+00,5.057260000000000089e-01,-1.151880000000000015e+00,1.398282999999999943e+00,1.041260000000000074e+00,2.762109999999999843e-01,9.392540000000000333e-01,2.596859999999999946e+00,1.296276999999999902e+00,-2.426962000000000064e+00,-3.778548999999999936e+00,9.392540000000000333e-01,1.245273000000000074e+00,1.487030000000000018e-01,1.041260000000000074e+00,-2.338210000000000011e-01,-6.928509999999999946e-01,2.188833999999999946e+00,-3.358280000000000154e-01,-5.398410000000000153e-01,-4.378349999999999742e-01,8.372469999999999635e-01,4.292210000000000192e-01,1.742049999999999987e-01,-1.828180000000000083e-01,7.607420000000000293e-01,8.627489999999999881e-01,-2.593230000000000257e-01,-1.228385000000000060e+00,-1.063130000000000047e-01,6.332339999999999636e-01,-1.942431000000000019e+00,-1.063130000000000047e-01,1.525790999999999897e+00,-2.848249999999999948e-01,-7.948570000000000357e-01,2.061326000000000214e+00,1.755306000000000033e+00,-2.707479999999999887e+00,-1.508903000000000105e+00,1.423785000000000078e+00,1.245273000000000074e+00,1.143267000000000033e+00,9.392540000000000333e-01,4.669600000000000140e-02,-1.828180000000000083e-01,1.232010000000000050e-01,3.272140000000000049e-01,-7.183530000000000193e-01,-6.928509999999999946e-01,-2.732981999999999800e+00,-1.610910000000000064e+00,2.290840000000000209e+00,1.908315999999999901e+00,-1.063130000000000047e-01,1.742049999999999987e-01,1.245273000000000074e+00,8.882499999999999840e-01,-7.438540000000000152e-01,9.392540000000000333e-01,1.232010000000000050e-01,-3.868309999999999804e-01,-5.398410000000000153e-01,-1.024372000000000060e+00,2.119499999999999856e-02,-3.358280000000000154e-01,7.097390000000000088e-01,1.729803999999999897e+00,-1.228385000000000060e+00,-7.948570000000000357e-01,1.500289999999999901e+00,7.352410000000000334e-01,1.398282999999999943e+00,6.332339999999999636e-01,-6.928509999999999946e-01,-7.438540000000000152e-01,-4.378349999999999742e-01,5.822310000000000541e-01,5.312280000000000335e-01,2.119499999999999856e-02,-8.458609999999999740e-01,-5.908440000000000358e-01,1.755306000000000033e+00,1.232010000000000050e-01,-3.868309999999999804e-01,8.627489999999999881e-01,-1.840424000000000060e+00,-1.228385000000000060e+00,1.398282999999999943e+00,1.347280000000000033e+00,5.822310000000000541e-01,5.822310000000000541e-01,1.041260000000000074e+00,9.647550000000000292e-01,-7.183530000000000193e-01,-1.687415000000000109e+00,-7.438540000000000152e-01,9.769999999999999518e-02,1.653299000000000074e+00,1.627798000000000078e+00,-3.868309999999999804e-01,-8.458609999999999740e-01,-6.673489999999999700e-01,8.882499999999999840e-01,5.057260000000000089e-01,5.822310000000000541e-01,5.822310000000000541e-01,4.669600000000000140e-02,5.312280000000000335e-01,-1.177381999999999929e+00,-1.177381999999999929e+00,-2.980800000000000116e-02,1.015759000000000079e+00,1.041260000000000074e+00,3.017130000000000090e-01,9.769999999999999518e-02,-7.948570000000000357e-01,-4.123330000000000051e-01,5.567290000000000294e-01,8.117459999999999676e-01,9.769999999999999518e-02,-1.916929000000000105e+00,-4.888379999999999947e-01,6.332339999999999636e-01,1.015759000000000079e+00,2.367344999999999811e+00,9.392540000000000333e-01,-1.177381999999999929e+00,-1.661912999999999974e+00,1.232010000000000050e-01,9.392540000000000333e-01,6.587359999999999882e-01,4.292210000000000192e-01,-4.307000000000000065e-03,7.862440000000000540e-01,3.782179999999999986e-01,-7.183530000000000193e-01,3.017130000000000090e-01,-2.338210000000000011e-01,-2.083200000000000052e-01,-9.478670000000000151e-01,-5.530999999999999805e-02,-8.081199999999999495e-02,1.729803999999999897e+00,1.997059999999999946e-01,-1.202884000000000064e+00,7.219799999999999829e-02,-8.081199999999999495e-02,1.908315999999999901e+00,5.312280000000000335e-01,2.119499999999999856e-02,-3.613299999999999845e-01,4.547229999999999883e-01,1.117764999999999898e+00,-6.928509999999999946e-01,-9.988700000000000356e-01,-1.063130000000000047e-01,2.119499999999999856e-02,1.015759000000000079e+00,-2.338210000000000011e-01,1.576794999999999947e+00,-2.083200000000000052e-01,-2.324955000000000105e+00,-1.573170000000000124e-01,1.015759000000000079e+00,3.527159999999999740e-01,1.576794999999999947e+00,1.041260000000000074e+00,9.769999999999999518e-02,-1.330392000000000019e+00,-6.673489999999999700e-01,1.232010000000000050e-01,3.272140000000000049e-01,-4.307000000000000065e-03,6.842369999999999841e-01,9.137520000000000087e-01,1.296276999999999902e+00,-3.868309999999999804e-01,-1.457899999999999974e+00,-1.304890000000000105e+00,3.017130000000000090e-01,2.252079999999999915e-01,5.822310000000000541e-01,7.862440000000000540e-01,3.782179999999999986e-01,7.862440000000000540e-01,5.312280000000000335e-01,-4.888379999999999947e-01,-3.868309999999999804e-01,9.647550000000000292e-01,8.117459999999999676e-01,-9.988700000000000356e-01,-1.279387999999999970e+00,-4.378349999999999742e-01,-4.633360000000000256e-01,1.908315999999999901e+00,-1.049873999999999974e+00,-1.228385000000000060e+00,1.627798000000000078e+00,1.321777999999999897e+00,-4.378349999999999742e-01,1.487030000000000018e-01,-7.183530000000000193e-01,-8.081199999999999495e-02,8.627489999999999881e-01,1.168768000000000029e+00,7.862440000000000540e-01,4.802239999999999842e-01,-5.908440000000000358e-01,-9.223660000000000192e-01,-9.733690000000000397e-01,-3.358280000000000154e-01,1.984820999999999946e+00,1.015759000000000079e+00,-1.457899999999999974e+00,-1.355893000000000015e+00,1.653299000000000074e+00,7.607420000000000293e-01,-6.928509999999999946e-01,-1.253886999999999974e+00,-1.318149999999999877e-01,1.143267000000000033e+00,1.755306000000000033e+00,1.602295999999999943e+00,5.057260000000000089e-01,-2.593230000000000257e-01,-4.307000000000000065e-03,-9.223660000000000192e-01,-2.848249999999999948e-01,-8.081199999999999495e-02,4.037189999999999945e-01,-4.888379999999999947e-01,-1.279387999999999970e+00,-2.980800000000000116e-02,1.092262999999999984e+00,1.602295999999999943e+00,3.527159999999999740e-01,-2.593230000000000257e-01,3.272140000000000049e-01,4.292210000000000192e-01,-1.100877000000000105e+00,-8.081199999999999495e-02,1.347280000000000033e+00,-6.163459999999999495e-01,-1.381394999999999929e+00,9.137520000000000087e-01,4.802239999999999842e-01,5.057260000000000089e-01,1.245273000000000074e+00,-2.980800000000000116e-02,-4.378349999999999742e-01,-8.081199999999999495e-02,1.997059999999999946e-01,-5.398410000000000153e-01,-4.888379999999999947e-01,4.802239999999999842e-01,9.902570000000000539e-01,1.232010000000000050e-01,4.802239999999999842e-01,9.392540000000000333e-01,-1.828180000000000083e-01,-3.868309999999999804e-01,1.487030000000000018e-01,-6.673489999999999700e-01,1.997059999999999946e-01,1.143267000000000033e+00,1.449286000000000074e+00,-8.458609999999999740e-01,-8.968639999999999946e-01,6.842369999999999841e-01,4.802239999999999842e-01,4.669600000000000140e-02,1.015759000000000079e+00,-3.868309999999999804e-01,-5.908440000000000358e-01,7.352410000000000334e-01,-1.100877000000000105e+00,-1.253886999999999974e+00,1.525790999999999897e+00,2.163332000000000033e+00,3.017130000000000090e-01,-1.483402000000000109e+00,-8.713619999999999699e-01,2.265338999999999992e+00,1.423785000000000078e+00,-1.381394999999999929e+00,-1.559906000000000015e+00,1.117764999999999898e+00,1.245273000000000074e+00,5.822310000000000541e-01,-2.083200000000000052e-01,-6.673489999999999700e-01,4.037189999999999945e-01,-1.318149999999999877e-01,-5.653430000000000399e-01,2.119499999999999856e-02,2.119499999999999856e-02,4.292210000000000192e-01,6.077320000000000499e-01,-2.980800000000000116e-02,6.332339999999999636e-01,-1.573170000000000124e-01,4.547229999999999883e-01,-2.848249999999999948e-01,3.017130000000000090e-01,5.057260000000000089e-01,6.332339999999999636e-01,1.066761999999999988e+00,-5.653430000000000399e-01,-7.183530000000000193e-01,-1.355893000000000015e+00,-2.593230000000000257e-01,4.292210000000000192e-01,5.567290000000000294e-01,-8.081199999999999495e-02,6.332339999999999636e-01,9.392540000000000333e-01,9.392540000000000333e-01,6.332339999999999636e-01,-8.081199999999999495e-02,-7.693560000000000398e-01,-1.457899999999999974e+00,6.842369999999999841e-01,3.272140000000000049e-01,-1.063130000000000047e-01,4.547229999999999883e-01,8.882499999999999840e-01,-2.338210000000000011e-01,-1.573170000000000124e-01,1.372781000000000029e+00,3.782179999999999986e-01,-3.345021000000000022e+00,-6.163459999999999495e-01,1.015759000000000079e+00,1.742049999999999987e-01,1.066761999999999988e+00,1.015759000000000079e+00,3.782179999999999986e-01,8.117459999999999676e-01,4.547229999999999883e-01,-2.338210000000000011e-01,-1.063130000000000047e-01,-1.865925999999999974e+00,4.037189999999999945e-01,1.092262999999999984e+00,8.372469999999999635e-01,-6.163459999999999495e-01,-1.049873999999999974e+00,9.392540000000000333e-01,4.669600000000000140e-02,-1.279387999999999970e+00,3.272140000000000049e-01,8.882499999999999840e-01,2.507099999999999884e-01,-1.828180000000000083e-01,8.372469999999999635e-01,-1.828180000000000083e-01,7.097390000000000088e-01,-1.063130000000000047e-01,-1.151880000000000015e+00,1.168768000000000029e+00,5.057260000000000089e-01,5.822310000000000541e-01,6.332339999999999636e-01,-1.763919000000000015e+00,-2.980800000000000116e-02,3.272140000000000049e-01,-3.358280000000000154e-01,2.252079999999999915e-01,1.041260000000000074e+00,8.627489999999999881e-01,-2.338210000000000011e-01,3.527159999999999740e-01,4.292210000000000192e-01,-4.307000000000000065e-03,-8.968639999999999946e-01,-3.103259999999999907e-01,1.092262999999999984e+00,8.117459999999999676e-01,-1.024372000000000060e+00,-7.693560000000000398e-01,7.352410000000000334e-01,-5.530999999999999805e-02,2.252079999999999915e-01,3.782179999999999986e-01,-1.573170000000000124e-01,1.041260000000000074e+00,1.347280000000000033e+00,-4.633360000000000256e-01,1.742049999999999987e-01,-2.083200000000000052e-01,-3.868309999999999804e-01,8.627489999999999881e-01,-1.573170000000000124e-01,-2.338210000000000011e-01,-8.968639999999999946e-01,1.704302999999999901e+00,3.527159999999999740e-01,-9.733690000000000397e-01,1.219772000000000078e+00,8.627489999999999881e-01,-1.355893000000000015e+00,-5.653430000000000399e-01,1.423785000000000078e+00,9.392540000000000333e-01,1.232010000000000050e-01,-5.398410000000000153e-01,4.802239999999999842e-01,-7.183530000000000193e-01,-4.378349999999999742e-01,3.527159999999999740e-01,1.015759000000000079e+00,1.219772000000000078e+00,1.232010000000000050e-01,-3.868309999999999804e-01,-3.613299999999999845e-01,7.862440000000000540e-01,9.392540000000000333e-01,-1.355893000000000015e+00,-1.432398000000000060e+00,6.077320000000000499e-01,6.842369999999999841e-01,1.755306000000000033e+00,3.272140000000000049e-01,-2.681977999999999973e+00,7.352410000000000334e-01,1.041260000000000074e+00,9.392540000000000333e-01,9.392540000000000333e-01,4.037189999999999945e-01,-7.438540000000000152e-01,-1.253886999999999974e+00,-2.593230000000000257e-01,3.272140000000000049e-01,1.117764999999999898e+00,2.119499999999999856e-02,-2.980800000000000116e-02,9.392540000000000333e-01,8.372469999999999635e-01,-8.203589999999999494e-01,-8.968639999999999946e-01,-1.318149999999999877e-01,7.219799999999999829e-02,1.245273000000000074e+00,3.017130000000000090e-01,2.762109999999999843e-01,-1.063130000000000047e-01,6.077320000000000499e-01,-4.307000000000000065e-03,8.372469999999999635e-01,-5.653430000000000399e-01,-5.143389999999999906e-01,2.119499999999999856e-02,6.587359999999999882e-01,1.219772000000000078e+00,6.332339999999999636e-01,9.769999999999999518e-02,-8.081199999999999495e-02,9.769999999999999518e-02,-1.865925999999999974e+00,2.119499999999999856e-02,6.332339999999999636e-01,4.292210000000000192e-01,5.567290000000000294e-01,8.627489999999999881e-01,7.097390000000000088e-01,-9.478670000000000151e-01,-1.789420999999999928e+00,1.066761999999999988e+00,1.551293000000000033e+00,4.802239999999999842e-01,-2.848249999999999948e-01,7.352410000000000334e-01,-5.908440000000000358e-01,2.252079999999999915e-01,1.041260000000000074e+00,4.292210000000000192e-01,2.119499999999999856e-02,-6.163459999999999495e-01,-9.988700000000000356e-01,-2.083200000000000052e-01,6.077320000000000499e-01,1.449286000000000074e+00,1.232010000000000050e-01,-7.948570000000000357e-01,1.092262999999999984e+00,-5.143389999999999906e-01,-9.223660000000000192e-01,9.902570000000000539e-01,3.017130000000000090e-01,6.332339999999999636e-01,6.077320000000000499e-01,9.902570000000000539e-01,6.077320000000000499e-01,-1.814923000000000064e+00,-7.183530000000000193e-01,-1.828180000000000083e-01,1.245273000000000074e+00,1.066761999999999988e+00,2.762109999999999843e-01,-3.613299999999999845e-01,-2.848249999999999948e-01,1.487030000000000018e-01,7.219799999999999829e-02,-3.358280000000000154e-01,2.507099999999999884e-01,1.219772000000000078e+00,5.057260000000000089e-01,-1.100877000000000105e+00,-1.126379000000000019e+00,3.782179999999999986e-01,8.372469999999999635e-01,-4.307000000000000065e-03,8.117459999999999676e-01,9.902570000000000539e-01,5.312280000000000335e-01,1.041260000000000074e+00,1.997059999999999946e-01,-2.732981999999999800e+00,-1.534405000000000019e+00,1.232010000000000050e-01,1.270774999999999988e+00,1.321777999999999897e+00,-2.083200000000000052e-01,2.762109999999999843e-01,5.057260000000000089e-01,1.168768000000000029e+00,1.997059999999999946e-01,-8.713619999999999699e-01,-1.049873999999999974e+00,3.527159999999999740e-01,3.527159999999999740e-01,-6.163459999999999495e-01,6.842369999999999841e-01,5.057260000000000089e-01,7.097390000000000088e-01,7.607420000000000293e-01,2.119499999999999856e-02,7.352410000000000334e-01,-7.183530000000000193e-01,-1.432398000000000060e+00,1.232010000000000050e-01,5.312280000000000335e-01,1.015759000000000079e+00,5.312280000000000335e-01,2.119499999999999856e-02,2.119499999999999856e-02,1.245273000000000074e+00,-3.358280000000000154e-01,-1.202884000000000064e+00,6.842369999999999841e-01,-3.613299999999999845e-01,-1.712916000000000105e+00,-5.530999999999999805e-02,1.245273000000000074e+00,1.398282999999999943e+00,8.882499999999999840e-01,4.037189999999999945e-01,6.077320000000000499e-01,-2.980800000000000116e-02,2.252079999999999915e-01,-1.075374999999999970e+00,-1.763919000000000015e+00,-1.049873999999999974e+00,1.092262999999999984e+00,1.245273000000000074e+00,5.312280000000000335e-01,9.647550000000000292e-01,5.822310000000000541e-01,-1.828180000000000083e-01,-4.307000000000000065e-03,6.587359999999999882e-01,-5.530999999999999805e-02,-8.713619999999999699e-01,-1.573170000000000124e-01,3.272140000000000049e-01,1.997059999999999946e-01,9.769999999999999518e-02,4.037189999999999945e-01,2.252079999999999915e-01,5.822310000000000541e-01,4.669600000000000140e-02,-5.653430000000000399e-01,-5.530999999999999805e-02,-2.980800000000000116e-02,8.372469999999999635e-01,4.547229999999999883e-01,6.332339999999999636e-01,5.312280000000000335e-01,-1.355893000000000015e+00,-5.908440000000000358e-01,3.017130000000000090e-01,6.077320000000000499e-01,9.647550000000000292e-01,-3.358280000000000154e-01,-3.868309999999999804e-01,8.372469999999999635e-01,3.017130000000000090e-01,3.527159999999999740e-01,1.015759000000000079e+00,-1.063130000000000047e-01,-2.732981999999999800e+00,2.119499999999999856e-02,4.037189999999999945e-01,1.398282999999999943e+00,9.647550000000000292e-01,5.312280000000000335e-01,-1.318149999999999877e-01,-1.573170000000000124e-01,9.769999999999999518e-02,2.507099999999999884e-01,1.232010000000000050e-01,-1.063130000000000047e-01,-1.063130000000000047e-01,2.119499999999999856e-02,-2.338210000000000011e-01,9.902570000000000539e-01,6.587359999999999882e-01,-2.848249999999999948e-01,-5.143389999999999906e-01,-1.406897000000000064e+00,1.041260000000000074e+00,1.219772000000000078e+00,-6.928509999999999946e-01,1.742049999999999987e-01,6.077320000000000499e-01,9.902570000000000539e-01,7.219799999999999829e-02,2.762109999999999843e-01,3.272140000000000049e-01,2.507099999999999884e-01,-5.398410000000000153e-01,-4.633360000000000256e-01,-8.081199999999999495e-02,-4.123330000000000051e-01,4.669600000000000140e-02,9.647550000000000292e-01,6.587359999999999882e-01,-1.318149999999999877e-01,2.507099999999999884e-01,-1.126379000000000019e+00,-1.202884000000000064e+00,1.245273000000000074e+00,1.296276999999999902e+00,6.587359999999999882e-01,1.997059999999999946e-01,-8.081199999999999495e-02,-7.183530000000000193e-01,9.137520000000000087e-01,7.352410000000000334e-01,-3.103259999999999907e-01,-3.613299999999999845e-01,-2.980800000000000116e-02,3.272140000000000049e-01,-6.163459999999999495e-01,3.017130000000000090e-01,1.296276999999999902e+00,-5.908440000000000358e-01,-4.123330000000000051e-01,1.653299000000000074e+00,7.862440000000000540e-01,-5.143389999999999906e-01,-1.253886999999999974e+00,3.272140000000000049e-01,2.762109999999999843e-01,4.037189999999999945e-01,5.057260000000000089e-01,2.762109999999999843e-01,6.332339999999999636e-01,5.057260000000000089e-01,-1.687415000000000109e+00,-1.049873999999999974e+00,9.392540000000000333e-01,1.742049999999999987e-01,8.627489999999999881e-01,-2.083200000000000052e-01,9.392540000000000333e-01,1.232010000000000050e-01,4.547229999999999883e-01,3.272140000000000049e-01,4.802239999999999842e-01,-3.103259999999999907e-01,-3.613299999999999845e-01,3.527159999999999740e-01,6.077320000000000499e-01,1.232010000000000050e-01,-9.478670000000000151e-01,-1.828180000000000083e-01,-9.223660000000000192e-01,5.312280000000000335e-01,5.312280000000000335e-01,8.117459999999999676e-01,1.347280000000000033e+00,5.312280000000000335e-01,-5.908440000000000358e-01,3.527159999999999740e-01,-7.438540000000000152e-01,-6.418479999999999741e-01,3.527159999999999740e-01,5.567290000000000294e-01,4.037189999999999945e-01,2.507099999999999884e-01,3.782179999999999986e-01,-5.653430000000000399e-01,2.119499999999999856e-02,2.252079999999999915e-01,-1.318149999999999877e-01,2.252079999999999915e-01,4.037189999999999945e-01,5.057260000000000089e-01,4.802239999999999842e-01,-1.049873999999999974e+00,-5.143389999999999906e-01,1.143267000000000033e+00,-6.928509999999999946e-01,7.097390000000000088e-01,-3.103259999999999907e-01,4.292210000000000192e-01,2.252079999999999915e-01,-4.307000000000000065e-03,7.862440000000000540e-01,3.272140000000000049e-01,2.507099999999999884e-01,-2.083200000000000052e-01,2.762109999999999843e-01,1.997059999999999946e-01,3.272140000000000049e-01,-4.307000000000000065e-03,-9.223660000000000192e-01,3.272140000000000049e-01,7.352410000000000334e-01,-4.307000000000000065e-03,-5.908440000000000358e-01,9.769999999999999518e-02,6.332339999999999636e-01,1.092262999999999984e+00,5.567290000000000294e-01,-2.273951999999999973e+00,9.769999999999999518e-02,1.143267000000000033e+00,1.143267000000000033e+00,1.474787999999999988e+00,-5.908440000000000358e-01,-7.183530000000000193e-01,6.587359999999999882e-01,1.219772000000000078e+00,7.607420000000000293e-01,-3.115505999999999887e+00,-7.438540000000000152e-01,8.627489999999999881e-01,1.041260000000000074e+00,9.392540000000000333e-01,5.567290000000000294e-01,-3.103259999999999907e-01,1.997059999999999946e-01,4.547229999999999883e-01,-1.126379000000000019e+00,-4.378349999999999742e-01,5.822310000000000541e-01,1.015759000000000079e+00,-1.063130000000000047e-01,4.037189999999999945e-01,6.332339999999999636e-01,5.312280000000000335e-01,1.742049999999999987e-01,1.232010000000000050e-01,7.219799999999999829e-02,4.669600000000000140e-02,-1.318149999999999877e-01,-5.398410000000000153e-01,-2.980800000000000116e-02,2.119499999999999856e-02,-2.980800000000000116e-02,3.782179999999999986e-01,7.097390000000000088e-01,7.219799999999999829e-02,5.312280000000000335e-01,1.117764999999999898e+00,4.802239999999999842e-01,-3.868309999999999804e-01,-3.103259999999999907e-01,4.669600000000000140e-02,-1.318149999999999877e-01,1.232010000000000050e-01,8.882499999999999840e-01,1.092262999999999984e+00,-5.398410000000000153e-01,-2.338210000000000011e-01,-4.307000000000000065e-03,5.822310000000000541e-01,-3.868309999999999804e-01,3.527159999999999740e-01,2.507099999999999884e-01,-2.083200000000000052e-01,4.292210000000000192e-01,1.143267000000000033e+00,-7.183530000000000193e-01,-3.103259999999999907e-01,-4.888379999999999947e-01,4.037189999999999945e-01,6.077320000000000499e-01,1.487030000000000018e-01,1.997059999999999946e-01,3.272140000000000049e-01,1.487030000000000018e-01,7.862440000000000540e-01,-1.063130000000000047e-01,-5.653430000000000399e-01,3.272140000000000049e-01,1.780807999999999947e+00,-6.418479999999999741e-01,-6.928509999999999946e-01,5.567290000000000294e-01,8.372469999999999635e-01,-8.968639999999999946e-01,-4.307000000000000065e-03,8.627489999999999881e-01,1.296276999999999902e+00,1.742049999999999987e-01,-2.197446999999999928e+00,9.769999999999999518e-02,6.077320000000000499e-01,7.219799999999999829e-02,5.822310000000000541e-01,9.902570000000000539e-01,6.332339999999999636e-01,7.219799999999999829e-02,-5.530999999999999805e-02,-1.318149999999999877e-01,2.762109999999999843e-01,-1.828180000000000083e-01,-1.228385000000000060e+00,5.312280000000000335e-01,1.780807999999999947e+00,-1.318149999999999877e-01,-3.358280000000000154e-01,6.332339999999999636e-01,9.902570000000000539e-01,-1.049873999999999974e+00,9.769999999999999518e-02,-2.848249999999999948e-01,7.219799999999999829e-02,4.037189999999999945e-01,4.669600000000000140e-02,-4.888379999999999947e-01,1.041260000000000074e+00,1.997059999999999946e-01,-6.673489999999999700e-01,4.292210000000000192e-01,5.057260000000000089e-01,4.292210000000000192e-01,7.352410000000000334e-01,-2.338210000000000011e-01,-2.083200000000000052e-01,4.547229999999999883e-01,-5.530999999999999805e-02,1.997059999999999946e-01,3.017130000000000090e-01,2.252079999999999915e-01,7.219799999999999829e-02,-8.203589999999999494e-01,-2.980800000000000116e-02,7.097390000000000088e-01,-4.633360000000000256e-01,-7.948570000000000357e-01,7.352410000000000334e-01,1.066761999999999988e+00,8.882499999999999840e-01,2.762109999999999843e-01,-4.888379999999999947e-01,1.232010000000000050e-01,3.272140000000000049e-01,1.347280000000000033e+00,1.066761999999999988e+00,-2.630974999999999842e+00,-2.452463999999999977e+00,6.842369999999999841e-01,1.678800999999999988e+00,1.372781000000000029e+00,1.143267000000000033e+00,6.077320000000000499e-01,-8.458609999999999740e-01,-7.438540000000000152e-01,-1.573170000000000124e-01,3.272140000000000049e-01,1.742049999999999987e-01,7.219799999999999829e-02,2.252079999999999915e-01,7.352410000000000334e-01,2.119499999999999856e-02,-4.123330000000000051e-01,2.507099999999999884e-01,3.272140000000000049e-01,1.487030000000000018e-01,6.842369999999999841e-01,-1.318149999999999877e-01,1.487030000000000018e-01,1.487030000000000018e-01,-5.398410000000000153e-01,3.527159999999999740e-01,6.587359999999999882e-01,1.015759000000000079e+00,1.232010000000000050e-01,-1.151880000000000015e+00,-5.143389999999999906e-01,-3.868309999999999804e-01,2.762109999999999843e-01,5.567290000000000294e-01,9.392540000000000333e-01,1.398282999999999943e+00,-1.318149999999999877e-01,-1.508903000000000105e+00,1.487030000000000018e-01,9.647550000000000292e-01,5.567290000000000294e-01,1.487030000000000018e-01,1.997059999999999946e-01,-7.438540000000000152e-01,-2.083200000000000052e-01,4.292210000000000192e-01,4.037189999999999945e-01,4.037189999999999945e-01,9.769999999999999518e-02,1.232010000000000050e-01,9.392540000000000333e-01,2.252079999999999915e-01,-1.228385000000000060e+00,-1.828180000000000083e-01,1.997059999999999946e-01,-9.988700000000000356e-01,6.332339999999999636e-01,5.822310000000000541e-01,1.232010000000000050e-01,8.627489999999999881e-01,4.292210000000000192e-01,4.547229999999999883e-01,3.017130000000000090e-01,-1.063130000000000047e-01,-5.398410000000000153e-01,-2.338210000000000011e-01,8.627489999999999881e-01,-7.438540000000000152e-01,-4.307000000000000065e-03,5.312280000000000335e-01,3.017130000000000090e-01,-1.063130000000000047e-01,-2.083200000000000052e-01,8.372469999999999635e-01,4.292210000000000192e-01,7.352410000000000334e-01,-2.848249999999999948e-01,-9.478670000000000151e-01,3.782179999999999986e-01,4.802239999999999842e-01,-8.081199999999999495e-02,2.762109999999999843e-01,7.219799999999999829e-02,3.782179999999999986e-01,8.117459999999999676e-01,-4.888379999999999947e-01,-5.530999999999999805e-02,5.312280000000000335e-01,5.567290000000000294e-01,-8.968639999999999946e-01,-7.948570000000000357e-01,1.742049999999999987e-01,9.137520000000000087e-01,8.627489999999999881e-01,7.219799999999999829e-02,-2.083200000000000052e-01,4.037189999999999945e-01,-2.083200000000000052e-01,9.769999999999999518e-02,1.997059999999999946e-01,-5.530999999999999805e-02,3.017130000000000090e-01,4.037189999999999945e-01,-2.848249999999999948e-01,-3.613299999999999845e-01,1.487030000000000018e-01,6.077320000000000499e-01,6.332339999999999636e-01,3.782179999999999986e-01,-2.593230000000000257e-01,-3.103259999999999907e-01,8.117459999999999676e-01,-3.613299999999999845e-01,-4.123330000000000051e-01,4.292210000000000192e-01,3.782179999999999986e-01,7.097390000000000088e-01,3.527159999999999740e-01,-1.318149999999999877e-01,2.119499999999999856e-02,2.119499999999999856e-02,-4.123330000000000051e-01,-1.100877000000000105e+00,7.352410000000000334e-01,2.851875999999999856e+00,-3.103259999999999907e-01,-2.936995000000000022e+00,1.015759000000000079e+00,1.194269999999999943e+00,4.547229999999999883e-01,7.607420000000000293e-01,9.769999999999999518e-02,1.372781000000000029e+00,2.762109999999999843e-01,-2.707479999999999887e+00,-7.183530000000000193e-01,1.487030000000000018e-01,6.332339999999999636e-01,1.092262999999999984e+00,1.742049999999999987e-01,-3.103259999999999907e-01,-4.378349999999999742e-01,8.882499999999999840e-01,1.729803999999999897e+00,-1.318149999999999877e-01,-1.177381999999999929e+00,-1.279387999999999970e+00,2.762109999999999843e-01,5.312280000000000335e-01,1.117764999999999898e+00,7.097390000000000088e-01,5.822310000000000541e-01,1.742049999999999987e-01,-5.530999999999999805e-02,-2.083200000000000052e-01,-2.083200000000000052e-01,7.097390000000000088e-01,-1.712916000000000105e+00,-3.358280000000000154e-01,1.219772000000000078e+00,9.137520000000000087e-01,7.607420000000000293e-01,7.352410000000000334e-01,-6.163459999999999495e-01,-1.100877000000000105e+00,4.547229999999999883e-01,-2.980800000000000116e-02,3.017130000000000090e-01,-2.848249999999999948e-01,5.822310000000000541e-01,5.822310000000000541e-01,-8.081199999999999495e-02,7.097390000000000088e-01,2.119499999999999856e-02,-4.307000000000000065e-03,8.117459999999999676e-01,1.015759000000000079e+00,-4.378349999999999742e-01,-9.988700000000000356e-01,-4.888379999999999947e-01,6.332339999999999636e-01,1.487030000000000018e-01,2.252079999999999915e-01,1.487030000000000018e-01,1.423785000000000078e+00,-4.123330000000000051e-01,7.219799999999999829e-02,-1.573170000000000124e-01,1.742049999999999987e-01,-2.083200000000000052e-01,-5.143389999999999906e-01,-8.081199999999999495e-02,5.057260000000000089e-01,5.057260000000000089e-01,1.219772000000000078e+00,-1.024372000000000060e+00,-1.483402000000000109e+00,1.015759000000000079e+00,9.647550000000000292e-01,7.862440000000000540e-01,-4.307000000000000065e-03,1.143267000000000033e+00,-2.338210000000000011e-01,-2.848249999999999948e-01,4.037189999999999945e-01,-1.573170000000000124e-01,-1.253886999999999974e+00,3.272140000000000049e-01,5.312280000000000335e-01,3.527159999999999740e-01,-6.163459999999999495e-01,1.232010000000000050e-01,1.474787999999999988e+00,6.077320000000000499e-01,4.037189999999999945e-01,2.762109999999999843e-01,-1.559906000000000015e+00,-8.081199999999999495e-02,1.232010000000000050e-01,5.567290000000000294e-01,8.882499999999999840e-01,2.762109999999999843e-01,1.997059999999999946e-01,4.037189999999999945e-01,-3.613299999999999845e-01,-7.183530000000000193e-01,7.607420000000000293e-01,1.742049999999999987e-01,-1.126379000000000019e+00,2.507099999999999884e-01,6.842369999999999841e-01,5.312280000000000335e-01,4.292210000000000192e-01,1.398282999999999943e+00,-8.081199999999999495e-02,-3.868309999999999804e-01,1.232010000000000050e-01,-2.848249999999999948e-01,-8.081199999999999495e-02,-3.103259999999999907e-01,-4.888379999999999947e-01,-4.888379999999999947e-01,1.296276999999999902e+00,1.245273000000000074e+00,-2.980800000000000116e-02,3.272140000000000049e-01,-8.081199999999999495e-02,-1.304890000000000105e+00,-4.378349999999999742e-01,1.041260000000000074e+00,9.902570000000000539e-01,4.292210000000000192e-01,9.647550000000000292e-01,9.769999999999999518e-02,-9.223660000000000192e-01,-7.438540000000000152e-01,5.312280000000000335e-01,-1.024372000000000060e+00,-2.848249999999999948e-01,1.168768000000000029e+00,1.627798000000000078e+00,8.882499999999999840e-01,-6.928509999999999946e-01,-1.661912999999999974e+00,-7.183530000000000193e-01,3.782179999999999986e-01,9.392540000000000333e-01,7.607420000000000293e-01,1.487030000000000018e-01,6.587359999999999882e-01,-8.081199999999999495e-02,-6.673489999999999700e-01,5.567290000000000294e-01,1.092262999999999984e+00,-3.868309999999999804e-01,-1.126379000000000019e+00,3.782179999999999986e-01,2.119499999999999856e-02,3.272140000000000049e-01,3.782179999999999986e-01,1.487030000000000018e-01,3.272140000000000049e-01,1.487030000000000018e-01,-1.063130000000000047e-01,1.232010000000000050e-01,4.802239999999999842e-01,1.066761999999999988e+00,-2.593230000000000257e-01,-1.534405000000000019e+00,-4.633360000000000256e-01,7.097390000000000088e-01,8.372469999999999635e-01,6.332339999999999636e-01,7.097390000000000088e-01,2.507099999999999884e-01,-8.081199999999999495e-02,-1.100877000000000105e+00,-1.304890000000000105e+00,1.347280000000000033e+00,1.245273000000000074e+00,5.567290000000000294e-01,-7.948570000000000357e-01,-1.024372000000000060e+00,1.997059999999999946e-01,1.232010000000000050e-01,6.332339999999999636e-01,5.057260000000000089e-01,2.762109999999999843e-01,-2.338210000000000011e-01,1.232010000000000050e-01,3.782179999999999986e-01,1.232010000000000050e-01,5.312280000000000335e-01,5.567290000000000294e-01,-4.123330000000000051e-01,-9.988700000000000356e-01,2.252079999999999915e-01,4.802239999999999842e-01,5.567290000000000294e-01,-1.063130000000000047e-01,-1.573170000000000124e-01,2.252079999999999915e-01,4.037189999999999945e-01,2.119499999999999856e-02,6.077320000000000499e-01,1.704302999999999901e+00,-1.318149999999999877e-01,-1.712916000000000105e+00,-1.279387999999999970e+00,6.842369999999999841e-01,5.567290000000000294e-01,7.352410000000000334e-01,4.802239999999999842e-01,7.607420000000000293e-01,5.312280000000000335e-01,1.997059999999999946e-01,-3.358280000000000154e-01,-6.163459999999999495e-01,2.507099999999999884e-01,-3.868309999999999804e-01,-7.438540000000000152e-01,-3.868309999999999804e-01,7.607420000000000293e-01,1.041260000000000074e+00,8.117459999999999676e-01,1.997059999999999946e-01,2.762109999999999843e-01,-2.083200000000000052e-01,7.219799999999999829e-02,2.119499999999999856e-02,5.567290000000000294e-01,-2.338210000000000011e-01,-5.530999999999999805e-02,-2.980800000000000116e-02,9.392540000000000333e-01,-3.358280000000000154e-01,-6.418479999999999741e-01,-6.928509999999999946e-01,8.627489999999999881e-01,2.507099999999999884e-01,4.547229999999999883e-01,-1.126379000000000019e+00,3.272140000000000049e-01,1.525790999999999897e+00,1.219772000000000078e+00,7.097390000000000088e-01,4.547229999999999883e-01,-4.888379999999999947e-01,-4.378349999999999742e-01,-1.828180000000000083e-01,-5.530999999999999805e-02,4.292210000000000192e-01,-4.123330000000000051e-01,-6.418479999999999741e-01,3.272140000000000049e-01,5.567290000000000294e-01,4.669600000000000140e-02,4.669600000000000140e-02,4.037189999999999945e-01,2.119499999999999856e-02,-5.143389999999999906e-01,5.822310000000000541e-01,3.527159999999999740e-01,4.037189999999999945e-01,1.066761999999999988e+00,3.272140000000000049e-01,-3.868309999999999804e-01,-1.828180000000000083e-01,4.547229999999999883e-01,-1.828180000000000083e-01,9.902570000000000539e-01,4.669600000000000140e-02,-1.100877000000000105e+00,9.392540000000000333e-01,9.137520000000000087e-01,-1.202884000000000064e+00,-6.928509999999999946e-01,3.272140000000000049e-01,9.769999999999999518e-02,7.219799999999999829e-02,7.352410000000000334e-01,4.802239999999999842e-01,2.762109999999999843e-01,2.252079999999999915e-01,7.097390000000000088e-01,-4.307000000000000065e-03,7.219799999999999829e-02,2.119499999999999856e-02,2.762109999999999843e-01,-1.318149999999999877e-01,4.669600000000000140e-02,7.219799999999999829e-02,-4.123330000000000051e-01,4.669600000000000140e-02,-5.143389999999999906e-01,-5.398410000000000153e-01,1.627798000000000078e+00,4.547229999999999883e-01,4.802239999999999842e-01,1.232010000000000050e-01,2.762109999999999843e-01,2.762109999999999843e-01,2.507099999999999884e-01,4.547229999999999883e-01,2.507099999999999884e-01,-1.534405000000000019e+00,-1.661912999999999974e+00,-2.848249999999999948e-01,9.902570000000000539e-01,1.321777999999999897e+00,9.137520000000000087e-01,6.332339999999999636e-01,-2.980800000000000116e-02,1.232010000000000050e-01,3.527159999999999740e-01,1.232010000000000050e-01,-4.633360000000000256e-01,-5.908440000000000358e-01,-2.083200000000000052e-01,-2.848249999999999948e-01,1.627798000000000078e+00,2.507099999999999884e-01,-1.661912999999999974e+00,1.232010000000000050e-01,4.292210000000000192e-01,7.862440000000000540e-01,-3.103259999999999907e-01,1.219772000000000078e+00,1.551293000000000033e+00,3.527159999999999740e-01,-8.713619999999999699e-01,-3.868309999999999804e-01,4.037189999999999945e-01,2.507099999999999884e-01,-4.307000000000000065e-03,7.219799999999999829e-02,-1.828180000000000083e-01,2.252079999999999915e-01,5.057260000000000089e-01,8.882499999999999840e-01,-5.908440000000000358e-01,-5.908440000000000358e-01,-3.613299999999999845e-01,5.057260000000000089e-01,1.487030000000000018e-01,-9.223660000000000192e-01,7.352410000000000334e-01,1.449286000000000074e+00,1.551293000000000033e+00,6.332339999999999636e-01,-1.318149999999999877e-01,-7.948570000000000357e-01,-3.358280000000000154e-01,-1.063130000000000047e-01,-5.398410000000000153e-01,-4.307000000000000065e-03,4.292210000000000192e-01,-2.083200000000000052e-01,1.997059999999999946e-01,5.057260000000000089e-01,1.500289999999999901e+00,7.097390000000000088e-01,-1.610910000000000064e+00,-4.378349999999999742e-01,-2.338210000000000011e-01,3.272140000000000049e-01,9.902570000000000539e-01,1.627798000000000078e+00,6.842369999999999841e-01,-2.338210000000000011e-01,-1.126379000000000019e+00,-4.307000000000000065e-03,-2.338210000000000011e-01,-8.081199999999999495e-02,5.312280000000000335e-01,5.312280000000000335e-01,7.219799999999999829e-02,-3.868309999999999804e-01,-1.318149999999999877e-01,2.252079999999999915e-01,5.057260000000000089e-01,1.321777999999999897e+00,1.296276999999999902e+00,-6.163459999999999495e-01,-2.146443999999999797e+00,-5.530999999999999805e-02,2.762109999999999843e-01,9.137520000000000087e-01,1.347280000000000033e+00,-9.478670000000000151e-01,-1.279387999999999970e+00,1.576794999999999947e+00,5.567290000000000294e-01,9.647550000000000292e-01,8.627489999999999881e-01,-6.163459999999999495e-01,-1.432398000000000060e+00,2.119499999999999856e-02,2.507099999999999884e-01,5.312280000000000335e-01,1.997059999999999946e-01,-1.828180000000000083e-01,4.669600000000000140e-02,7.219799999999999829e-02,4.292210000000000192e-01,5.567290000000000294e-01,1.232010000000000050e-01,-8.968639999999999946e-01,6.332339999999999636e-01,-8.081199999999999495e-02,3.017130000000000090e-01,-5.908440000000000358e-01,2.762109999999999843e-01,1.296276999999999902e+00,6.077320000000000499e-01,-6.928509999999999946e-01,2.119499999999999856e-02,-3.613299999999999845e-01,5.312280000000000335e-01,4.292210000000000192e-01,1.997059999999999946e-01,2.119499999999999856e-02,3.272140000000000049e-01,-1.063130000000000047e-01,-2.980800000000000116e-02,3.272140000000000049e-01,-8.081199999999999495e-02,-6.673489999999999700e-01,8.627489999999999881e-01,2.252079999999999915e-01,4.802239999999999842e-01,1.997059999999999946e-01,-8.458609999999999740e-01,-2.083200000000000052e-01,5.822310000000000541e-01,5.822310000000000541e-01,-8.713619999999999699e-01,-7.948570000000000357e-01,2.061326000000000214e+00,1.041260000000000074e+00,-2.338210000000000011e-01,9.769999999999999518e-02,-5.530999999999999805e-02,9.647550000000000292e-01,6.077320000000000499e-01,-1.355893000000000015e+00,-5.530999999999999805e-02,4.669600000000000140e-02,-9.988700000000000356e-01,3.782179999999999986e-01,5.312280000000000335e-01,-2.083200000000000052e-01,7.352410000000000334e-01,9.392540000000000333e-01,1.742049999999999987e-01,5.567290000000000294e-01,9.137520000000000087e-01,-6.673489999999999700e-01,-2.095441000000000109e+00,1.321777999999999897e+00,6.077320000000000499e-01,1.232010000000000050e-01,4.547229999999999883e-01,-1.063130000000000047e-01,-2.083200000000000052e-01,-1.318149999999999877e-01,7.352410000000000334e-01,1.232010000000000050e-01,-7.438540000000000152e-01,5.822310000000000541e-01,5.312280000000000335e-01,1.997059999999999946e-01,1.487030000000000018e-01,-1.318149999999999877e-01,1.117764999999999898e+00,6.842369999999999841e-01,-1.024372000000000060e+00,-5.653430000000000399e-01,-3.868309999999999804e-01,6.587359999999999882e-01,8.627489999999999881e-01,6.332339999999999636e-01,1.372781000000000029e+00,1.997059999999999946e-01,-2.477965000000000195e+00,-3.103259999999999907e-01,2.119499999999999856e-02,3.782179999999999986e-01,8.882499999999999840e-01,3.272140000000000049e-01,2.252079999999999915e-01,1.487030000000000018e-01,4.037189999999999945e-01,-1.318149999999999877e-01,-3.868309999999999804e-01,3.527159999999999740e-01,2.119499999999999856e-02,3.272140000000000049e-01,-1.828180000000000083e-01,6.077320000000000499e-01,-1.063130000000000047e-01,-1.075374999999999970e+00,9.137520000000000087e-01,2.119499999999999856e-02,3.272140000000000049e-01,6.077320000000000499e-01,-2.083200000000000052e-01,4.292210000000000192e-01,1.015759000000000079e+00,3.782179999999999986e-01,-8.713619999999999699e-01,-6.928509999999999946e-01,4.292210000000000192e-01,4.292210000000000192e-01,2.762109999999999843e-01,3.017130000000000090e-01,5.057260000000000089e-01,-5.653430000000000399e-01,1.742049999999999987e-01,1.997059999999999946e-01,-7.693560000000000398e-01,4.669600000000000140e-02,6.332339999999999636e-01,9.647550000000000292e-01,4.292210000000000192e-01,1.997059999999999946e-01,1.742049999999999987e-01,-2.083200000000000052e-01,1.232010000000000050e-01,-2.848249999999999948e-01,-2.848249999999999948e-01,-9.733690000000000397e-01,1.066761999999999988e+00,6.842369999999999841e-01,-2.593230000000000257e-01,6.842369999999999841e-01,1.997059999999999946e-01,-2.980800000000000116e-02,-5.908440000000000358e-01,-8.081199999999999495e-02,1.296276999999999902e+00,4.037189999999999945e-01,-1.228385000000000060e+00,5.822310000000000541e-01,8.372469999999999635e-01,4.802239999999999842e-01,1.487030000000000018e-01,7.219799999999999829e-02,1.997059999999999946e-01,3.527159999999999740e-01,-5.908440000000000358e-01,-3.103259999999999907e-01,5.312280000000000335e-01,1.997059999999999946e-01,1.742049999999999987e-01,-1.063130000000000047e-01,1.997059999999999946e-01,4.802239999999999842e-01,7.219799999999999829e-02,-9.223660000000000192e-01,-8.203589999999999494e-01,8.117459999999999676e-01,1.270774999999999988e+00,-1.318149999999999877e-01,2.762109999999999843e-01,8.627489999999999881e-01,5.567290000000000294e-01,-1.573170000000000124e-01,-5.398410000000000153e-01,-1.318149999999999877e-01,-2.980800000000000116e-02,4.802239999999999842e-01,4.802239999999999842e-01,9.769999999999999518e-02,4.669600000000000140e-02,1.232010000000000050e-01,3.272140000000000049e-01,-1.318149999999999877e-01,-3.613299999999999845e-01,-2.338210000000000011e-01,2.762109999999999843e-01,4.802239999999999842e-01,1.487030000000000018e-01,1.092262999999999984e+00,-5.530999999999999805e-02,-7.438540000000000152e-01,-9.478670000000000151e-01,1.232010000000000050e-01,8.117459999999999676e-01,6.077320000000000499e-01,-6.928509999999999946e-01,1.168768000000000029e+00,1.551293000000000033e+00,-1.063130000000000047e-01,-7.948570000000000357e-01,2.507099999999999884e-01,-4.307000000000000065e-03,-4.307000000000000065e-03,-8.081199999999999495e-02,2.252079999999999915e-01,4.669600000000000140e-02,2.119499999999999856e-02,1.232010000000000050e-01,-3.613299999999999845e-01,6.587359999999999882e-01,-2.338210000000000011e-01,-1.318149999999999877e-01,6.077320000000000499e-01,8.627489999999999881e-01,-6.418479999999999741e-01,-2.338210000000000011e-01,8.117459999999999676e-01,4.292210000000000192e-01,6.587359999999999882e-01,4.292210000000000192e-01,-9.223660000000000192e-01,-6.673489999999999700e-01,-5.530999999999999805e-02,6.842369999999999841e-01,5.057260000000000089e-01,2.762109999999999843e-01,4.037189999999999945e-01,6.842369999999999841e-01,-3.613299999999999845e-01,4.669600000000000140e-02,5.312280000000000335e-01,5.057260000000000089e-01,-4.888379999999999947e-01,-1.330392000000000019e+00,-1.406897000000000064e+00,7.862440000000000540e-01,1.117764999999999898e+00,1.296276999999999902e+00,-1.279387999999999970e+00,-4.888379999999999947e-01,1.041260000000000074e+00,-4.888379999999999947e-01,5.822310000000000541e-01,8.372469999999999635e-01,1.143267000000000033e+00,6.842369999999999841e-01,-8.081199999999999495e-02,3.527159999999999740e-01,4.669600000000000140e-02,-9.478670000000000151e-01,-3.868309999999999804e-01,-1.573170000000000124e-01,-2.980800000000000116e-02,5.312280000000000335e-01,-8.081199999999999495e-02,2.119499999999999856e-02,-2.848249999999999948e-01,4.547229999999999883e-01,6.077320000000000499e-01,1.232010000000000050e-01,6.842369999999999841e-01,8.117459999999999676e-01,-7.693560000000000398e-01,-1.712916000000000105e+00,7.862440000000000540e-01,9.647550000000000292e-01,3.272140000000000049e-01,-1.828180000000000083e-01,8.372469999999999635e-01,4.037189999999999945e-01,4.802239999999999842e-01,1.997059999999999946e-01,-1.573170000000000124e-01,-1.534405000000000019e+00,4.292210000000000192e-01,8.627489999999999881e-01,-1.063130000000000047e-01,2.252079999999999915e-01,4.802239999999999842e-01,3.527159999999999740e-01,-4.378349999999999742e-01,6.332339999999999636e-01,3.527159999999999740e-01,-1.828180000000000083e-01,-8.081199999999999495e-02,4.037189999999999945e-01,-2.338210000000000011e-01,-3.868309999999999804e-01,-4.888379999999999947e-01,1.449286000000000074e+00,8.627489999999999881e-01,9.769999999999999518e-02,-8.081199999999999495e-02,-5.530999999999999805e-02,1.143267000000000033e+00,3.782179999999999986e-01,-2.120941999999999883e+00,6.332339999999999636e-01,3.272140000000000049e-01,3.782179999999999986e-01,3.782179999999999986e-01,2.119499999999999856e-02,-7.948570000000000357e-01,6.077320000000000499e-01,4.292210000000000192e-01,4.669600000000000140e-02,4.547229999999999883e-01,9.769999999999999518e-02,2.252079999999999915e-01,6.587359999999999882e-01,-3.103259999999999907e-01,-1.279387999999999970e+00,4.669600000000000140e-02,4.547229999999999883e-01,3.782179999999999986e-01,8.372469999999999635e-01,8.372469999999999635e-01,3.782179999999999986e-01,-5.908440000000000358e-01,4.547229999999999883e-01,4.802239999999999842e-01,-3.358280000000000154e-01,-1.100877000000000105e+00,-4.307000000000000065e-03,4.292210000000000192e-01,6.842369999999999841e-01,9.392540000000000333e-01,-4.307000000000000065e-03,2.507099999999999884e-01,-7.438540000000000152e-01,-4.123330000000000051e-01,5.822310000000000541e-01,-6.418479999999999741e-01,-8.081199999999999495e-02,6.842369999999999841e-01,7.862440000000000540e-01,4.802239999999999842e-01,-4.307000000000000065e-03,-2.848249999999999948e-01,5.057260000000000089e-01,1.296276999999999902e+00,-4.633360000000000256e-01,-1.126379000000000019e+00,3.272140000000000049e-01,7.219799999999999829e-02,1.742049999999999987e-01,4.802239999999999842e-01,2.119499999999999856e-02,6.842369999999999841e-01,5.057260000000000089e-01,-2.848249999999999948e-01,-6.418479999999999741e-01,7.219799999999999829e-02,5.312280000000000335e-01,8.117459999999999676e-01,9.647550000000000292e-01,-2.197446999999999928e+00,-1.406897000000000064e+00,1.551293000000000033e+00,1.423785000000000078e+00,6.587359999999999882e-01,4.037189999999999945e-01,-4.888379999999999947e-01,5.312280000000000335e-01,-1.828180000000000083e-01,-5.143389999999999906e-01,-1.063130000000000047e-01,-1.063130000000000047e-01,4.037189999999999945e-01,1.041260000000000074e+00,9.902570000000000539e-01,2.119499999999999856e-02,-3.868309999999999804e-01,7.219799999999999829e-02,-1.573170000000000124e-01,-4.307000000000000065e-03,-5.143389999999999906e-01,-3.868309999999999804e-01,7.097390000000000088e-01,1.117764999999999898e+00,6.077320000000000499e-01,-9.733690000000000397e-01,-3.868309999999999804e-01,1.092262999999999984e+00,-1.063130000000000047e-01,-5.143389999999999906e-01,6.587359999999999882e-01,1.398282999999999943e+00,9.902570000000000539e-01,-5.908440000000000358e-01,-2.338210000000000011e-01,-4.633360000000000256e-01,1.742049999999999987e-01,1.742049999999999987e-01,-2.980800000000000116e-02,7.862440000000000540e-01,1.487030000000000018e-01,1.742049999999999987e-01,1.997059999999999946e-01,5.567290000000000294e-01,-4.888379999999999947e-01,-1.202884000000000064e+00,2.762109999999999843e-01,-1.063130000000000047e-01,-4.123330000000000051e-01,1.143267000000000033e+00,9.392540000000000333e-01,-6.928509999999999946e-01,7.219799999999999829e-02,9.392540000000000333e-01,8.882499999999999840e-01,-1.063130000000000047e-01,-6.163459999999999495e-01,1.232010000000000050e-01,1.092262999999999984e+00,4.669600000000000140e-02,-9.478670000000000151e-01,2.252079999999999915e-01,7.219799999999999829e-02,2.507099999999999884e-01,5.312280000000000335e-01,1.066761999999999988e+00,-8.203589999999999494e-01,-1.304890000000000105e+00,6.332339999999999636e-01,8.882499999999999840e-01,-1.318149999999999877e-01,1.742049999999999987e-01,2.762109999999999843e-01,1.997059999999999946e-01,7.219799999999999829e-02,9.769999999999999518e-02,-4.378349999999999742e-01,7.607420000000000293e-01,4.037189999999999945e-01,-3.868309999999999804e-01,7.219799999999999829e-02,7.352410000000000334e-01,4.292210000000000192e-01,1.742049999999999987e-01,5.567290000000000294e-01,-8.081199999999999495e-02,-2.848249999999999948e-01,-1.318149999999999877e-01,5.312280000000000335e-01,-8.081199999999999495e-02,2.252079999999999915e-01,-6.673489999999999700e-01,-1.318149999999999877e-01,-8.081199999999999495e-02,5.312280000000000335e-01,2.252079999999999915e-01,3.017130000000000090e-01,8.372469999999999635e-01,7.352410000000000334e-01,-9.478670000000000151e-01,7.219799999999999829e-02,-1.318149999999999877e-01,1.245273000000000074e+00,5.312280000000000335e-01,-1.063130000000000047e-01,-1.573170000000000124e-01,9.769999999999999518e-02,4.669600000000000140e-02,-1.063130000000000047e-01,7.219799999999999829e-02,5.312280000000000335e-01,-2.848249999999999948e-01,-4.633360000000000256e-01,6.077320000000000499e-01,7.352410000000000334e-01,1.487030000000000018e-01,2.507099999999999884e-01,-3.613299999999999845e-01,9.769999999999999518e-02,2.762109999999999843e-01,5.057260000000000089e-01,-1.318149999999999877e-01,1.232010000000000050e-01,6.332339999999999636e-01,6.077320000000000499e-01,-6.928509999999999946e-01,-6.163459999999999495e-01,-8.081199999999999495e-02,7.352410000000000334e-01,6.842369999999999841e-01,6.587359999999999882e-01,3.017130000000000090e-01,-2.980800000000000116e-02,4.037189999999999945e-01,2.119499999999999856e-02,-1.573170000000000124e-01,-1.024372000000000060e+00,-8.081199999999999495e-02,1.372781000000000029e+00,4.037189999999999945e-01,-1.318149999999999877e-01,-8.458609999999999740e-01,9.137520000000000087e-01,3.782179999999999986e-01,7.219799999999999829e-02,-2.083200000000000052e-01,1.487030000000000018e-01,9.769999999999999518e-02,-1.828180000000000083e-01,7.097390000000000088e-01,4.292210000000000192e-01,7.219799999999999829e-02,-3.358280000000000154e-01,2.762109999999999843e-01,3.017130000000000090e-01,-2.338210000000000011e-01,1.997059999999999946e-01,4.037189999999999945e-01,4.037189999999999945e-01,-1.318149999999999877e-01,-8.081199999999999495e-02,7.862440000000000540e-01,-3.103259999999999907e-01,-1.063130000000000047e-01,5.822310000000000541e-01,-5.530999999999999805e-02,-1.585407999999999928e+00,6.332339999999999636e-01,8.372469999999999635e-01,5.822310000000000541e-01,2.762109999999999843e-01,4.547229999999999883e-01,1.232010000000000050e-01,5.567290000000000294e-01,-2.338210000000000011e-01,-8.081199999999999495e-02,-2.848249999999999948e-01,-1.126379000000000019e+00,5.312280000000000335e-01,6.077320000000000499e-01,4.037189999999999945e-01,7.097390000000000088e-01,-5.530999999999999805e-02,7.862440000000000540e-01,9.647550000000000292e-01,1.742049999999999987e-01,-1.330392000000000019e+00,-7.438540000000000152e-01,2.507099999999999884e-01,-3.868309999999999804e-01,4.547229999999999883e-01,7.352410000000000334e-01,8.882499999999999840e-01,3.017130000000000090e-01,7.219799999999999829e-02,3.017130000000000090e-01,2.507099999999999884e-01,-4.633360000000000256e-01,-8.081199999999999495e-02,-2.593230000000000257e-01,4.547229999999999883e-01,3.017130000000000090e-01,3.272140000000000049e-01,3.527159999999999740e-01,-5.398410000000000153e-01,-2.980800000000000116e-02,4.547229999999999883e-01,4.547229999999999883e-01,3.782179999999999986e-01,2.119499999999999856e-02,5.567290000000000294e-01,5.567290000000000294e-01,-5.398410000000000153e-01,-1.063130000000000047e-01,-4.307000000000000065e-03,-2.338210000000000011e-01,6.587359999999999882e-01,-6.928509999999999946e-01,-7.948570000000000357e-01,3.782179999999999986e-01,8.627489999999999881e-01,6.842369999999999841e-01,1.143267000000000033e+00,6.587359999999999882e-01,2.119499999999999856e-02,-1.304890000000000105e+00,-3.358280000000000154e-01,-3.103259999999999907e-01,7.097390000000000088e-01,3.272140000000000049e-01,3.272140000000000049e-01,5.822310000000000541e-01,-3.103259999999999907e-01,-1.318149999999999877e-01,-8.081199999999999495e-02,-8.081199999999999495e-02,4.292210000000000192e-01,1.487030000000000018e-01,1.997059999999999946e-01,9.769999999999999518e-02,7.219799999999999829e-02,8.117459999999999676e-01,5.312280000000000335e-01,-5.530999999999999805e-02,1.232010000000000050e-01,2.252079999999999915e-01,-3.103259999999999907e-01,-6.928509999999999946e-01,7.352410000000000334e-01,-8.081199999999999495e-02,1.487030000000000018e-01,8.627489999999999881e-01,7.219799999999999829e-02,-5.908440000000000358e-01,-8.458609999999999740e-01,3.272140000000000049e-01,8.117459999999999676e-01,6.332339999999999636e-01,4.802239999999999842e-01,6.587359999999999882e-01,1.997059999999999946e-01,-7.693560000000000398e-01,-2.848249999999999948e-01,3.272140000000000049e-01,5.312280000000000335e-01,7.097390000000000088e-01,-4.888379999999999947e-01,-1.406897000000000064e+00,5.057260000000000089e-01,1.296276999999999902e+00,8.372469999999999635e-01,7.219799999999999829e-02,-1.063130000000000047e-01,-4.307000000000000065e-03,2.507099999999999884e-01,3.017130000000000090e-01,-3.613299999999999845e-01,-1.253886999999999974e+00,-4.888379999999999947e-01,2.762109999999999843e-01,1.066761999999999988e+00,1.653299000000000074e+00,9.902570000000000539e-01,-5.908440000000000358e-01,-2.593230000000000257e-01,4.037189999999999945e-01,-1.177381999999999929e+00,-6.928509999999999946e-01,5.822310000000000541e-01,1.321777999999999897e+00,1.742049999999999987e-01,4.802239999999999842e-01,4.037189999999999945e-01,1.232010000000000050e-01,-5.398410000000000153e-01,-1.610910000000000064e+00,6.077320000000000499e-01,-5.530999999999999805e-02,-8.968639999999999946e-01,9.392540000000000333e-01,1.245273000000000074e+00,1.041260000000000074e+00,6.332339999999999636e-01,-1.573170000000000124e-01,2.507099999999999884e-01,4.669600000000000140e-02,3.272140000000000049e-01,-8.713619999999999699e-01,-8.081199999999999495e-02,4.547229999999999883e-01,1.997059999999999946e-01,7.097390000000000088e-01,5.312280000000000335e-01,-8.081199999999999495e-02,-5.398410000000000153e-01,2.119499999999999856e-02,-1.075374999999999970e+00,-2.338210000000000011e-01,6.332339999999999636e-01,-7.183530000000000193e-01,1.015759000000000079e+00,1.806308999999999942e+00,-1.573170000000000124e-01,-5.908440000000000358e-01,9.137520000000000087e-01,8.117459999999999676e-01,-2.338210000000000011e-01,3.527159999999999740e-01,9.392540000000000333e-01,-3.358280000000000154e-01,-1.024372000000000060e+00,-1.126379000000000019e+00,-1.381394999999999929e+00,4.547229999999999883e-01,7.352410000000000334e-01,8.372469999999999635e-01,8.372469999999999635e-01,8.627489999999999881e-01,3.782179999999999986e-01,-4.307000000000000065e-03,7.219799999999999829e-02,4.802239999999999842e-01,-5.908440000000000358e-01,-9.988700000000000356e-01,-2.980800000000000116e-02,3.527159999999999740e-01,8.117459999999999676e-01,-2.593230000000000257e-01,2.119499999999999856e-02,3.017130000000000090e-01,7.607420000000000293e-01,6.332339999999999636e-01,1.194269999999999943e+00,-1.304890000000000105e+00,-6.928509999999999946e-01,5.822310000000000541e-01,1.742049999999999987e-01,-1.814923000000000064e+00,1.041260000000000074e+00,1.245273000000000074e+00,5.312280000000000335e-01,7.352410000000000334e-01,4.292210000000000192e-01,-4.633360000000000256e-01,1.487030000000000018e-01,3.782179999999999986e-01,-4.888379999999999947e-01,2.252079999999999915e-01,1.997059999999999946e-01,-6.928509999999999946e-01,-9.478670000000000151e-01,-1.126379000000000019e+00,1.602295999999999943e+00,7.352410000000000334e-01,8.627489999999999881e-01,4.802239999999999842e-01,5.822310000000000541e-01,6.842369999999999841e-01,-2.338210000000000011e-01,-9.988700000000000356e-01,-1.318149999999999877e-01,2.762109999999999843e-01,5.567290000000000294e-01,3.272140000000000049e-01,-4.378349999999999742e-01,8.372469999999999635e-01,-1.063130000000000047e-01,-1.828180000000000083e-01,1.742049999999999987e-01,6.332339999999999636e-01,1.296276999999999902e+00,1.449286000000000074e+00,-9.223660000000000192e-01,-8.968639999999999946e-01,-4.888379999999999947e-01,-2.980800000000000116e-02,5.312280000000000335e-01,5.822310000000000541e-01,7.352410000000000334e-01,3.017130000000000090e-01,4.669600000000000140e-02,-3.613299999999999845e-01,1.742049999999999987e-01,5.312280000000000335e-01,-2.980800000000000116e-02,-7.438540000000000152e-01,5.057260000000000089e-01,4.037189999999999945e-01,-4.888379999999999947e-01,1.232010000000000050e-01,1.168768000000000029e+00,-2.593230000000000257e-01,-1.355893000000000015e+00,6.332339999999999636e-01,2.137830000000000119e+00,8.882499999999999840e-01,3.017130000000000090e-01,-1.330392000000000019e+00,-2.338210000000000011e-01,9.769999999999999518e-02,6.332339999999999636e-01,1.487030000000000018e-01,-5.530999999999999805e-02,5.567290000000000294e-01,-4.123330000000000051e-01,-4.123330000000000051e-01,5.822310000000000541e-01,-3.613299999999999845e-01,-6.163459999999999495e-01,-3.868309999999999804e-01,1.627798000000000078e+00,9.769999999999999518e-02,1.742049999999999987e-01,6.587359999999999882e-01,5.822310000000000541e-01,2.762109999999999843e-01,4.669600000000000140e-02,-4.378349999999999742e-01,-7.183530000000000193e-01,3.017130000000000090e-01,-5.653430000000000399e-01,4.547229999999999883e-01,7.219799999999999829e-02,-5.908440000000000358e-01,9.137520000000000087e-01,1.423785000000000078e+00,1.742049999999999987e-01,1.997059999999999946e-01,-2.980800000000000116e-02,-2.083200000000000052e-01,-4.123330000000000051e-01,-1.573170000000000124e-01,-2.338210000000000011e-01,2.762109999999999843e-01,4.669600000000000140e-02,3.017130000000000090e-01,5.312280000000000335e-01,5.057260000000000089e-01,-5.908440000000000358e-01,2.762109999999999843e-01,7.862440000000000540e-01,1.347280000000000033e+00,-2.338210000000000011e-01,-1.432398000000000060e+00,9.769999999999999518e-02,9.902570000000000539e-01,8.627489999999999881e-01,-9.478670000000000151e-01,-6.163459999999999495e-01,3.782179999999999986e-01,-2.980800000000000116e-02,1.997059999999999946e-01,5.567290000000000294e-01,-1.573170000000000124e-01,3.272140000000000049e-01,1.347280000000000033e+00,1.066761999999999988e+00,-1.100877000000000105e+00,-1.304890000000000105e+00,2.252079999999999915e-01,5.822310000000000541e-01,7.097390000000000088e-01,6.077320000000000499e-01,4.292210000000000192e-01,3.527159999999999740e-01,-4.123330000000000051e-01,-5.908440000000000358e-01,-6.163459999999999495e-01,-8.081199999999999495e-02,1.232010000000000050e-01,1.742049999999999987e-01,4.292210000000000192e-01,8.372469999999999635e-01,9.647550000000000292e-01,6.332339999999999636e-01,-3.868309999999999804e-01,-7.438540000000000152e-01,3.272140000000000049e-01,-1.828180000000000083e-01,1.997059999999999946e-01,1.487030000000000018e-01,1.232010000000000050e-01,6.332339999999999636e-01,4.292210000000000192e-01,2.762109999999999843e-01,4.292210000000000192e-01,2.762109999999999843e-01,-2.083200000000000052e-01,2.252079999999999915e-01,-7.183530000000000193e-01,-3.358280000000000154e-01,1.232010000000000050e-01,-3.103259999999999907e-01,5.057260000000000089e-01,7.352410000000000334e-01,5.312280000000000335e-01,2.119499999999999856e-02,3.527159999999999740e-01,4.037189999999999945e-01,7.219799999999999829e-02,1.997059999999999946e-01,1.997059999999999946e-01,9.769999999999999518e-02,-8.081199999999999495e-02,-6.163459999999999495e-01,-1.318149999999999877e-01,4.802239999999999842e-01,6.332339999999999636e-01,-2.980800000000000116e-02,2.119499999999999856e-02,-2.593230000000000257e-01,-3.103259999999999907e-01,3.527159999999999740e-01,3.272140000000000049e-01,7.219799999999999829e-02,5.567290000000000294e-01,7.862440000000000540e-01,-1.573170000000000124e-01,-1.318149999999999877e-01,-8.081199999999999495e-02,-3.358280000000000154e-01,4.292210000000000192e-01,5.312280000000000335e-01,4.292210000000000192e-01,3.272140000000000049e-01,2.507099999999999884e-01,7.219799999999999829e-02,-1.063130000000000047e-01,-3.358280000000000154e-01,7.219799999999999829e-02,7.219799999999999829e-02,4.669600000000000140e-02,1.232010000000000050e-01,-2.083200000000000052e-01,4.292210000000000192e-01,3.272140000000000049e-01,9.902570000000000539e-01,1.487030000000000018e-01,-1.304890000000000105e+00,4.292210000000000192e-01,3.782179999999999986e-01,1.321777999999999897e+00,3.272140000000000049e-01,-5.908440000000000358e-01,-1.318149999999999877e-01,1.232010000000000050e-01,4.669600000000000140e-02,1.232010000000000050e-01,1.232010000000000050e-01,-3.868309999999999804e-01,3.272140000000000049e-01,-5.530999999999999805e-02,4.292210000000000192e-01,4.802239999999999842e-01,4.547229999999999883e-01,4.292210000000000192e-01,-2.083200000000000052e-01,-2.044436999999999838e+00,5.057260000000000089e-01,5.057260000000000089e-01,9.769999999999999518e-02,8.627489999999999881e-01,1.015759000000000079e+00,-3.868309999999999804e-01,-2.848249999999999948e-01,6.587359999999999882e-01,1.742049999999999987e-01,2.252079999999999915e-01,2.119499999999999856e-02,1.997059999999999946e-01,4.802239999999999842e-01,-5.653430000000000399e-01,-3.358280000000000154e-01,4.547229999999999883e-01,1.997059999999999946e-01,5.057260000000000089e-01,-4.307000000000000065e-03,-5.653430000000000399e-01,-1.636411000000000060e+00,8.117459999999999676e-01,9.647550000000000292e-01,1.066761999999999988e+00,1.245273000000000074e+00,6.842369999999999841e-01,-1.063130000000000047e-01,1.742049999999999987e-01,-7.693560000000000398e-01,-9.223660000000000192e-01,5.057260000000000089e-01,6.332339999999999636e-01,3.527159999999999740e-01,5.057260000000000089e-01,4.669600000000000140e-02,-1.063130000000000047e-01,7.219799999999999829e-02,-1.828180000000000083e-01,-3.358280000000000154e-01,-5.530999999999999805e-02,-8.081199999999999495e-02,-1.063130000000000047e-01,7.607420000000000293e-01,5.567290000000000294e-01,7.862440000000000540e-01,-3.358280000000000154e-01,2.762109999999999843e-01,3.272140000000000049e-01,1.232010000000000050e-01,-4.123330000000000051e-01,6.332339999999999636e-01,7.219799999999999829e-02,-8.458609999999999740e-01,6.332339999999999636e-01,6.332339999999999636e-01,5.312280000000000335e-01,5.822310000000000541e-01,-2.338210000000000011e-01,-3.868309999999999804e-01,2.762109999999999843e-01,-1.318149999999999877e-01,-4.123330000000000051e-01,-8.081199999999999495e-02,8.372469999999999635e-01,7.862440000000000540e-01,-3.613299999999999845e-01,-1.573170000000000124e-01,-1.063130000000000047e-01,3.272140000000000049e-01,4.037189999999999945e-01,7.607420000000000293e-01,3.017130000000000090e-01,3.782179999999999986e-01,-4.888379999999999947e-01,4.547229999999999883e-01,-1.063130000000000047e-01,-1.483402000000000109e+00,4.669600000000000140e-02,8.117459999999999676e-01,3.782179999999999986e-01,5.312280000000000335e-01,5.057260000000000089e-01,4.037189999999999945e-01,1.232010000000000050e-01,-5.530999999999999805e-02,1.742049999999999987e-01,-1.063130000000000047e-01,3.017130000000000090e-01,-1.573170000000000124e-01,1.997059999999999946e-01,-2.980800000000000116e-02,4.547229999999999883e-01,-5.653430000000000399e-01,7.219799999999999829e-02,4.037189999999999945e-01,1.232010000000000050e-01,-4.307000000000000065e-03,4.802239999999999842e-01,8.117459999999999676e-01,-2.593230000000000257e-01,-2.980800000000000116e-02,-5.908440000000000358e-01,1.066761999999999988e+00,2.252079999999999915e-01,3.782179999999999986e-01,5.567290000000000294e-01,6.587359999999999882e-01,-2.980800000000000116e-02,-3.358280000000000154e-01,-5.530999999999999805e-02,2.119499999999999856e-02,-2.848249999999999948e-01,1.487030000000000018e-01,4.669600000000000140e-02,3.017130000000000090e-01,1.232010000000000050e-01,-1.828180000000000083e-01,2.119499999999999856e-02,5.567290000000000294e-01,1.997059999999999946e-01,3.527159999999999740e-01,3.527159999999999740e-01,-2.848249999999999948e-01,4.037189999999999945e-01,6.077320000000000499e-01,-2.980800000000000116e-02,-3.358280000000000154e-01,-3.358280000000000154e-01,5.567290000000000294e-01,1.270774999999999988e+00,-5.653430000000000399e-01,-6.673489999999999700e-01,2.119499999999999856e-02,5.057260000000000089e-01,-1.063130000000000047e-01,4.802239999999999842e-01,8.627489999999999881e-01,6.332339999999999636e-01,1.487030000000000018e-01,1.232010000000000050e-01,-1.573170000000000124e-01,-2.980800000000000116e-02,-2.848249999999999948e-01,-2.848249999999999948e-01,-4.888379999999999947e-01,1.997059999999999946e-01,4.292210000000000192e-01,5.822310000000000541e-01,1.232010000000000050e-01,4.037189999999999945e-01,6.587359999999999882e-01,-5.398410000000000153e-01,4.669600000000000140e-02,7.352410000000000334e-01,2.507099999999999884e-01,3.272140000000000049e-01,4.037189999999999945e-01,-6.163459999999999495e-01,-2.338210000000000011e-01,-3.613299999999999845e-01,-4.888379999999999947e-01,7.352410000000000334e-01,7.862440000000000540e-01,6.842369999999999841e-01,-1.828180000000000083e-01,7.219799999999999829e-02,5.312280000000000335e-01,1.232010000000000050e-01,-7.438540000000000152e-01,-3.358280000000000154e-01,9.137520000000000087e-01,1.232010000000000050e-01,3.527159999999999740e-01,-8.081199999999999495e-02,3.017130000000000090e-01,1.232010000000000050e-01,-1.318149999999999877e-01,4.802239999999999842e-01,5.057260000000000089e-01,-8.081199999999999495e-02,-3.103259999999999907e-01,1.232010000000000050e-01,7.097390000000000088e-01,7.352410000000000334e-01,2.762109999999999843e-01,-7.438540000000000152e-01,-1.993433999999999928e+00,1.347280000000000033e+00,4.037189999999999945e-01,-2.848249999999999948e-01,8.882499999999999840e-01,6.332339999999999636e-01,5.567290000000000294e-01,3.272140000000000049e-01,3.272140000000000049e-01,-4.378349999999999742e-01,-5.398410000000000153e-01,2.252079999999999915e-01,7.219799999999999829e-02,1.232010000000000050e-01,-4.307000000000000065e-03,3.017130000000000090e-01,1.487030000000000018e-01,2.507099999999999884e-01,3.272140000000000049e-01,2.762109999999999843e-01,-4.888379999999999947e-01,-2.848249999999999948e-01,-1.891428000000000109e+00,-4.633360000000000256e-01,1.219772000000000078e+00,1.908315999999999901e+00,1.704302999999999901e+00,2.252079999999999915e-01,-2.593230000000000257e-01,-1.318149999999999877e-01,5.312280000000000335e-01,4.802239999999999842e-01,-3.868309999999999804e-01,-9.988700000000000356e-01,-3.103259999999999907e-01,-1.063130000000000047e-01,3.527159999999999740e-01,8.627489999999999881e-01,6.077320000000000499e-01,1.997059999999999946e-01,3.527159999999999740e-01,-2.338210000000000011e-01,1.232010000000000050e-01,-2.848249999999999948e-01,-1.318149999999999877e-01,1.742049999999999987e-01,-4.307000000000000065e-03,4.037189999999999945e-01,1.066761999999999988e+00,-4.123330000000000051e-01,-1.763919000000000015e+00,2.252079999999999915e-01,1.015759000000000079e+00,1.092262999999999984e+00,9.392540000000000333e-01,5.822310000000000541e-01,5.057260000000000089e-01,3.272140000000000049e-01,-6.673489999999999700e-01,-6.418479999999999741e-01,7.219799999999999829e-02,1.997059999999999946e-01,-4.123330000000000051e-01,-5.653430000000000399e-01,-1.573170000000000124e-01,4.292210000000000192e-01,1.015759000000000079e+00,3.017130000000000090e-01,-1.712916000000000105e+00,-5.143389999999999906e-01,1.678800999999999988e+00,1.117764999999999898e+00,1.372781000000000029e+00,-1.063130000000000047e-01,-9.988700000000000356e-01,2.252079999999999915e-01,4.547229999999999883e-01,3.527159999999999740e-01,-3.358280000000000154e-01,-1.063130000000000047e-01,1.232010000000000050e-01,3.272140000000000049e-01,-1.063130000000000047e-01,-1.573170000000000124e-01,1.232010000000000050e-01,1.232010000000000050e-01,2.252079999999999915e-01,3.527159999999999740e-01,5.312280000000000335e-01,-8.081199999999999495e-02,-4.378349999999999742e-01,4.037189999999999945e-01,4.802239999999999842e-01,-7.183530000000000193e-01,-1.355893000000000015e+00,1.194269999999999943e+00,1.347280000000000033e+00,3.017130000000000090e-01,1.398282999999999943e+00,6.842369999999999841e-01,2.252079999999999915e-01,-3.103259999999999907e-01,-2.018936000000000064e+00,-1.177381999999999929e+00,1.487030000000000018e-01,7.862440000000000540e-01,1.449286000000000074e+00,5.057260000000000089e-01,-1.075374999999999970e+00,6.842369999999999841e-01,7.352410000000000334e-01,-4.633360000000000256e-01,-2.848249999999999948e-01,5.567290000000000294e-01,1.997059999999999946e-01,1.742049999999999987e-01,3.017130000000000090e-01,-5.908440000000000358e-01,3.017130000000000090e-01,-1.573170000000000124e-01,2.252079999999999915e-01,7.352410000000000334e-01,4.802239999999999842e-01,1.117764999999999898e+00,-4.378349999999999742e-01,-1.100877000000000105e+00,2.507099999999999884e-01,1.015759000000000079e+00,3.272140000000000049e-01,-3.358280000000000154e-01,4.669600000000000140e-02,2.507099999999999884e-01,4.669600000000000140e-02,6.332339999999999636e-01,-1.075374999999999970e+00,-3.613299999999999845e-01,1.015759000000000079e+00,7.862440000000000540e-01,4.669600000000000140e-02,-5.530999999999999805e-02,2.507099999999999884e-01,-1.573170000000000124e-01,4.802239999999999842e-01,1.041260000000000074e+00,-1.534405000000000019e+00,-1.661912999999999974e+00,2.507099999999999884e-01,1.117764999999999898e+00,9.902570000000000539e-01,9.137520000000000087e-01,9.902570000000000539e-01,5.822310000000000541e-01,-4.378349999999999742e-01,-6.673489999999999700e-01,-3.358280000000000154e-01,7.862440000000000540e-01,-1.573170000000000124e-01,-3.358280000000000154e-01,3.272140000000000049e-01,-1.063130000000000047e-01,-6.418479999999999741e-01,2.119499999999999856e-02,-4.307000000000000065e-03,8.117459999999999676e-01,1.194269999999999943e+00,6.332339999999999636e-01,-9.478670000000000151e-01,-2.980800000000000116e-02,6.332339999999999636e-01,1.270774999999999988e+00,8.117459999999999676e-01,-9.988700000000000356e-01,-1.636411000000000060e+00,-4.307000000000000065e-03,7.862440000000000540e-01,6.587359999999999882e-01,1.194269999999999943e+00,3.017130000000000090e-01,-3.358280000000000154e-01,-8.968639999999999946e-01,-4.888379999999999947e-01,4.547229999999999883e-01,1.245273000000000074e+00,3.272140000000000049e-01,-4.307000000000000065e-03,9.769999999999999518e-02,2.762109999999999843e-01,-7.948570000000000357e-01,-1.381394999999999929e+00,4.802239999999999842e-01,7.097390000000000088e-01,4.292210000000000192e-01,1.194269999999999943e+00,9.902570000000000539e-01,-2.980800000000000116e-02,-4.888379999999999947e-01,-1.318149999999999877e-01,4.292210000000000192e-01,6.077320000000000499e-01,3.017130000000000090e-01,5.312280000000000335e-01,-7.183530000000000193e-01,3.017130000000000090e-01,-2.338210000000000011e-01,-1.253886999999999974e+00,7.097390000000000088e-01,9.392540000000000333e-01,-6.928509999999999946e-01,3.272140000000000049e-01,-3.868309999999999804e-01,1.372781000000000029e+00,5.567290000000000294e-01,-3.868309999999999804e-01,-4.378349999999999742e-01,6.587359999999999882e-01,7.862440000000000540e-01,1.143267000000000033e+00,1.015759000000000079e+00,-1.318149999999999877e-01,-2.477965000000000195e+00,-1.063130000000000047e-01,5.567290000000000294e-01,3.527159999999999740e-01,-2.083200000000000052e-01,-3.868309999999999804e-01,2.762109999999999843e-01,1.423785000000000078e+00,5.567290000000000294e-01,1.321777999999999897e+00,-2.980800000000000116e-02,-1.330392000000000019e+00,-1.318149999999999877e-01,4.802239999999999842e-01,4.037189999999999945e-01,3.782179999999999986e-01,7.219799999999999829e-02,-1.318149999999999877e-01,-2.338210000000000011e-01,4.037189999999999945e-01,4.669600000000000140e-02,-8.081199999999999495e-02,3.782179999999999986e-01,-3.613299999999999845e-01,5.057260000000000089e-01,6.077320000000000499e-01
5.312280000000000335e-01,-1.063130000000000047e-01,-2.848249999999999948e-01,-3.358280000000000154e-01,-1.828180000000000083e-01,1.232010000000000050e-01,3.017130000000000090e-01,3.527159999999999740e-01,3.272140000000000049e-01,-2.980800000000000116e-02,2.507099999999999884e-01,4.292210000000000192e-01,-2.980800000000000116e-02,-2.980800000000000116e-02,3.272140000000000049e-01,8.372469999999999635e-01,3.272140000000000049e-01,4.669600000000000140e-02,-1.573170000000000124e-01,-5.530999999999999805e-02,-1.063130000000000047e-01,-1.573170000000000124e-01,7.219799999999999829e-02,1.232010000000000050e-01,1.742049999999999987e-01,2.252079999999999915e-01,3.272140000000000049e-01,2.762109999999999843e-01,2.252079999999999915e-01,2.762109999999999843e-01,1.232010000000000050e-01,-2.980800000000000116e-02,-8.081199999999999495e-02,-2.980800000000000116e-02,1.487030000000000018e-01,2.252079999999999915e-01,3.017130000000000090e-01,1.742049999999999987e-01,2.762109999999999843e-01,7.219799999999999829e-02,2.119499999999999856e-02,9.769999999999999518e-02,-4.307000000000000065e-03,7.219799999999999829e-02,3.272140000000000049e-01,2.507099999999999884e-01,7.219799999999999829e-02,2.762109999999999843e-01,3.017130000000000090e-01,1.232010000000000050e-01,-1.573170000000000124e-01,1.997059999999999946e-01,2.119499999999999856e-02,2.762109999999999843e-01,2.252079999999999915e-01,-2.980800000000000116e-02,-5.530999999999999805e-02,1.232010000000000050e-01,9.769999999999999518e-02,7.219799999999999829e-02,2.119499999999999856e-02,7.219799999999999829e-02,3.272140000000000049e-01,4.292210000000000192e-01,4.802239999999999842e-01,2.762109999999999843e-01,1.232010000000000050e-01,1.232010000000000050e-01,-4.307000000000000065e-03,-2.980800000000000116e-02,-2.980800000000000116e-02,2.252079999999999915e-01,2.119499999999999856e-02,-3.358280000000000154e-01,2.119499999999999856e-02,2.507099999999999884e-01,3.272140000000000049e-01,3.782179999999999986e-01,1.487030000000000018e-01,9.769999999999999518e-02,1.487030000000000018e-01,2.252079999999999915e-01,3.272140000000000049e-01,7.219799999999999829e-02,4.669600000000000140e-02,3.782179999999999986e-01,1.742049999999999987e-01,-1.318149999999999877e-01,9.769999999999999518e-02,1.742049999999999987e-01,1.487030000000000018e-01,-2.980800000000000116e-02,1.232010000000000050e-01,1.232010000000000050e-01,1.232010000000000050e-01,1.232010000000000050e-01,9.769999999999999518e-02,3.017130000000000090e-01,2.252079999999999915e-01,1.232010000000000050e-01,-1.063130000000000047e-01,2.762109999999999843e-01,7.097390000000000088e-01,6.332339999999999636e-01,3.782179999999999986e-01,-1.828180000000000083e-01,-8.081199999999999495e-02,-1.063130000000000047e-01,-1.318149999999999877e-01,-3.358280000000000154e-01,-1.318149999999999877e-01,-8.081199999999999495e-02,7.219799999999999829e-02,5.312280000000000335e-01,5.312280000000000335e-01,3.272140000000000049e-01,4.292210000000000192e-01,2.252079999999999915e-01,1.232010000000000050e-01,1.487030000000000018e-01,2.119499999999999856e-02,-5.530999999999999805e-02,-4.307000000000000065e-03,4.669600000000000140e-02,2.762109999999999843e-01,2.252079999999999915e-01,1.232010000000000050e-01,3.272140000000000049e-01,5.312280000000000335e-01,3.017130000000000090e-01,-2.338210000000000011e-01,-4.888379999999999947e-01,2.119499999999999856e-02,1.487030000000000018e-01,3.527159999999999740e-01,5.567290000000000294e-01,3.782179999999999986e-01,-3.103259999999999907e-01,9.769999999999999518e-02,3.017130000000000090e-01,4.292210000000000192e-01,-8.081199999999999495e-02,-1.063130000000000047e-01,1.487030000000000018e-01,2.762109999999999843e-01,1.487030000000000018e-01,-1.318149999999999877e-01,5.312280000000000335e-01,1.997059999999999946e-01,-4.307000000000000065e-03,-1.828180000000000083e-01,-2.848249999999999948e-01,2.507099999999999884e-01,4.802239999999999842e-01,2.762109999999999843e-01,1.232010000000000050e-01,1.487030000000000018e-01,3.527159999999999740e-01,2.252079999999999915e-01,1.742049999999999987e-01,2.119499999999999856e-02,2.119499999999999856e-02,4.037189999999999945e-01,7.219799999999999829e-02,4.547229999999999883e-01,4.669600000000000140e-02,7.219799999999999829e-02,-1.573170000000000124e-01,-2.593230000000000257e-01,-6.928509999999999946e-01,2.252079999999999915e-01,4.292210000000000192e-01,5.312280000000000335e-01,9.137520000000000087e-01,7.352410000000000334e-01,3.527159999999999740e-01,-4.307000000000000065e-03,-1.063130000000000047e-01,-1.063130000000000047e-01,-1.063130000000000047e-01,-8.081199999999999495e-02,5.822310000000000541e-01,1.742049999999999987e-01,-2.083200000000000052e-01,-4.633360000000000256e-01,5.312280000000000335e-01,8.627489999999999881e-01,5.057260000000000089e-01,-1.573170000000000124e-01,-7.693560000000000398e-01,-1.063130000000000047e-01,4.037189999999999945e-01,6.587359999999999882e-01,4.037189999999999945e-01,-3.868309999999999804e-01,-8.081199999999999495e-02,7.607420000000000293e-01,9.647550000000000292e-01,5.822310000000000541e-01,-1.828180000000000083e-01,-1.063130000000000047e-01,-3.358280000000000154e-01,-7.183530000000000193e-01,-1.573170000000000124e-01,5.567290000000000294e-01,8.882499999999999840e-01,-3.868309999999999804e-01,-7.183530000000000193e-01,6.077320000000000499e-01,5.567290000000000294e-01,-2.338210000000000011e-01,-4.888379999999999947e-01,1.143267000000000033e+00,-7.693560000000000398e-01,-1.318149999999999877e-01,1.678800999999999988e+00,1.933816999999999897e+00,9.769999999999999518e-02,-4.307000000000000065e-03,3.782179999999999986e-01,-5.143389999999999906e-01,-1.228385000000000060e+00,2.119499999999999856e-02,1.487030000000000018e-01,-5.530999999999999805e-02,4.292210000000000192e-01,-1.828180000000000083e-01,-8.081199999999999495e-02,8.882499999999999840e-01,1.997059999999999946e-01,-3.103259999999999907e-01,-5.398410000000000153e-01,4.802239999999999842e-01,2.061326000000000214e+00,-5.908440000000000358e-01,-3.868309999999999804e-01,1.487030000000000018e-01,3.272140000000000049e-01,2.252079999999999915e-01,1.219772000000000078e+00,1.347280000000000033e+00,-5.908440000000000358e-01,-3.600036999999999932e+00,8.882499999999999840e-01,5.312280000000000335e-01,2.252079999999999915e-01,1.347280000000000033e+00,-3.613299999999999845e-01,-5.908440000000000358e-01,2.163332000000000033e+00,-2.980800000000000116e-02,-2.681977999999999973e+00,1.232010000000000050e-01,4.547229999999999883e-01,2.469352000000000213e+00,2.137830000000000119e+00,-1.840424000000000060e+00,-4.212075999999999709e+00,-4.307000000000000065e-03,4.292210000000000192e-01,1.602295999999999943e+00,1.398282999999999943e+00,9.902570000000000539e-01,1.143267000000000033e+00,5.312280000000000335e-01,4.292210000000000192e-01,-7.183530000000000193e-01,-3.702043999999999890e+00,-5.143389999999999906e-01,2.010321999999999942e+00,1.232010000000000050e-01,1.729803999999999897e+00,1.041260000000000074e+00,-1.049873999999999974e+00,-1.318149999999999877e-01,-6.163459999999999495e-01,-7.693560000000000398e-01,1.041260000000000074e+00,7.352410000000000334e-01,1.882813999999999988e+00,4.292210000000000192e-01,-1.304890000000000105e+00,-1.432398000000000060e+00,7.352410000000000334e-01,1.678800999999999988e+00,-3.103259999999999907e-01,1.997059999999999946e-01,-6.163459999999999495e-01,-1.534405000000000019e+00,-3.613299999999999845e-01,6.842369999999999841e-01,2.265338999999999992e+00,6.332339999999999636e-01,-1.330392000000000019e+00,1.423785000000000078e+00,6.077320000000000499e-01,8.117459999999999676e-01,9.902570000000000539e-01,-2.401460000000000150e+00,-7.693560000000000398e-01,2.112328999999999901e+00,-1.330392000000000019e+00,-3.702043999999999890e+00,7.352410000000000334e-01,1.500289999999999901e+00,2.367344999999999811e+00,4.037189999999999945e-01,-1.636411000000000060e+00,1.143267000000000033e+00,-3.358280000000000154e-01,-3.613299999999999845e-01,1.296276999999999902e+00,9.137520000000000087e-01,2.469352000000000213e+00,-4.633360000000000256e-01,-3.702043999999999890e+00,2.119499999999999856e-02,3.017130000000000090e-01,-1.559906000000000015e+00,5.312280000000000335e-01,3.527159999999999740e-01,2.507099999999999884e-01,8.372469999999999635e-01,3.782179999999999986e-01,2.119499999999999856e-02,7.219799999999999829e-02,1.296276999999999902e+00,3.272140000000000049e-01,1.487030000000000018e-01,2.252079999999999915e-01,6.332339999999999636e-01,-3.358280000000000154e-01,-7.183530000000000193e-01,-1.304890000000000105e+00,-5.653430000000000399e-01,1.270774999999999988e+00,9.392540000000000333e-01,1.321777999999999897e+00,3.782179999999999986e-01,8.372469999999999635e-01,-2.809486000000000150e+00,-3.651040000000000063e+00,1.780807999999999947e+00,1.908315999999999901e+00,2.010321999999999942e+00,1.066761999999999988e+00,-1.828180000000000083e-01,-2.338210000000000011e-01,-2.338210000000000011e-01,-2.980800000000000116e-02,-1.151880000000000015e+00,-5.530999999999999805e-02,1.551293000000000033e+00,8.117459999999999676e-01,-1.763919000000000015e+00,-1.126379000000000019e+00,5.567290000000000294e-01,7.352410000000000334e-01,1.678800999999999988e+00,-2.083200000000000052e-01,9.769999999999999518e-02,7.607420000000000293e-01,-1.063130000000000047e-01,3.272140000000000049e-01,8.882499999999999840e-01,2.507099999999999884e-01,-9.988700000000000356e-01,1.997059999999999946e-01,1.321777999999999897e+00,1.117764999999999898e+00,-1.840424000000000060e+00,-1.432398000000000060e+00,-1.075374999999999970e+00,1.423785000000000078e+00,2.953882999999999814e+00,7.352410000000000334e-01,4.669600000000000140e-02,-6.673489999999999700e-01,-2.834988000000000063e+00,-5.530999999999999805e-02,6.332339999999999636e-01,1.525790999999999897e+00,2.163332000000000033e+00,-4.307000000000000065e-03,-1.916929000000000105e+00,1.653299000000000074e+00,9.392540000000000333e-01,-1.253886999999999974e+00,-2.980800000000000116e-02,4.802239999999999842e-01,1.806308999999999942e+00,-7.693560000000000398e-01,-2.860489999999999977e+00,-7.693560000000000398e-01,1.984820999999999946e+00,1.653299000000000074e+00,8.627489999999999881e-01,4.802239999999999842e-01,-3.358280000000000154e-01,-1.063130000000000047e-01,9.769999999999999518e-02,-2.593230000000000257e-01,-1.457899999999999974e+00,-1.063130000000000047e-01,6.587359999999999882e-01,1.117764999999999898e+00,1.347280000000000033e+00,4.292210000000000192e-01,2.252079999999999915e-01,-5.908440000000000358e-01,-1.063130000000000047e-01,-3.358280000000000154e-01,3.782179999999999986e-01,7.352410000000000334e-01,5.057260000000000089e-01,-1.318149999999999877e-01,-2.834988000000000063e+00,-1.228385000000000060e+00,1.500289999999999901e+00,1.194269999999999943e+00,1.015759000000000079e+00,8.627489999999999881e-01,1.602295999999999943e+00,1.143267000000000033e+00,-8.713619999999999699e-01,-1.712916000000000105e+00,-7.438540000000000152e-01,4.669600000000000140e-02,1.232010000000000050e-01,1.117764999999999898e+00,9.902570000000000539e-01,1.347280000000000033e+00,-5.908440000000000358e-01,4.037189999999999945e-01,-7.183530000000000193e-01,-1.508903000000000105e+00,-2.083200000000000052e-01,4.547229999999999883e-01,1.755306000000000033e+00,8.117459999999999676e-01,2.507099999999999884e-01,4.292210000000000192e-01,1.742049999999999987e-01,1.232010000000000050e-01,-3.868309999999999804e-01,-2.848249999999999948e-01,3.017130000000000090e-01,-4.123330000000000051e-01,-7.948570000000000357e-01,1.755306000000000033e+00,7.219799999999999829e-02,-5.530999999999999805e-02,-1.406897000000000064e+00,1.602295999999999943e+00,6.587359999999999882e-01,-2.338210000000000011e-01,3.272140000000000049e-01,2.507099999999999884e-01,1.474787999999999988e+00,1.742049999999999987e-01,-2.083200000000000052e-01,-8.968639999999999946e-01,6.842369999999999841e-01,2.137830000000000119e+00,4.292210000000000192e-01,-2.222948999999999842e+00,-1.763919000000000015e+00,1.232010000000000050e-01,1.194269999999999943e+00,2.112328999999999901e+00,1.678800999999999988e+00,-3.141007999999999800e+00,-2.426962000000000064e+00,7.352410000000000334e-01,1.092262999999999984e+00,1.347280000000000033e+00,7.862440000000000540e-01,4.037189999999999945e-01,1.742049999999999987e-01,-8.203589999999999494e-01,1.015759000000000079e+00,-1.828180000000000083e-01,-1.559906000000000015e+00,9.137520000000000087e-01,7.219799999999999829e-02,-1.406897000000000064e+00,-1.661912999999999974e+00,2.061326000000000214e+00,1.500289999999999901e+00,1.245273000000000074e+00,8.372469999999999635e-01,8.372469999999999635e-01,3.017130000000000090e-01,-2.171946000000000154e+00,-2.069939000000000195e+00,-8.081199999999999495e-02,9.647550000000000292e-01,7.607420000000000293e-01,1.997059999999999946e-01,4.669600000000000140e-02,4.292210000000000192e-01,2.119499999999999856e-02,6.842369999999999841e-01,-3.358280000000000154e-01,-1.075374999999999970e+00,1.831811000000000078e+00,8.117459999999999676e-01,-3.613299999999999845e-01,1.729803999999999897e+00,-8.458609999999999740e-01,-1.355893000000000015e+00,9.647550000000000292e-01,1.474787999999999988e+00,-2.338210000000000011e-01,-1.228385000000000060e+00,5.312280000000000335e-01,-7.183530000000000193e-01,5.312280000000000335e-01,-2.593230000000000257e-01,3.782179999999999986e-01,-3.868309999999999804e-01,-2.083200000000000052e-01,7.862440000000000540e-01,4.292210000000000192e-01,-1.355893000000000015e+00,-6.418479999999999741e-01,1.627798000000000078e+00,9.769999999999999518e-02,1.653299000000000074e+00,9.392540000000000333e-01,2.119499999999999856e-02,2.507099999999999884e-01,4.292210000000000192e-01,1.423785000000000078e+00,-1.304890000000000105e+00,-6.405217000000000382e+00,3.527159999999999740e-01,2.851875999999999856e+00,6.077320000000000499e-01,1.742049999999999987e-01,2.673364999999999991e+00,7.352410000000000334e-01,-1.559906000000000015e+00,-1.063130000000000047e-01,3.272140000000000049e-01,3.527159999999999740e-01,9.769999999999999518e-02,-2.593230000000000257e-01,2.252079999999999915e-01,4.037189999999999945e-01,1.232010000000000050e-01,-2.083200000000000052e-01,-3.358280000000000154e-01,-1.318149999999999877e-01,-4.378349999999999742e-01,6.332339999999999636e-01,6.332339999999999636e-01,7.097390000000000088e-01,-7.693560000000000398e-01,-4.307000000000000065e-03,1.041260000000000074e+00,1.500289999999999901e+00,2.367344999999999811e+00,9.137520000000000087e-01,-3.472529000000000199e+00,-7.948570000000000357e-01,1.882813999999999988e+00,-6.928509999999999946e-01,-5.143389999999999906e-01,3.782179999999999986e-01,1.245273000000000074e+00,-9.988700000000000356e-01,-9.223660000000000192e-01,1.984820999999999946e+00,1.041260000000000074e+00,1.997059999999999946e-01,-4.888379999999999947e-01,-9.223660000000000192e-01,2.762109999999999843e-01,-1.828180000000000083e-01,5.567290000000000294e-01,1.270774999999999988e+00,7.352410000000000334e-01,-2.248451000000000199e+00,-1.100877000000000105e+00,8.372469999999999635e-01,2.188833999999999946e+00,-7.693560000000000398e-01,-7.693560000000000398e-01,1.908315999999999901e+00,-6.418479999999999741e-01,9.392540000000000333e-01,4.802239999999999842e-01,3.272140000000000049e-01,-1.318149999999999877e-01,6.842369999999999841e-01,-5.653430000000000399e-01,-1.483402000000000109e+00,3.782179999999999986e-01,1.449286000000000074e+00,-8.968639999999999946e-01,-2.273951999999999973e+00,8.627489999999999881e-01,8.627489999999999881e-01,1.245273000000000074e+00,1.117764999999999898e+00,-2.848249999999999948e-01,7.219799999999999829e-02,7.607420000000000293e-01,2.252079999999999915e-01,-2.593230000000000257e-01,-2.834988000000000063e+00,7.862440000000000540e-01,1.449286000000000074e+00,1.270774999999999988e+00,1.219772000000000078e+00,3.782179999999999986e-01,4.292210000000000192e-01,2.119499999999999856e-02,1.232010000000000050e-01,-1.126379000000000019e+00,-5.530999999999999805e-02,-6.163459999999999495e-01,-1.177381999999999929e+00,-3.103259999999999907e-01,6.077320000000000499e-01,1.551293000000000033e+00,8.882499999999999840e-01,9.647550000000000292e-01,-1.828180000000000083e-01,-6.928509999999999946e-01,-3.868309999999999804e-01,-4.888379999999999947e-01,5.057260000000000089e-01,1.704302999999999901e+00,7.862440000000000540e-01,-5.908440000000000358e-01,-2.848249999999999948e-01,1.933816999999999897e+00,5.312280000000000335e-01,-5.653430000000000399e-01,-1.381394999999999929e+00,-1.891428000000000109e+00,-1.840424000000000060e+00,1.627798000000000078e+00,9.902570000000000539e-01,1.551293000000000033e+00,1.219772000000000078e+00,8.882499999999999840e-01,1.742049999999999987e-01,-1.151880000000000015e+00,-5.653430000000000399e-01,-1.573170000000000124e-01,4.037189999999999945e-01,6.842369999999999841e-01,1.487030000000000018e-01,1.742049999999999987e-01,-1.024372000000000060e+00,-8.081199999999999495e-02,4.669600000000000140e-02,-4.888379999999999947e-01,1.296276999999999902e+00,2.507099999999999884e-01,9.902570000000000539e-01,-6.928509999999999946e-01,-3.868309999999999804e-01,1.398282999999999943e+00,6.332339999999999636e-01,-2.083200000000000052e-01,3.272140000000000049e-01,1.997059999999999946e-01,1.143267000000000033e+00,6.587359999999999882e-01,-5.653430000000000399e-01,-1.967932999999999932e+00,-6.673489999999999700e-01,3.272140000000000049e-01,1.092262999999999984e+00,6.077320000000000499e-01,-8.203589999999999494e-01,5.822310000000000541e-01,1.270774999999999988e+00,-1.228385000000000060e+00,-7.948570000000000357e-01,1.742049999999999987e-01,3.272140000000000049e-01,1.194269999999999943e+00,1.933816999999999897e+00,4.547229999999999883e-01,4.547229999999999883e-01,1.997059999999999946e-01,-1.100877000000000105e+00,-2.848249999999999948e-01,4.669600000000000140e-02,-1.573170000000000124e-01,5.567290000000000294e-01,4.292210000000000192e-01,-9.988700000000000356e-01,-1.828180000000000083e-01,7.219799999999999829e-02,5.567290000000000294e-01,-4.307000000000000065e-03,9.769999999999999518e-02,3.017130000000000090e-01,8.117459999999999676e-01,1.551293000000000033e+00,-2.083200000000000052e-01,-1.712916000000000105e+00,-7.948570000000000357e-01,9.392540000000000333e-01,1.168768000000000029e+00,1.092262999999999984e+00,-1.024372000000000060e+00,1.423785000000000078e+00,4.547229999999999883e-01,-1.406897000000000064e+00,-1.318149999999999877e-01,3.782179999999999986e-01,3.272140000000000049e-01,3.782179999999999986e-01,7.352410000000000334e-01,-1.049873999999999974e+00,-1.075374999999999970e+00,1.449286000000000074e+00,2.252079999999999915e-01,-8.968639999999999946e-01,9.392540000000000333e-01,5.312280000000000335e-01,3.782179999999999986e-01,-6.673489999999999700e-01,-7.183530000000000193e-01,1.997059999999999946e-01,4.292210000000000192e-01,-1.573170000000000124e-01,1.092262999999999984e+00,1.984820999999999946e+00,4.802239999999999842e-01,-8.968639999999999946e-01,-1.636411000000000060e+00,2.507099999999999884e-01,7.219799999999999829e-02,-3.358280000000000154e-01,4.802239999999999842e-01,6.332339999999999636e-01,4.547229999999999883e-01,1.219772000000000078e+00,-7.183530000000000193e-01,-3.358280000000000154e-01,1.997059999999999946e-01,5.312280000000000335e-01,2.762109999999999843e-01,1.232010000000000050e-01,3.527159999999999740e-01,-5.908440000000000358e-01,-1.828180000000000083e-01,-8.713619999999999699e-01,-3.358280000000000154e-01,9.647550000000000292e-01,4.802239999999999842e-01,5.057260000000000089e-01,4.292210000000000192e-01,9.647550000000000292e-01,2.252079999999999915e-01,-1.279387999999999970e+00,5.057260000000000089e-01,4.292210000000000192e-01,-6.673489999999999700e-01,-7.948570000000000357e-01,1.831811000000000078e+00,-7.693560000000000398e-01,-6.163459999999999495e-01,6.332339999999999636e-01,5.312280000000000335e-01,1.653299000000000074e+00,2.137830000000000119e+00,-3.217512999999999845e+00,-1.763919000000000015e+00,9.647550000000000292e-01,2.010321999999999942e+00,8.372469999999999635e-01,3.782179999999999986e-01,-1.318149999999999877e-01,9.769999999999999518e-02,-2.593230000000000257e-01,-4.378349999999999742e-01,2.252079999999999915e-01,-1.828180000000000083e-01,-4.123330000000000051e-01,2.119499999999999856e-02,-1.318149999999999877e-01,3.272140000000000049e-01,4.037189999999999945e-01,1.449286000000000074e+00,4.547229999999999883e-01,1.143267000000000033e+00,-8.081199999999999495e-02,-8.968639999999999946e-01,4.802239999999999842e-01,-1.432398000000000060e+00,4.802239999999999842e-01,4.292210000000000192e-01,-1.063130000000000047e-01,7.352410000000000334e-01,2.252079999999999915e-01,-6.928509999999999946e-01,5.567290000000000294e-01,1.270774999999999988e+00,2.252079999999999915e-01,-5.908440000000000358e-01,6.077320000000000499e-01,-6.928509999999999946e-01,-2.083200000000000052e-01,3.272140000000000049e-01,8.627489999999999881e-01,2.119499999999999856e-02,-1.126379000000000019e+00,-6.163459999999999495e-01,7.862440000000000540e-01,6.077320000000000499e-01,2.762109999999999843e-01,-1.573170000000000124e-01,1.487030000000000018e-01,8.882499999999999840e-01,3.782179999999999986e-01,-8.081199999999999495e-02,-2.593230000000000257e-01,-7.183530000000000193e-01,-3.103259999999999907e-01,1.066761999999999988e+00,2.252079999999999915e-01,1.449286000000000074e+00,2.119499999999999856e-02,-3.103259999999999907e-01,9.769999999999999518e-02,1.219772000000000078e+00,9.769999999999999518e-02,-1.610910000000000064e+00,-1.151880000000000015e+00,-3.358280000000000154e-01,2.137830000000000119e+00,7.352410000000000334e-01,-2.593230000000000257e-01,2.119499999999999856e-02,7.097390000000000088e-01,1.487030000000000018e-01,-6.418479999999999741e-01,-1.406897000000000064e+00,-6.928509999999999946e-01,1.117764999999999898e+00,1.041260000000000074e+00,1.984820999999999946e+00,-4.123330000000000051e-01,-2.911493000000000109e+00,2.119499999999999856e-02,2.086826999999999988e+00,1.474787999999999988e+00,4.802239999999999842e-01,-8.081199999999999495e-02,-4.888379999999999947e-01,-4.307000000000000065e-03,-6.418479999999999741e-01,-1.828180000000000083e-01,1.232010000000000050e-01,-3.868309999999999804e-01,5.057260000000000089e-01,-1.063130000000000047e-01,-5.908440000000000358e-01,-1.828180000000000083e-01,6.332339999999999636e-01,1.245273000000000074e+00,1.143267000000000033e+00,2.507099999999999884e-01,-4.307000000000000065e-03,-3.868309999999999804e-01,5.822310000000000541e-01,2.119499999999999856e-02,-4.123330000000000051e-01,2.507099999999999884e-01,1.423785000000000078e+00,-3.358280000000000154e-01,-1.024372000000000060e+00,-1.279387999999999970e+00,-1.075374999999999970e+00,9.902570000000000539e-01,5.822310000000000541e-01,8.882499999999999840e-01,1.041260000000000074e+00,2.252079999999999915e-01,-5.143389999999999906e-01,3.017130000000000090e-01,1.232010000000000050e-01,5.057260000000000089e-01,1.232010000000000050e-01,2.119499999999999856e-02,3.017130000000000090e-01,3.782179999999999986e-01,-5.143389999999999906e-01,1.742049999999999987e-01,3.782179999999999986e-01,-2.338210000000000011e-01,-4.888379999999999947e-01,-8.081199999999999495e-02,9.392540000000000333e-01,2.252079999999999915e-01,-1.318149999999999877e-01,1.219772000000000078e+00,-2.083200000000000052e-01,-8.203589999999999494e-01,9.769999999999999518e-02,-2.848249999999999948e-01,7.862440000000000540e-01,1.270774999999999988e+00,-7.438540000000000152e-01,3.017130000000000090e-01,7.352410000000000334e-01,6.842369999999999841e-01,-6.418479999999999741e-01,-6.928509999999999946e-01,4.292210000000000192e-01,-7.438540000000000152e-01,5.057260000000000089e-01,3.527159999999999740e-01,-5.143389999999999906e-01,9.769999999999999518e-02,6.587359999999999882e-01,9.647550000000000292e-01,5.822310000000000541e-01,1.742049999999999987e-01,-5.143389999999999906e-01,5.057260000000000089e-01,6.332339999999999636e-01,-1.318149999999999877e-01,-6.163459999999999495e-01,-7.183530000000000193e-01,-5.530999999999999805e-02,7.097390000000000088e-01,9.647550000000000292e-01,7.352410000000000334e-01,-5.143389999999999906e-01,-9.988700000000000356e-01,7.862440000000000540e-01,9.392540000000000333e-01,1.487030000000000018e-01,-1.100877000000000105e+00,3.527159999999999740e-01,2.119499999999999856e-02,6.587359999999999882e-01,-2.083200000000000052e-01,7.219799999999999829e-02,9.902570000000000539e-01,1.997059999999999946e-01,-4.888379999999999947e-01,7.352410000000000334e-01,-1.828180000000000083e-01,-1.406897000000000064e+00,4.037189999999999945e-01,3.782179999999999986e-01,6.842369999999999841e-01,5.057260000000000089e-01,-2.848249999999999948e-01,3.782179999999999986e-01,3.527159999999999740e-01,2.252079999999999915e-01,2.119499999999999856e-02,1.232010000000000050e-01,6.332339999999999636e-01,3.017130000000000090e-01,4.547229999999999883e-01,-8.081199999999999495e-02,-1.712916000000000105e+00,1.742049999999999987e-01,2.252079999999999915e-01,1.232010000000000050e-01,8.117459999999999676e-01,3.272140000000000049e-01,5.057260000000000089e-01,1.551293000000000033e+00,-3.358280000000000154e-01,-9.988700000000000356e-01,-7.183530000000000193e-01,3.017130000000000090e-01,3.272140000000000049e-01,7.219799999999999829e-02,9.647550000000000292e-01,4.037189999999999945e-01,-4.123330000000000051e-01,-1.828180000000000083e-01,4.037189999999999945e-01,5.057260000000000089e-01,2.762109999999999843e-01,9.137520000000000087e-01,6.077320000000000499e-01,-2.146443999999999797e+00,-1.534405000000000019e+00,1.347280000000000033e+00,1.168768000000000029e+00,-8.081199999999999495e-02,-2.980800000000000116e-02,1.321777999999999897e+00,9.769999999999999518e-02,1.232010000000000050e-01,2.252079999999999915e-01,-2.848249999999999948e-01,5.057260000000000089e-01,-7.438540000000000152e-01,-6.928509999999999946e-01,7.862440000000000540e-01,7.352410000000000334e-01,4.292210000000000192e-01,5.822310000000000541e-01,-7.948570000000000357e-01,-1.381394999999999929e+00,1.742049999999999987e-01,5.057260000000000089e-01,5.822310000000000541e-01,2.119499999999999856e-02,1.742049999999999987e-01,6.077320000000000499e-01,3.272140000000000049e-01,-5.530999999999999805e-02,4.802239999999999842e-01,3.272140000000000049e-01,5.567290000000000294e-01,7.097390000000000088e-01,-9.223660000000000192e-01,-2.171946000000000154e+00,9.137520000000000087e-01,1.270774999999999988e+00,-1.318149999999999877e-01,5.567290000000000294e-01,4.802239999999999842e-01,-1.063130000000000047e-01,-4.123330000000000051e-01,-2.980800000000000116e-02,1.232010000000000050e-01,3.272140000000000049e-01,1.296276999999999902e+00,9.392540000000000333e-01,-8.203589999999999494e-01,-1.610910000000000064e+00,7.607420000000000293e-01,6.842369999999999841e-01,-4.888379999999999947e-01,9.902570000000000539e-01,5.567290000000000294e-01,-6.163459999999999495e-01,-2.593230000000000257e-01,6.587359999999999882e-01,-4.307000000000000065e-03,7.607420000000000293e-01,5.057260000000000089e-01,1.232010000000000050e-01,-1.063130000000000047e-01,-1.573170000000000124e-01,-3.868309999999999804e-01,1.232010000000000050e-01,-1.318149999999999877e-01,7.352410000000000334e-01,-1.828180000000000083e-01,-5.530999999999999805e-02,1.232010000000000050e-01,5.822310000000000541e-01,4.802239999999999842e-01,4.669600000000000140e-02,6.842369999999999841e-01,1.245273000000000074e+00,-2.338210000000000011e-01,1.997059999999999946e-01,1.997059999999999946e-01,-1.573170000000000124e-01,7.352410000000000334e-01,-2.083200000000000052e-01,-5.653430000000000399e-01,-1.228385000000000060e+00,-1.573170000000000124e-01,3.527159999999999740e-01,8.117459999999999676e-01,-4.307000000000000065e-03,6.842369999999999841e-01,9.647550000000000292e-01,2.507099999999999884e-01,-3.613299999999999845e-01,-4.888379999999999947e-01,4.547229999999999883e-01,5.312280000000000335e-01,-5.530999999999999805e-02,4.292210000000000192e-01,-2.848249999999999948e-01,2.507099999999999884e-01,9.902570000000000539e-01,1.194269999999999943e+00,-2.980800000000000116e-02,-3.358280000000000154e-01,-3.358280000000000154e-01,-2.848249999999999948e-01,-1.573170000000000124e-01,5.312280000000000335e-01,2.119499999999999856e-02,-1.279387999999999970e+00,-1.318149999999999877e-01,3.782179999999999986e-01,1.500289999999999901e+00,9.769999999999999518e-02,-2.848249999999999948e-01,8.372469999999999635e-01,9.647550000000000292e-01,3.782179999999999986e-01,4.547229999999999883e-01,-8.081199999999999495e-02,1.232010000000000050e-01,-1.828180000000000083e-01,-8.458609999999999740e-01,-4.378349999999999742e-01,3.017130000000000090e-01,3.527159999999999740e-01,9.769999999999999518e-02,1.143267000000000033e+00,-5.143389999999999906e-01,-1.355893000000000015e+00,1.487030000000000018e-01,1.066761999999999988e+00,2.119499999999999856e-02,2.762109999999999843e-01,1.372781000000000029e+00,-1.063130000000000047e-01,-2.980800000000000116e-02,6.587359999999999882e-01,3.272140000000000049e-01,-1.318149999999999877e-01,-4.888379999999999947e-01,-4.378349999999999742e-01,2.762109999999999843e-01,4.547229999999999883e-01,1.296276999999999902e+00,9.769999999999999518e-02,-3.141007999999999800e+00,-5.143389999999999906e-01,1.704302999999999901e+00,-1.318149999999999877e-01,1.168768000000000029e+00,-1.828180000000000083e-01,-2.083200000000000052e-01,7.352410000000000334e-01,8.627489999999999881e-01,2.762109999999999843e-01,1.997059999999999946e-01,4.669600000000000140e-02,9.769999999999999518e-02,-6.928509999999999946e-01,-4.123330000000000051e-01,6.842369999999999841e-01,3.272140000000000049e-01,1.168768000000000029e+00,2.163332000000000033e+00,-2.324955000000000105e+00,-3.319519000000000108e+00,1.347280000000000033e+00,1.449286000000000074e+00,1.143267000000000033e+00,8.627489999999999881e-01,3.017130000000000090e-01,-9.478670000000000151e-01,-1.063130000000000047e-01,9.137520000000000087e-01,1.270774999999999988e+00,6.077320000000000499e-01,-8.968639999999999946e-01,-3.613299999999999845e-01,-3.613299999999999845e-01,1.997059999999999946e-01,-4.888379999999999947e-01,-1.573170000000000124e-01,1.321777999999999897e+00,1.066761999999999988e+00,-6.928509999999999946e-01,-1.891428000000000109e+00,1.015759000000000079e+00,2.119499999999999856e-02,1.423785000000000078e+00,8.372469999999999635e-01,4.669600000000000140e-02,-1.318149999999999877e-01,3.017130000000000090e-01,6.077320000000000499e-01,5.822310000000000541e-01,1.742049999999999987e-01,-1.432398000000000060e+00,1.143267000000000033e+00,3.272140000000000049e-01,-8.968639999999999946e-01,-6.163459999999999495e-01,1.487030000000000018e-01,-2.083200000000000052e-01,-4.888379999999999947e-01,8.882499999999999840e-01,1.092262999999999984e+00,1.296276999999999902e+00,1.347280000000000033e+00,-9.478670000000000151e-01,-1.406897000000000064e+00,1.487030000000000018e-01,2.507099999999999884e-01,5.057260000000000089e-01,1.117764999999999898e+00,4.802239999999999842e-01,-1.559906000000000015e+00,2.119499999999999856e-02,1.372781000000000029e+00,3.527159999999999740e-01,-5.143389999999999906e-01,-6.928509999999999946e-01,-2.980800000000000116e-02,6.587359999999999882e-01,7.219799999999999829e-02,4.037189999999999945e-01,4.669600000000000140e-02,-5.653430000000000399e-01,1.831811000000000078e+00,1.449286000000000074e+00,-1.049873999999999974e+00,-1.814923000000000064e+00,1.245273000000000074e+00,1.997059999999999946e-01,-7.438540000000000152e-01,9.769999999999999518e-02,1.296276999999999902e+00,1.742049999999999987e-01,-3.868309999999999804e-01,1.398282999999999943e+00,-2.338210000000000011e-01,-1.967932999999999932e+00,1.232010000000000050e-01,1.015759000000000079e+00,1.092262999999999984e+00,-1.318149999999999877e-01,-6.163459999999999495e-01,1.041260000000000074e+00,7.219799999999999829e-02,-4.378349999999999742e-01,6.587359999999999882e-01,4.802239999999999842e-01,-5.530999999999999805e-02,4.292210000000000192e-01,9.902570000000000539e-01,-5.908440000000000358e-01,-9.478670000000000151e-01,3.017130000000000090e-01,1.041260000000000074e+00,9.902570000000000539e-01,7.352410000000000334e-01,-7.183530000000000193e-01,-3.358280000000000154e-01,-9.733690000000000397e-01,-4.888379999999999947e-01,1.742049999999999987e-01,1.066761999999999988e+00,1.500289999999999901e+00,9.137520000000000087e-01,-2.338210000000000011e-01,-1.151880000000000015e+00,-4.123330000000000051e-01,3.782179999999999986e-01,2.119499999999999856e-02,3.017130000000000090e-01,5.567290000000000294e-01,2.252079999999999915e-01,2.507099999999999884e-01,-1.828180000000000083e-01,9.137520000000000087e-01,-2.848249999999999948e-01,1.232010000000000050e-01,-9.223660000000000192e-01,-3.613299999999999845e-01,7.352410000000000334e-01,7.862440000000000540e-01,8.117459999999999676e-01,1.487030000000000018e-01,1.232010000000000050e-01,-3.103259999999999907e-01,6.842369999999999841e-01,-1.151880000000000015e+00,-1.100877000000000105e+00,2.507099999999999884e-01,4.802239999999999842e-01,7.352410000000000334e-01,1.678800999999999988e+00,1.474787999999999988e+00,-4.888379999999999947e-01,-1.304890000000000105e+00,1.296276999999999902e+00,2.507099999999999884e-01,-1.789420999999999928e+00,-5.908440000000000358e-01,1.296276999999999902e+00,1.704302999999999901e+00,1.487030000000000018e-01,-2.848249999999999948e-01,4.547229999999999883e-01,-4.307000000000000065e-03,-1.177381999999999929e+00,-3.103259999999999907e-01,1.232010000000000050e-01,-1.318149999999999877e-01,5.057260000000000089e-01,1.500289999999999901e+00,7.097390000000000088e-01,1.041260000000000074e+00,6.332339999999999636e-01,-1.126379000000000019e+00,-8.458609999999999740e-01,1.487030000000000018e-01,7.097390000000000088e-01,-2.848249999999999948e-01,1.742049999999999987e-01,-4.307000000000000065e-03,-2.980800000000000116e-02,5.312280000000000335e-01,-5.143389999999999906e-01,1.066761999999999988e+00,8.117459999999999676e-01,-2.593230000000000257e-01,4.037189999999999945e-01,-1.063130000000000047e-01,-9.988700000000000356e-01,-2.980800000000000116e-02,5.312280000000000335e-01,5.312280000000000335e-01,1.742049999999999987e-01,1.474787999999999988e+00,5.057260000000000089e-01,2.507099999999999884e-01,3.527159999999999740e-01,-3.103259999999999907e-01,-8.458609999999999740e-01,-2.593230000000000257e-01,9.769999999999999518e-02,1.742049999999999987e-01,5.057260000000000089e-01,6.332339999999999636e-01,4.669600000000000140e-02,-7.948570000000000357e-01,1.232010000000000050e-01,-1.573170000000000124e-01,5.312280000000000335e-01,4.547229999999999883e-01,8.372469999999999635e-01,4.669600000000000140e-02,6.332339999999999636e-01,1.742049999999999987e-01,-8.968639999999999946e-01,-8.458609999999999740e-01,2.119499999999999856e-02,7.097390000000000088e-01,8.372469999999999635e-01,4.547229999999999883e-01,6.077320000000000499e-01,1.742049999999999987e-01,-4.633360000000000256e-01,3.017130000000000090e-01,-2.593230000000000257e-01,-1.828180000000000083e-01,5.312280000000000335e-01,2.507099999999999884e-01,-3.103259999999999907e-01,-2.338210000000000011e-01,6.077320000000000499e-01,-4.378349999999999742e-01,-3.868309999999999804e-01,3.782179999999999986e-01,4.292210000000000192e-01,1.245273000000000074e+00,-3.103259999999999907e-01,1.232010000000000050e-01,2.119499999999999856e-02,-4.123330000000000051e-01,5.822310000000000541e-01,1.041260000000000074e+00,1.015759000000000079e+00,-2.848249999999999948e-01,-1.483402000000000109e+00,-2.083200000000000052e-01,6.842369999999999841e-01,-2.593230000000000257e-01,7.097390000000000088e-01,1.232010000000000050e-01,-1.318149999999999877e-01,2.252079999999999915e-01,3.272140000000000049e-01,1.742049999999999987e-01,7.097390000000000088e-01,5.057260000000000089e-01,-9.988700000000000356e-01,-1.100877000000000105e+00,6.842369999999999841e-01,-5.653430000000000399e-01,3.017130000000000090e-01,6.842369999999999841e-01,7.097390000000000088e-01,2.252079999999999915e-01,6.842369999999999841e-01,1.296276999999999902e+00,-9.733690000000000397e-01,-1.661912999999999974e+00,9.769999999999999518e-02,6.842369999999999841e-01,5.567290000000000294e-01,1.678800999999999988e+00,-5.398410000000000153e-01,-1.100877000000000105e+00,1.232010000000000050e-01,3.272140000000000049e-01,2.119499999999999856e-02,3.272140000000000049e-01,1.232010000000000050e-01,4.292210000000000192e-01,9.769999999999999518e-02,3.272140000000000049e-01,7.352410000000000334e-01,-1.177381999999999929e+00,-7.438540000000000152e-01,1.219772000000000078e+00,3.017130000000000090e-01,-2.848249999999999948e-01,-2.083200000000000052e-01,1.551293000000000033e+00,4.292210000000000192e-01,-2.848249999999999948e-01,5.057260000000000089e-01,4.292210000000000192e-01,-3.613299999999999845e-01,9.769999999999999518e-02,-2.083200000000000052e-01,-8.081199999999999495e-02,9.137520000000000087e-01,9.769999999999999518e-02,-8.968639999999999946e-01,-1.075374999999999970e+00,-7.438540000000000152e-01,5.057260000000000089e-01,6.842369999999999841e-01,1.015759000000000079e+00,9.647550000000000292e-01,1.041260000000000074e+00,5.312280000000000335e-01,-4.307000000000000065e-03,-3.868309999999999804e-01,-1.828180000000000083e-01,1.232010000000000050e-01,2.119499999999999856e-02,2.119499999999999856e-02,-4.123330000000000051e-01,-2.980800000000000116e-02,4.292210000000000192e-01,1.627798000000000078e+00,2.507099999999999884e-01,-2.758483000000000018e+00,-1.202884000000000064e+00,5.822310000000000541e-01,1.729803999999999897e+00,1.296276999999999902e+00,-3.613299999999999845e-01,1.525790999999999897e+00,1.487030000000000018e-01,-1.279387999999999970e+00,6.332339999999999636e-01,7.862440000000000540e-01,8.372469999999999635e-01,-4.633360000000000256e-01,-6.673489999999999700e-01,-1.063130000000000047e-01,-2.980800000000000116e-02,-6.418479999999999741e-01,3.272140000000000049e-01,2.507099999999999884e-01,1.742049999999999987e-01,4.547229999999999883e-01,7.097390000000000088e-01,5.567290000000000294e-01,-2.980800000000000116e-02,-4.378349999999999742e-01,4.547229999999999883e-01,-2.848249999999999948e-01,6.332339999999999636e-01,4.292210000000000192e-01,2.762109999999999843e-01,-4.378349999999999742e-01,4.037189999999999945e-01,4.292210000000000192e-01,3.017130000000000090e-01,-4.378349999999999742e-01,-6.163459999999999495e-01,-2.848249999999999948e-01,1.398282999999999943e+00,-8.968639999999999946e-01,1.232010000000000050e-01,7.862440000000000540e-01,6.077320000000000499e-01,9.137520000000000087e-01,-4.378349999999999742e-01,9.137520000000000087e-01,2.119499999999999856e-02,-1.100877000000000105e+00,-9.733690000000000397e-01,-1.318149999999999877e-01,9.392540000000000333e-01,7.352410000000000334e-01,5.057260000000000089e-01,1.232010000000000050e-01,3.017130000000000090e-01,1.232010000000000050e-01,-2.426962000000000064e+00,-1.126379000000000019e+00,1.117764999999999898e+00,1.755306000000000033e+00,1.168768000000000029e+00,7.219799999999999829e-02,-6.673489999999999700e-01,8.372469999999999635e-01,7.607420000000000293e-01,4.669600000000000140e-02,-8.203589999999999494e-01,-3.868309999999999804e-01,4.802239999999999842e-01,2.762109999999999843e-01,-1.063130000000000047e-01,-4.888379999999999947e-01,4.292210000000000192e-01,7.352410000000000334e-01,7.219799999999999829e-02,-4.888379999999999947e-01,-8.713619999999999699e-01,9.392540000000000333e-01,1.627798000000000078e+00,4.292210000000000192e-01,-8.968639999999999946e-01,4.669600000000000140e-02,4.292210000000000192e-01,4.802239999999999842e-01,7.607420000000000293e-01,4.292210000000000192e-01,-3.613299999999999845e-01,-5.398410000000000153e-01,-1.573170000000000124e-01,4.547229999999999883e-01,5.057260000000000089e-01,5.057260000000000089e-01,1.487030000000000018e-01,-2.980800000000000116e-02,-5.653430000000000399e-01,-5.908440000000000358e-01,3.527159999999999740e-01,-1.063130000000000047e-01,1.143267000000000033e+00,-1.049873999999999974e+00,1.997059999999999946e-01,1.066761999999999988e+00,2.507099999999999884e-01,4.802239999999999842e-01,4.292210000000000192e-01,-1.318149999999999877e-01,-7.183530000000000193e-01,6.587359999999999882e-01,3.782179999999999986e-01,-1.024372000000000060e+00,2.252079999999999915e-01,1.500289999999999901e+00,-5.908440000000000358e-01,-2.980800000000000116e-02,3.527159999999999740e-01,8.882499999999999840e-01,5.567290000000000294e-01,-6.928509999999999946e-01,-9.733690000000000397e-01,5.822310000000000541e-01,2.762109999999999843e-01,1.232010000000000050e-01,-2.848249999999999948e-01,7.219799999999999829e-02,4.802239999999999842e-01,4.669600000000000140e-02,1.487030000000000018e-01,3.272140000000000049e-01,3.272140000000000049e-01,-2.848249999999999948e-01,3.782179999999999986e-01,-2.980800000000000116e-02,1.997059999999999946e-01,6.587359999999999882e-01,7.607420000000000293e-01,3.017130000000000090e-01,-4.307000000000000065e-03,-6.163459999999999495e-01,-4.888379999999999947e-01,-1.828180000000000083e-01,1.398282999999999943e+00,3.272140000000000049e-01,-1.483402000000000109e+00,-1.828180000000000083e-01,1.066761999999999988e+00,5.312280000000000335e-01,5.567290000000000294e-01,4.037189999999999945e-01,-6.928509999999999946e-01,1.997059999999999946e-01,7.352410000000000334e-01,-6.163459999999999495e-01,1.729803999999999897e+00,1.194269999999999943e+00,-1.661912999999999974e+00,-1.508903000000000105e+00,-1.840424000000000060e+00,1.997059999999999946e-01,1.704302999999999901e+00,1.602295999999999943e+00,8.117459999999999676e-01,1.232010000000000050e-01,3.527159999999999740e-01,3.017130000000000090e-01,5.057260000000000089e-01,2.252079999999999915e-01,-5.398410000000000153e-01,-1.202884000000000064e+00,-5.530999999999999805e-02,3.527159999999999740e-01,2.762109999999999843e-01,2.762109999999999843e-01,6.077320000000000499e-01,3.017130000000000090e-01,3.527159999999999740e-01,-3.868309999999999804e-01,-4.307000000000000065e-03,-5.398410000000000153e-01,7.607420000000000293e-01,2.724368000000000123e+00,-7.948570000000000357e-01,-3.676541999999999977e+00,-4.307000000000000065e-03,1.959319000000000033e+00,2.010321999999999942e+00,1.232010000000000050e-01,2.762109999999999843e-01,4.802239999999999842e-01,-2.980800000000000116e-02,-3.868309999999999804e-01,-8.081199999999999495e-02,-3.103259999999999907e-01,-5.530999999999999805e-02,4.802239999999999842e-01,6.842369999999999841e-01,9.392540000000000333e-01,-7.438540000000000152e-01,-2.069939000000000195e+00,-2.083200000000000052e-01,1.041260000000000074e+00,1.092262999999999984e+00,7.097390000000000088e-01,6.332339999999999636e-01,7.607420000000000293e-01,5.822310000000000541e-01,-9.223660000000000192e-01,-7.183530000000000193e-01,5.057260000000000089e-01,-2.848249999999999948e-01,-2.338210000000000011e-01,1.041260000000000074e+00,4.669600000000000140e-02,-4.633360000000000256e-01,2.119499999999999856e-02,7.607420000000000293e-01,1.245273000000000074e+00,-2.848249999999999948e-01,-9.223660000000000192e-01,9.769999999999999518e-02,1.143267000000000033e+00,-2.848249999999999948e-01,-2.095441000000000109e+00,1.194269999999999943e+00,9.137520000000000087e-01,-8.081199999999999495e-02,-9.733690000000000397e-01,5.312280000000000335e-01,1.984820999999999946e+00,4.802239999999999842e-01,-7.438540000000000152e-01,1.742049999999999987e-01,-8.081199999999999495e-02,-2.593230000000000257e-01,3.017130000000000090e-01,6.332339999999999636e-01,5.057260000000000089e-01,-1.318149999999999877e-01,-2.848249999999999948e-01,1.997059999999999946e-01,2.252079999999999915e-01,9.769999999999999518e-02,-2.593230000000000257e-01,-9.223660000000000192e-01,4.547229999999999883e-01,6.842369999999999841e-01,1.015759000000000079e+00,3.527159999999999740e-01,3.782179999999999986e-01,5.567290000000000294e-01,-1.063130000000000047e-01,-1.318149999999999877e-01,-3.613299999999999845e-01,-1.828180000000000083e-01,-3.358280000000000154e-01,5.822310000000000541e-01,-1.318149999999999877e-01,2.507099999999999884e-01,7.862440000000000540e-01,-6.418479999999999741e-01,-5.530999999999999805e-02,4.292210000000000192e-01,-4.307000000000000065e-03,2.119499999999999856e-02,1.143267000000000033e+00,-2.848249999999999948e-01,3.527159999999999740e-01,2.119499999999999856e-02,-8.081199999999999495e-02,1.997059999999999946e-01,3.017130000000000090e-01,8.372469999999999635e-01,7.352410000000000334e-01,-6.928509999999999946e-01,-4.307000000000000065e-03,-4.378349999999999742e-01,1.143267000000000033e+00,9.769999999999999518e-02,-1.687415000000000109e+00,-8.458609999999999740e-01,5.822310000000000541e-01,9.137520000000000087e-01,8.882499999999999840e-01,1.143267000000000033e+00,-1.916929000000000105e+00,-8.203589999999999494e-01,1.551293000000000033e+00,8.882499999999999840e-01,1.143267000000000033e+00,-6.163459999999999495e-01,-7.948570000000000357e-01,4.547229999999999883e-01,9.137520000000000087e-01,5.057260000000000089e-01,6.077320000000000499e-01,5.312280000000000335e-01,4.292210000000000192e-01,-5.398410000000000153e-01,-9.988700000000000356e-01,-2.848249999999999948e-01,-3.868309999999999804e-01,-1.483402000000000109e+00,4.669600000000000140e-02,2.316342000000000123e+00,1.653299000000000074e+00,-2.171946000000000154e+00,-9.478670000000000151e-01,1.015759000000000079e+00,1.500289999999999901e+00,5.822310000000000541e-01,2.119499999999999856e-02,2.762109999999999843e-01,2.010321999999999942e+00,1.487030000000000018e-01,-2.044436999999999838e+00,-1.330392000000000019e+00,6.842369999999999841e-01,-2.848249999999999948e-01,2.119499999999999856e-02,4.547229999999999883e-01,1.296276999999999902e+00,-2.848249999999999948e-01,-1.049873999999999974e+00,1.168768000000000029e+00,1.627798000000000078e+00,-9.223660000000000192e-01,-1.432398000000000060e+00,8.882499999999999840e-01,8.882499999999999840e-01,-5.398410000000000153e-01,8.627489999999999881e-01,-1.573170000000000124e-01,-2.338210000000000011e-01,-7.183530000000000193e-01,1.423785000000000078e+00,2.762109999999999843e-01,6.842369999999999841e-01,7.219799999999999829e-02,-5.530999999999999805e-02,-8.081199999999999495e-02,5.057260000000000089e-01,9.392540000000000333e-01,-1.636411000000000060e+00,-2.401460000000000150e+00,-7.948570000000000357e-01,2.112328999999999901e+00,2.035823999999999856e+00,1.857312000000000074e+00,7.862440000000000540e-01,-2.593230000000000257e-01,-6.673489999999999700e-01,-5.143389999999999906e-01,-4.307000000000000065e-03,-4.307000000000000065e-03,-6.928509999999999946e-01,2.119499999999999856e-02,-1.573170000000000124e-01,4.292210000000000192e-01,7.352410000000000334e-01,9.137520000000000087e-01,-3.103259999999999907e-01,2.762109999999999843e-01,4.037189999999999945e-01,5.057260000000000089e-01,2.507099999999999884e-01,-2.083200000000000052e-01,-1.355893000000000015e+00,-4.888379999999999947e-01,1.487030000000000018e-01,1.041260000000000074e+00,1.270774999999999988e+00,-8.968639999999999946e-01,-1.318149999999999877e-01,1.219772000000000078e+00,2.252079999999999915e-01,-1.024372000000000060e+00,9.137520000000000087e-01,5.822310000000000541e-01,-1.573170000000000124e-01,-4.378349999999999742e-01,-7.948570000000000357e-01,-2.980800000000000116e-02,1.857312000000000074e+00,-7.693560000000000398e-01,-1.432398000000000060e+00,2.507099999999999884e-01,2.290840000000000209e+00,3.272140000000000049e-01,-1.432398000000000060e+00,-7.693560000000000398e-01,-1.151880000000000015e+00,1.219772000000000078e+00,1.143267000000000033e+00,1.041260000000000074e+00,1.372781000000000029e+00,3.017130000000000090e-01,-1.573170000000000124e-01,-6.163459999999999495e-01,-2.848249999999999948e-01,-3.613299999999999845e-01,-5.143389999999999906e-01,2.119499999999999856e-02,1.474787999999999988e+00,9.769999999999999518e-02,-5.143389999999999906e-01,7.219799999999999829e-02,6.842369999999999841e-01,7.097390000000000088e-01,3.527159999999999740e-01,-1.432398000000000060e+00,7.219799999999999829e-02,6.332339999999999636e-01,-9.988700000000000356e-01,1.194269999999999943e+00,1.219772000000000078e+00,-7.948570000000000357e-01,2.762109999999999843e-01,9.902570000000000539e-01,3.017130000000000090e-01,1.576794999999999947e+00,-2.980800000000000116e-02,-2.222948999999999842e+00,-3.166509000000000018e+00,5.312280000000000335e-01,1.525790999999999897e+00,1.551293000000000033e+00,6.332339999999999636e-01,1.997059999999999946e-01,3.782179999999999986e-01,7.219799999999999829e-02,-5.530999999999999805e-02,-5.653430000000000399e-01,-3.868309999999999804e-01,-2.083200000000000052e-01,3.272140000000000049e-01,2.252079999999999915e-01,4.669600000000000140e-02,3.527159999999999740e-01,6.077320000000000499e-01,4.802239999999999842e-01,2.507099999999999884e-01,9.769999999999999518e-02,6.332339999999999636e-01,-6.928509999999999946e-01,-4.888379999999999947e-01,1.232010000000000050e-01,4.292210000000000192e-01,9.392540000000000333e-01,5.822310000000000541e-01,-2.848249999999999948e-01,-1.814923000000000064e+00,1.143267000000000033e+00,1.296276999999999902e+00,-3.868309999999999804e-01,-5.908440000000000358e-01,4.669600000000000140e-02,5.312280000000000335e-01,5.057260000000000089e-01,1.015759000000000079e+00,3.272140000000000049e-01,-2.848249999999999948e-01,7.219799999999999829e-02,3.272140000000000049e-01,-8.968639999999999946e-01,-8.081199999999999495e-02,5.312280000000000335e-01,2.119499999999999856e-02,5.312280000000000335e-01,4.547229999999999883e-01,-8.458609999999999740e-01,-4.307000000000000065e-03,3.272140000000000049e-01,1.398282999999999943e+00,4.547229999999999883e-01,-3.103259999999999907e-01,-2.980800000000000116e-02,-5.653430000000000399e-01,-3.613299999999999845e-01,9.137520000000000087e-01,6.332339999999999636e-01,3.782179999999999986e-01,1.487030000000000018e-01,2.119499999999999856e-02,-2.593230000000000257e-01,-7.948570000000000357e-01,1.168768000000000029e+00,4.802239999999999842e-01,7.352410000000000334e-01,1.143267000000000033e+00,-2.477965000000000195e+00,-3.600036999999999932e+00,1.857312000000000074e+00,2.341844000000000037e+00,1.729803999999999897e+00,2.762109999999999843e-01,-6.928509999999999946e-01,3.782179999999999986e-01,5.822310000000000541e-01,-4.307000000000000065e-03,-8.458609999999999740e-01,-1.330392000000000019e+00,6.587359999999999882e-01,1.041260000000000074e+00,1.092262999999999984e+00,6.332339999999999636e-01,-1.483402000000000109e+00,-4.888379999999999947e-01,1.168768000000000029e+00,4.292210000000000192e-01,-6.673489999999999700e-01,7.097390000000000088e-01,6.077320000000000499e-01,3.527159999999999740e-01,3.017130000000000090e-01,2.119499999999999856e-02,-8.203589999999999494e-01,-3.613299999999999845e-01,2.507099999999999884e-01,3.272140000000000049e-01,-7.183530000000000193e-01,2.119499999999999856e-02,1.143267000000000033e+00,1.933816999999999897e+00,-4.888379999999999947e-01,-8.968639999999999946e-01,-4.633360000000000256e-01,3.272140000000000049e-01,2.507099999999999884e-01,6.587359999999999882e-01,-4.888379999999999947e-01,7.219799999999999829e-02,3.017130000000000090e-01,4.802239999999999842e-01,2.762109999999999843e-01,-5.908440000000000358e-01,4.037189999999999945e-01,6.587359999999999882e-01,1.742049999999999987e-01,6.077320000000000499e-01,-1.304890000000000105e+00,-9.733690000000000397e-01,-3.613299999999999845e-01,9.902570000000000539e-01,1.474787999999999988e+00,6.842369999999999841e-01,5.567290000000000294e-01,-2.338210000000000011e-01,-4.378349999999999742e-01,1.232010000000000050e-01,1.487030000000000018e-01,6.587359999999999882e-01,-1.063130000000000047e-01,-7.438540000000000152e-01,-7.948570000000000357e-01,-6.163459999999999495e-01,1.678800999999999988e+00,1.959319000000000033e+00,1.997059999999999946e-01,-9.733690000000000397e-01,-1.636411000000000060e+00,5.057260000000000089e-01,1.487030000000000018e-01,3.527159999999999740e-01,6.332339999999999636e-01,1.831811000000000078e+00,7.607420000000000293e-01,-6.673489999999999700e-01,-9.988700000000000356e-01,-1.279387999999999970e+00,1.997059999999999946e-01,3.017130000000000090e-01,8.627489999999999881e-01,8.372469999999999635e-01,-9.988700000000000356e-01,4.292210000000000192e-01,1.041260000000000074e+00,3.527159999999999740e-01,6.332339999999999636e-01,3.017130000000000090e-01,-8.458609999999999740e-01,-4.307000000000000065e-03,7.219799999999999829e-02,2.119499999999999856e-02,1.117764999999999898e+00,5.312280000000000335e-01,-8.968639999999999946e-01,-5.653430000000000399e-01,1.015759000000000079e+00,-9.733690000000000397e-01,5.312280000000000335e-01,6.077320000000000499e-01,2.507099999999999884e-01,1.232010000000000050e-01,9.137520000000000087e-01,9.769999999999999518e-02,6.332339999999999636e-01,9.769999999999999518e-02,-8.203589999999999494e-01,-2.069939000000000195e+00,6.587359999999999882e-01,8.627489999999999881e-01,2.035823999999999856e+00,4.292210000000000192e-01,-2.146443999999999797e+00,4.037189999999999945e-01,1.347280000000000033e+00,1.117764999999999898e+00,1.487030000000000018e-01,1.232010000000000050e-01,-3.868309999999999804e-01,-2.593230000000000257e-01,-1.993433999999999928e+00,-1.573170000000000124e-01,1.551293000000000033e+00,1.143267000000000033e+00,4.669600000000000140e-02,3.017130000000000090e-01,1.143267000000000033e+00,5.567290000000000294e-01,-2.222948999999999842e+00,-1.304890000000000105e+00,1.117764999999999898e+00,4.292210000000000192e-01,1.372781000000000029e+00,1.627798000000000078e+00,-9.988700000000000356e-01,-1.789420999999999928e+00,3.527159999999999740e-01,8.882499999999999840e-01,6.587359999999999882e-01,-6.418479999999999741e-01,4.292210000000000192e-01,-3.613299999999999845e-01,3.272140000000000049e-01,1.168768000000000029e+00,3.017130000000000090e-01,7.352410000000000334e-01,-5.530999999999999805e-02,-2.579972000000000154e+00,-1.355893000000000015e+00,1.041260000000000074e+00,1.576794999999999947e+00,1.627798000000000078e+00,6.332339999999999636e-01,-1.100877000000000105e+00,-4.888379999999999947e-01,9.902570000000000539e-01,-2.083200000000000052e-01,7.862440000000000540e-01,6.077320000000000499e-01,3.527159999999999740e-01,-4.633360000000000256e-01,-8.203589999999999494e-01,1.219772000000000078e+00,5.312280000000000335e-01,-1.661912999999999974e+00,-9.988700000000000356e-01,5.057260000000000089e-01,7.219799999999999829e-02,-4.307000000000000065e-03,1.245273000000000074e+00,1.270774999999999988e+00,1.474787999999999988e+00,-8.081199999999999495e-02,-3.868309999999999804e-01,8.627489999999999881e-01,7.219799999999999829e-02,-3.868309999999999804e-01,-7.183530000000000193e-01,3.272140000000000049e-01,-8.081199999999999495e-02,2.507099999999999884e-01,-1.063130000000000047e-01,-1.279387999999999970e+00,7.352410000000000334e-01,1.321777999999999897e+00,5.822310000000000541e-01,4.292210000000000192e-01,1.997059999999999946e-01,2.119499999999999856e-02,-1.075374999999999970e+00,-2.338210000000000011e-01,3.272140000000000049e-01,2.762109999999999843e-01,1.168768000000000029e+00,3.527159999999999740e-01,-9.478670000000000151e-01,-9.988700000000000356e-01,5.312280000000000335e-01,1.347280000000000033e+00,7.607420000000000293e-01,-6.928509999999999946e-01,-2.848249999999999948e-01,2.119499999999999856e-02,5.822310000000000541e-01,1.742049999999999987e-01,1.997059999999999946e-01,-1.318149999999999877e-01,2.762109999999999843e-01,-2.083200000000000052e-01,2.762109999999999843e-01,7.097390000000000088e-01,2.252079999999999915e-01,-8.968639999999999946e-01,-6.673489999999999700e-01,-9.223660000000000192e-01,7.219799999999999829e-02,1.449286000000000074e+00,1.653299000000000074e+00,9.392540000000000333e-01,5.312280000000000335e-01,4.547229999999999883e-01,-2.593230000000000257e-01,-5.530999999999999805e-02,-4.123330000000000051e-01,-8.081199999999999495e-02,-7.948570000000000357e-01,-4.888379999999999947e-01,3.782179999999999986e-01,4.802239999999999842e-01,4.547229999999999883e-01,2.762109999999999843e-01,7.352410000000000334e-01,6.077320000000000499e-01,-5.398410000000000153e-01,-1.865925999999999974e+00,8.117459999999999676e-01,5.312280000000000335e-01,9.392540000000000333e-01,7.607420000000000293e-01,7.097390000000000088e-01,-3.868309999999999804e-01,-5.398410000000000153e-01,3.017130000000000090e-01,2.119499999999999856e-02,1.742049999999999987e-01,7.097390000000000088e-01,3.017130000000000090e-01,-2.338210000000000011e-01,-5.143389999999999906e-01,4.292210000000000192e-01,-3.103259999999999907e-01,1.232010000000000050e-01,-9.223660000000000192e-01,1.474787999999999988e+00,6.332339999999999636e-01,2.119499999999999856e-02,-9.733690000000000397e-01,-8.081199999999999495e-02,4.037189999999999945e-01,8.117459999999999676e-01,5.312280000000000335e-01,2.507099999999999884e-01,5.822310000000000541e-01,5.567290000000000294e-01,-6.673489999999999700e-01,7.352410000000000334e-01,-1.318149999999999877e-01,-1.049873999999999974e+00,-5.908440000000000358e-01,2.507099999999999884e-01,1.194269999999999943e+00,1.143267000000000033e+00,2.119499999999999856e-02,-4.633360000000000256e-01,5.312280000000000335e-01,-4.378349999999999742e-01,-9.478670000000000151e-01,-2.848249999999999948e-01,-1.318149999999999877e-01,5.567290000000000294e-01,1.372781000000000029e+00,1.270774999999999988e+00,1.092262999999999984e+00,-6.928509999999999946e-01,-3.613299999999999845e-01,-8.081199999999999495e-02,2.507099999999999884e-01,4.037189999999999945e-01,2.119499999999999856e-02,-8.713619999999999699e-01,4.037189999999999945e-01,5.312280000000000335e-01,2.252079999999999915e-01,1.296276999999999902e+00,-1.063130000000000047e-01,-2.528967999999999883e+00,-1.355893000000000015e+00,9.647550000000000292e-01,1.245273000000000074e+00,1.092262999999999984e+00,3.017130000000000090e-01,1.143267000000000033e+00,6.842369999999999841e-01,-1.789420999999999928e+00,-1.406897000000000064e+00,2.163332000000000033e+00,7.097390000000000088e-01,-1.406897000000000064e+00,-1.355893000000000015e+00,-2.338210000000000011e-01,8.372469999999999635e-01,1.219772000000000078e+00,1.143267000000000033e+00,4.292210000000000192e-01,-1.063130000000000047e-01,1.997059999999999946e-01,2.119499999999999856e-02,1.232010000000000050e-01,-1.573170000000000124e-01,-7.948570000000000357e-01,-7.438540000000000152e-01,-4.307000000000000065e-03,6.077320000000000499e-01,1.232010000000000050e-01,3.527159999999999740e-01,1.270774999999999988e+00,4.037189999999999945e-01,4.802239999999999842e-01,9.902570000000000539e-01,1.742049999999999987e-01,-2.630974999999999842e+00,-2.171946000000000154e+00,7.352410000000000334e-01,1.831811000000000078e+00,7.862440000000000540e-01,9.769999999999999518e-02,1.194269999999999943e+00,5.567290000000000294e-01,9.769999999999999518e-02,-5.653430000000000399e-01,2.252079999999999915e-01,3.272140000000000049e-01,3.782179999999999986e-01,-9.733690000000000397e-01,4.037189999999999945e-01,1.997059999999999946e-01,9.392540000000000333e-01,-4.378349999999999742e-01,-1.151880000000000015e+00,-6.928509999999999946e-01,1.194269999999999943e+00,8.117459999999999676e-01,2.762109999999999843e-01,-2.083200000000000052e-01,9.137520000000000087e-01,8.882499999999999840e-01,-4.307000000000000065e-03,4.292210000000000192e-01,-5.530999999999999805e-02,-6.928509999999999946e-01,-5.143389999999999906e-01,-5.653430000000000399e-01,4.292210000000000192e-01,5.312280000000000335e-01,-8.081199999999999495e-02,1.219772000000000078e+00,1.474787999999999988e+00,1.704302999999999901e+00,-9.733690000000000397e-01,-3.651040000000000063e+00,-1.100877000000000105e+00,-7.438540000000000152e-01,1.908315999999999901e+00,2.520354999999999901e+00,1.347280000000000033e+00,8.372469999999999635e-01,3.272140000000000049e-01,-1.573170000000000124e-01,-4.123330000000000051e-01,-5.653430000000000399e-01,-2.848249999999999948e-01,-1.063130000000000047e-01,3.272140000000000049e-01,7.219799999999999829e-02,-5.398410000000000153e-01,-3.868309999999999804e-01,8.117459999999999676e-01,-2.338210000000000011e-01,1.742049999999999987e-01,1.602295999999999943e+00,-1.318149999999999877e-01,-1.024372000000000060e+00,4.802239999999999842e-01,2.316342000000000123e+00,3.017130000000000090e-01,-6.673489999999999700e-01,1.742049999999999987e-01,-8.081199999999999495e-02,-5.143389999999999906e-01,9.137520000000000087e-01,-8.081199999999999495e-02,-1.279387999999999970e+00,8.372469999999999635e-01,8.627489999999999881e-01,-6.163459999999999495e-01,-1.865925999999999974e+00,8.882499999999999840e-01,1.143267000000000033e+00,-4.888379999999999947e-01,5.567290000000000294e-01,4.669600000000000140e-02,8.882499999999999840e-01,1.551293000000000033e+00,-4.378349999999999742e-01,-1.610910000000000064e+00,7.097390000000000088e-01,6.077320000000000499e-01,-1.063130000000000047e-01,-4.633360000000000256e-01,8.372469999999999635e-01,4.669600000000000140e-02,1.729803999999999897e+00,-4.378349999999999742e-01,-1.432398000000000060e+00,1.232010000000000050e-01,1.551293000000000033e+00,1.232010000000000050e-01,-2.248451000000000199e+00,-4.307000000000000065e-03,6.842369999999999841e-01,-2.338210000000000011e-01,2.507099999999999884e-01,9.137520000000000087e-01,2.252079999999999915e-01,6.077320000000000499e-01,1.755306000000000033e+00,-3.103259999999999907e-01,-1.228385000000000060e+00,6.332339999999999636e-01,7.097390000000000088e-01,2.119499999999999856e-02,2.507099999999999884e-01,5.057260000000000089e-01,-8.458609999999999740e-01,-3.613299999999999845e-01,5.312280000000000335e-01,-3.358280000000000154e-01,-4.633360000000000256e-01,5.057260000000000089e-01,1.525790999999999897e+00,-3.868309999999999804e-01,-2.848249999999999948e-01,5.312280000000000335e-01,5.312280000000000335e-01,2.762109999999999843e-01,-1.318149999999999877e-01,2.507099999999999884e-01,5.057260000000000089e-01,7.219799999999999829e-02,4.669600000000000140e-02,2.119499999999999856e-02,-1.202884000000000064e+00,3.272140000000000049e-01,2.119499999999999856e-02,4.547229999999999883e-01,1.806308999999999942e+00,-1.279387999999999970e+00,-1.559906000000000015e+00,5.057260000000000089e-01,1.449286000000000074e+00,5.312280000000000335e-01,3.017130000000000090e-01,4.292210000000000192e-01,-6.673489999999999700e-01,-9.223660000000000192e-01,2.507099999999999884e-01,6.587359999999999882e-01,5.822310000000000541e-01,1.347280000000000033e+00,-5.530999999999999805e-02,-1.381394999999999929e+00,-2.083200000000000052e-01,3.272140000000000049e-01,6.332339999999999636e-01,3.272140000000000049e-01,1.232010000000000050e-01,-4.888379999999999947e-01,-1.763919000000000015e+00,9.902570000000000539e-01,1.219772000000000078e+00,6.332339999999999636e-01,1.742049999999999987e-01,7.352410000000000334e-01,-8.081199999999999495e-02,1.997059999999999946e-01,5.312280000000000335e-01,-1.049873999999999974e+00,-3.868309999999999804e-01,6.842369999999999841e-01,1.997059999999999946e-01,-6.673489999999999700e-01,1.449286000000000074e+00,-5.398410000000000153e-01,-8.968639999999999946e-01,7.862440000000000540e-01,2.507099999999999884e-01,5.057260000000000089e-01,4.669600000000000140e-02,-6.418479999999999741e-01,7.607420000000000293e-01,1.041260000000000074e+00,-5.530999999999999805e-02,5.312280000000000335e-01,-1.573170000000000124e-01,-1.100877000000000105e+00,5.057260000000000089e-01,-8.968639999999999946e-01,-6.673489999999999700e-01,-4.307000000000000065e-03,8.882499999999999840e-01,1.015759000000000079e+00,5.822310000000000541e-01,1.627798000000000078e+00,-2.338210000000000011e-01,-1.610910000000000064e+00,9.647550000000000292e-01,8.627489999999999881e-01,-3.868309999999999804e-01,2.119499999999999856e-02,2.762109999999999843e-01,-5.530999999999999805e-02,-3.358280000000000154e-01,-4.633360000000000256e-01,9.769999999999999518e-02,7.219799999999999829e-02,1.232010000000000050e-01,2.119499999999999856e-02,7.352410000000000334e-01,-3.613299999999999845e-01,4.669600000000000140e-02,1.576794999999999947e+00,1.806308999999999942e+00,-2.338210000000000011e-01,-3.115505999999999887e+00,-8.203589999999999494e-01,1.321777999999999897e+00,1.857312000000000074e+00,-8.081199999999999495e-02,-2.593230000000000257e-01,-5.530999999999999805e-02,3.527159999999999740e-01,1.347280000000000033e+00,-1.318149999999999877e-01,-9.988700000000000356e-01,9.137520000000000087e-01,8.372469999999999635e-01,-6.928509999999999946e-01,-1.075374999999999970e+00,4.292210000000000192e-01,3.527159999999999740e-01,-2.338210000000000011e-01,3.017130000000000090e-01,8.372469999999999635e-01,6.077320000000000499e-01,9.137520000000000087e-01,-4.123330000000000051e-01,-4.123330000000000051e-01,-8.713619999999999699e-01,2.119499999999999856e-02,1.194269999999999943e+00,5.567290000000000294e-01,-4.378349999999999742e-01,1.270774999999999988e+00,6.587359999999999882e-01,-1.279387999999999970e+00,-1.063130000000000047e-01,4.292210000000000192e-01,1.997059999999999946e-01,9.769999999999999518e-02,4.547229999999999883e-01,2.119499999999999856e-02,-1.318149999999999877e-01,-1.063130000000000047e-01,5.822310000000000541e-01,4.292210000000000192e-01,1.742049999999999987e-01,-5.143389999999999906e-01,3.782179999999999986e-01,2.507099999999999884e-01,3.017130000000000090e-01,3.527159999999999740e-01,-9.733690000000000397e-01,1.742049999999999987e-01,1.194269999999999943e+00,-5.908440000000000358e-01,1.742049999999999987e-01,7.862440000000000540e-01,-5.530999999999999805e-02,-5.398410000000000153e-01,-1.318149999999999877e-01,5.822310000000000541e-01,3.017130000000000090e-01,8.882499999999999840e-01,2.507099999999999884e-01,5.057260000000000089e-01,-1.024372000000000060e+00,-5.143389999999999906e-01,4.292210000000000192e-01,-2.980800000000000116e-02,1.742049999999999987e-01,-2.593230000000000257e-01,7.352410000000000334e-01,5.567290000000000294e-01,-8.458609999999999740e-01,-8.081199999999999495e-02,7.607420000000000293e-01,7.219799999999999829e-02,3.272140000000000049e-01,5.057260000000000089e-01,7.352410000000000334e-01,4.292210000000000192e-01,4.802239999999999842e-01,-8.081199999999999495e-02,-7.438540000000000152e-01,1.742049999999999987e-01,1.742049999999999987e-01,-4.307000000000000065e-03,4.669600000000000140e-02,-8.081199999999999495e-02,-8.081199999999999495e-02,3.272140000000000049e-01,2.762109999999999843e-01,2.762109999999999843e-01,1.117764999999999898e+00,-1.151880000000000015e+00,-9.988700000000000356e-01,1.296276999999999902e+00,8.882499999999999840e-01,-6.928509999999999946e-01,-9.733690000000000397e-01,1.449286000000000074e+00,9.392540000000000333e-01,-8.081199999999999495e-02,-5.908440000000000358e-01,4.037189999999999945e-01,7.607420000000000293e-01,-8.081199999999999495e-02,-1.828180000000000083e-01,-4.307000000000000065e-03,-9.988700000000000356e-01,7.352410000000000334e-01,9.769999999999999518e-02,-1.253886999999999974e+00,6.587359999999999882e-01,4.292210000000000192e-01,6.077320000000000499e-01,9.647550000000000292e-01,6.077320000000000499e-01,2.507099999999999884e-01,-4.307000000000000065e-03,-5.143389999999999906e-01,9.137520000000000087e-01,-1.228385000000000060e+00,-1.381394999999999929e+00,3.782179999999999986e-01,1.117764999999999898e+00,7.097390000000000088e-01,4.037189999999999945e-01,2.252079999999999915e-01,1.487030000000000018e-01,-4.307000000000000065e-03,-8.081199999999999495e-02,-8.203589999999999494e-01,1.232010000000000050e-01,5.567290000000000294e-01,3.272140000000000049e-01,4.547229999999999883e-01,4.037189999999999945e-01,1.232010000000000050e-01,1.041260000000000074e+00,2.119499999999999856e-02,-1.993433999999999928e+00,-9.733690000000000397e-01,1.219772000000000078e+00,1.398282999999999943e+00,4.547229999999999883e-01,7.097390000000000088e-01,1.525790999999999897e+00,-7.948570000000000357e-01,-1.202884000000000064e+00,-3.103259999999999907e-01,5.567290000000000294e-01,3.272140000000000049e-01,-1.318149999999999877e-01,4.547229999999999883e-01,5.567290000000000294e-01,-2.338210000000000011e-01,3.527159999999999740e-01,6.587359999999999882e-01,3.017130000000000090e-01,-1.202884000000000064e+00,-7.183530000000000193e-01,8.627489999999999881e-01,1.551293000000000033e+00,1.576794999999999947e+00,-5.908440000000000358e-01,-1.508903000000000105e+00,-1.508903000000000105e+00,7.097390000000000088e-01,-1.063130000000000047e-01,1.487030000000000018e-01,7.607420000000000293e-01,7.352410000000000334e-01,9.902570000000000539e-01,1.296276999999999902e+00,7.352410000000000334e-01,-6.418479999999999741e-01,-3.868309999999999804e-01,-1.828180000000000083e-01,-7.948570000000000357e-01,2.119499999999999856e-02,-4.307000000000000065e-03,-8.081199999999999495e-02,4.669600000000000140e-02,-5.143389999999999906e-01,9.137520000000000087e-01,1.997059999999999946e-01,1.143267000000000033e+00,-8.081199999999999495e-02,-1.318149999999999877e-01,6.842369999999999841e-01,-4.123330000000000051e-01,4.802239999999999842e-01,1.232010000000000050e-01,-8.081199999999999495e-02,5.057260000000000089e-01,2.507099999999999884e-01,2.119499999999999856e-02,7.219799999999999829e-02,-8.081199999999999495e-02,-2.338210000000000011e-01,-4.888379999999999947e-01,-7.948570000000000357e-01,4.802239999999999842e-01,2.252079999999999915e-01,1.270774999999999988e+00,8.372469999999999635e-01,9.769999999999999518e-02,-3.358280000000000154e-01,7.607420000000000293e-01,3.527159999999999740e-01,-1.483402000000000109e+00,4.037189999999999945e-01,6.077320000000000499e-01,2.507099999999999884e-01,5.057260000000000089e-01,8.627489999999999881e-01,-6.418479999999999741e-01,-8.968639999999999946e-01,4.037189999999999945e-01,8.117459999999999676e-01,3.527159999999999740e-01,-9.478670000000000151e-01,9.769999999999999518e-02,1.168768000000000029e+00,-8.081199999999999495e-02,-7.183530000000000193e-01,7.607420000000000293e-01,9.137520000000000087e-01,1.232010000000000050e-01,9.392540000000000333e-01,-1.573170000000000124e-01,-8.968639999999999946e-01,5.822310000000000541e-01,-2.848249999999999948e-01,-1.151880000000000015e+00,6.077320000000000499e-01,8.372469999999999635e-01,-1.828180000000000083e-01,-2.338210000000000011e-01,7.607420000000000293e-01,6.332339999999999636e-01,-6.163459999999999495e-01,-1.318149999999999877e-01,6.332339999999999636e-01,1.232010000000000050e-01,4.669600000000000140e-02,1.742049999999999987e-01,-1.828180000000000083e-01,8.117459999999999676e-01,4.802239999999999842e-01,8.117459999999999676e-01,-7.948570000000000357e-01,-1.828180000000000083e-01,2.119499999999999856e-02,2.252079999999999915e-01,4.802239999999999842e-01,-5.398410000000000153e-01,-4.123330000000000051e-01,1.168768000000000029e+00,1.092262999999999984e+00,-4.123330000000000051e-01,-1.355893000000000015e+00,2.119499999999999856e-02,1.092262999999999984e+00,6.077320000000000499e-01,-8.081199999999999495e-02,-2.980800000000000116e-02,8.627489999999999881e-01,-1.828180000000000083e-01,-1.573170000000000124e-01,1.232010000000000050e-01,-1.279387999999999970e+00,9.769999999999999518e-02,8.627489999999999881e-01,9.647550000000000292e-01,1.576794999999999947e+00,3.272140000000000049e-01,-8.203589999999999494e-01,-1.279387999999999970e+00,8.882499999999999840e-01,8.627489999999999881e-01,3.527159999999999740e-01,-6.673489999999999700e-01,1.742049999999999987e-01,3.782179999999999986e-01,7.219799999999999829e-02,-2.083200000000000052e-01,-5.653430000000000399e-01,-1.024372000000000060e+00,2.507099999999999884e-01,6.332339999999999636e-01,5.567290000000000294e-01,4.669600000000000140e-02,1.347280000000000033e+00,5.822310000000000541e-01,-2.069939000000000195e+00,4.669600000000000140e-02,4.669600000000000140e-02,1.270774999999999988e+00,1.933816999999999897e+00,6.077320000000000499e-01,-1.355893000000000015e+00,-3.868309999999999804e-01,-8.203589999999999494e-01,-1.828180000000000083e-01,1.194269999999999943e+00,5.312280000000000335e-01,6.332339999999999636e-01,7.352410000000000334e-01,-8.081199999999999495e-02,3.272140000000000049e-01,-3.064503000000000199e+00,-3.141007999999999800e+00,2.010321999999999942e+00,2.010321999999999942e+00,1.449286000000000074e+00,1.143267000000000033e+00,3.017130000000000090e-01,2.762109999999999843e-01,-2.593230000000000257e-01,9.769999999999999518e-02,4.037189999999999945e-01,-4.123330000000000051e-01,-6.673489999999999700e-01,-1.304890000000000105e+00,3.017130000000000090e-01,4.547229999999999883e-01,4.037189999999999945e-01,4.547229999999999883e-01,4.292210000000000192e-01,2.762109999999999843e-01,1.742049999999999987e-01,6.842369999999999841e-01,4.547229999999999883e-01,-3.358280000000000154e-01,2.762109999999999843e-01,-2.083200000000000052e-01,5.057260000000000089e-01,4.669600000000000140e-02,7.862440000000000540e-01,-1.024372000000000060e+00,-4.633360000000000256e-01,-1.063130000000000047e-01,8.882499999999999840e-01,1.066761999999999988e+00,-1.063130000000000047e-01,-5.398410000000000153e-01,-1.253886999999999974e+00,4.802239999999999842e-01,1.398282999999999943e+00,1.092262999999999984e+00,4.292210000000000192e-01,-1.573170000000000124e-01,2.762109999999999843e-01,9.769999999999999518e-02,-4.307000000000000065e-03,-1.063130000000000047e-01,-8.081199999999999495e-02,2.119499999999999856e-02,-5.143389999999999906e-01,-4.307000000000000065e-03,-8.081199999999999495e-02,2.252079999999999915e-01,1.194269999999999943e+00,2.119499999999999856e-02,6.332339999999999636e-01,6.077320000000000499e-01,-5.143389999999999906e-01,-6.928509999999999946e-01,5.567290000000000294e-01,-1.228385000000000060e+00,5.822310000000000541e-01,9.392540000000000333e-01,1.474787999999999988e+00,2.252079999999999915e-01,-8.081199999999999495e-02,4.547229999999999883e-01,-1.573170000000000124e-01,-6.163459999999999495e-01,-4.888379999999999947e-01,1.997059999999999946e-01,4.547229999999999883e-01,7.219799999999999829e-02,4.037189999999999945e-01,1.997059999999999946e-01,2.119499999999999856e-02,-2.593230000000000257e-01,6.077320000000000499e-01,2.762109999999999843e-01,3.272140000000000049e-01,-6.928509999999999946e-01,1.742049999999999987e-01,3.527159999999999740e-01,6.332339999999999636e-01,7.097390000000000088e-01,2.119499999999999856e-02,-1.789420999999999928e+00,-1.049873999999999974e+00,1.296276999999999902e+00,1.270774999999999988e+00,8.372469999999999635e-01,2.119499999999999856e-02,4.292210000000000192e-01,3.272140000000000049e-01,-4.307000000000000065e-03,-4.378349999999999742e-01,-1.828180000000000083e-01,2.119499999999999856e-02,-1.573170000000000124e-01,3.272140000000000049e-01,7.219799999999999829e-02,-2.593230000000000257e-01,2.252079999999999915e-01,6.332339999999999636e-01,2.252079999999999915e-01,7.219799999999999829e-02,-1.828180000000000083e-01,-3.103259999999999907e-01,-1.828180000000000083e-01,1.742049999999999987e-01,8.882499999999999840e-01,6.587359999999999882e-01,7.352410000000000334e-01,1.347280000000000033e+00,1.066761999999999988e+00,-3.358280000000000154e-01,-1.075374999999999970e+00,-2.338210000000000011e-01,-4.123330000000000051e-01,-3.103259999999999907e-01,-2.083200000000000052e-01,2.507099999999999884e-01,1.742049999999999987e-01,-6.928509999999999946e-01,1.232010000000000050e-01,7.097390000000000088e-01,7.352410000000000334e-01,9.647550000000000292e-01,-4.307000000000000065e-03,7.219799999999999829e-02,1.232010000000000050e-01,3.272140000000000049e-01,1.742049999999999987e-01,-3.103259999999999907e-01,-5.530999999999999805e-02,-5.653430000000000399e-01,5.312280000000000335e-01,9.769999999999999518e-02,-3.868309999999999804e-01,4.802239999999999842e-01,6.077320000000000499e-01,7.352410000000000334e-01,3.782179999999999986e-01,-4.378349999999999742e-01,-3.868309999999999804e-01,-2.848249999999999948e-01,3.782179999999999986e-01,4.292210000000000192e-01,7.607420000000000293e-01,3.272140000000000049e-01,-2.083200000000000052e-01,7.219799999999999829e-02,-3.358280000000000154e-01,5.567290000000000294e-01,3.272140000000000049e-01,1.487030000000000018e-01,-5.398410000000000153e-01,1.997059999999999946e-01,3.527159999999999740e-01,2.252079999999999915e-01,1.194269999999999943e+00,-4.123330000000000051e-01,-4.633360000000000256e-01,1.487030000000000018e-01,8.372469999999999635e-01,2.762109999999999843e-01,2.507099999999999884e-01,4.037189999999999945e-01,-7.183530000000000193e-01,-1.063130000000000047e-01,-5.398410000000000153e-01,1.219772000000000078e+00,6.332339999999999636e-01,2.762109999999999843e-01,-5.908440000000000358e-01,-7.183530000000000193e-01,-3.358280000000000154e-01,9.137520000000000087e-01,1.245273000000000074e+00,9.902570000000000539e-01,1.997059999999999946e-01,-2.083200000000000052e-01,-3.358280000000000154e-01,-3.613299999999999845e-01,2.252079999999999915e-01,-5.530999999999999805e-02,-2.980800000000000116e-02,-4.888379999999999947e-01,1.487030000000000018e-01,6.332339999999999636e-01,7.352410000000000334e-01,7.607420000000000293e-01,-1.573170000000000124e-01,-3.358280000000000154e-01,-1.075374999999999970e+00,3.017130000000000090e-01,8.372469999999999635e-01,7.097390000000000088e-01,2.762109999999999843e-01,-8.081199999999999495e-02,1.232010000000000050e-01,7.352410000000000334e-01,1.270774999999999988e+00,-7.693560000000000398e-01,-1.687415000000000109e+00
-3.103259999999999907e-01,-1.828180000000000083e-01,2.762109999999999843e-01,4.802239999999999842e-01,3.527159999999999740e-01,1.232010000000000050e-01,1.232010000000000050e-01,9.769999999999999518e-02,-2.980800000000000116e-02,-8.081199999999999495e-02,-1.828180000000000083e-01,-1.063130000000000047e-01,1.742049999999999987e-01,4.292210000000000192e-01,2.252079999999999915e-01,-4.307000000000000065e-03,7.219799999999999829e-02,5.057260000000000089e-01,3.527159999999999740e-01,-4.307000000000000065e-03,-4.123330000000000051e-01,9.769999999999999518e-02,5.312280000000000335e-01,2.507099999999999884e-01,4.669600000000000140e-02,9.769999999999999518e-02,3.527159999999999740e-01,2.507099999999999884e-01,1.997059999999999946e-01,-5.530999999999999805e-02,-8.081199999999999495e-02,-2.980800000000000116e-02,2.119499999999999856e-02,2.252079999999999915e-01,2.507099999999999884e-01,3.272140000000000049e-01,3.527159999999999740e-01,9.769999999999999518e-02,-1.573170000000000124e-01,2.119499999999999856e-02,4.669600000000000140e-02,4.669600000000000140e-02,2.119499999999999856e-02,2.762109999999999843e-01,4.547229999999999883e-01,4.802239999999999842e-01,3.782179999999999986e-01,-1.063130000000000047e-01,-2.593230000000000257e-01,1.232010000000000050e-01,5.057260000000000089e-01,2.507099999999999884e-01,-2.848249999999999948e-01,-6.418479999999999741e-01,9.769999999999999518e-02,5.057260000000000089e-01,6.332339999999999636e-01,5.567290000000000294e-01,3.272140000000000049e-01,1.232010000000000050e-01,1.232010000000000050e-01,-3.358280000000000154e-01,-1.828180000000000083e-01,-5.653430000000000399e-01,-3.358280000000000154e-01,8.882499999999999840e-01,8.117459999999999676e-01,-2.848249999999999948e-01,-1.573170000000000124e-01,1.194269999999999943e+00,3.527159999999999740e-01,-1.075374999999999970e+00,-2.593230000000000257e-01,5.567290000000000294e-01,1.232010000000000050e-01,2.762109999999999843e-01,-1.573170000000000124e-01,8.372469999999999635e-01,5.567290000000000294e-01,-2.593230000000000257e-01,1.487030000000000018e-01,5.312280000000000335e-01,-2.980800000000000116e-02,-3.868309999999999804e-01,-5.908440000000000358e-01,-5.908440000000000358e-01,5.312280000000000335e-01,6.842369999999999841e-01,7.219799999999999829e-02,-4.378349999999999742e-01,3.017130000000000090e-01,8.627489999999999881e-01,9.392540000000000333e-01,2.507099999999999884e-01,-3.358280000000000154e-01,2.252079999999999915e-01,-2.848249999999999948e-01,-2.980800000000000116e-02,-4.123330000000000051e-01,-6.163459999999999495e-01,9.902570000000000539e-01,8.882499999999999840e-01,-3.868309999999999804e-01,-1.063130000000000047e-01,1.117764999999999898e+00,2.119499999999999856e-02,9.902570000000000539e-01,4.037189999999999945e-01,-1.355893000000000015e+00,-1.865925999999999974e+00,5.057260000000000089e-01,-2.980800000000000116e-02,1.194269999999999943e+00,2.214335000000000164e+00,8.372469999999999635e-01,-1.916929000000000105e+00,-4.123330000000000051e-01,5.057260000000000089e-01,9.769999999999999518e-02,1.321777999999999897e+00,4.669600000000000140e-02,-1.151880000000000015e+00,9.647550000000000292e-01,4.669600000000000140e-02,5.312280000000000335e-01,9.769999999999999518e-02,7.219799999999999829e-02,9.902570000000000539e-01,-6.163459999999999495e-01,-8.458609999999999740e-01,1.296276999999999902e+00,-2.338210000000000011e-01,-1.661912999999999974e+00,1.997059999999999946e-01,1.347280000000000033e+00,2.507099999999999884e-01,3.527159999999999740e-01,5.312280000000000335e-01,1.551293000000000033e+00,-4.307000000000000065e-03,-2.477965000000000195e+00,-1.100877000000000105e+00,1.525790999999999897e+00,7.352410000000000334e-01,1.092262999999999984e+00,1.117764999999999898e+00,-7.948570000000000357e-01,-1.585407999999999928e+00,9.137520000000000087e-01,7.352410000000000334e-01,-7.183530000000000193e-01,1.296276999999999902e+00,1.742049999999999987e-01,-1.763919000000000015e+00,1.487030000000000018e-01,-1.063130000000000047e-01,3.017130000000000090e-01,2.290840000000000209e+00,1.423785000000000078e+00,-9.988700000000000356e-01,-9.478670000000000151e-01,8.117459999999999676e-01,-2.848249999999999948e-01,-1.126379000000000019e+00,8.882499999999999840e-01,1.270774999999999988e+00,7.352410000000000334e-01,-1.151880000000000015e+00,6.842369999999999841e-01,1.041260000000000074e+00,-4.059065999999999619e+00,-1.126379000000000019e+00,8.627489999999999881e-01,2.112328999999999901e+00,1.296276999999999902e+00,-2.848249999999999948e-01,2.762109999999999843e-01,9.647550000000000292e-01,8.372469999999999635e-01,-6.418479999999999741e-01,-7.693560000000000398e-01,-5.653430000000000399e-01,1.997059999999999946e-01,8.627489999999999881e-01,2.119499999999999856e-02,-5.530999999999999805e-02,8.627489999999999881e-01,2.112328999999999901e+00,-5.143389999999999906e-01,-1.763919000000000015e+00,9.769999999999999518e-02,1.092262999999999984e+00,2.119499999999999856e-02,2.762109999999999843e-01,2.119499999999999856e-02,-7.948570000000000357e-01,-3.613299999999999845e-01,8.117459999999999676e-01,2.239837000000000078e+00,-7.693560000000000398e-01,-1.712916000000000105e+00,-9.223660000000000192e-01,1.270774999999999988e+00,2.520354999999999901e+00,1.143267000000000033e+00,7.352410000000000334e-01,-5.530999999999999805e-02,6.587359999999999882e-01,-1.063130000000000047e-01,-9.478670000000000151e-01,-5.143389999999999906e-01,-1.381394999999999929e+00,-1.916929000000000105e+00,-2.338210000000000011e-01,2.520354999999999901e+00,1.742049999999999987e-01,7.219799999999999829e-02,9.647550000000000292e-01,4.037189999999999945e-01,1.245273000000000074e+00,-1.355893000000000015e+00,-2.083200000000000052e-01,1.704302999999999901e+00,1.831811000000000078e+00,-1.304890000000000105e+00,-1.253886999999999974e+00,-8.458609999999999740e-01,1.143267000000000033e+00,8.627489999999999881e-01,4.292210000000000192e-01,-5.398410000000000153e-01,1.780807999999999947e+00,-9.988700000000000356e-01,-2.350457000000000019e+00,7.607420000000000293e-01,2.188833999999999946e+00,5.057260000000000089e-01,5.822310000000000541e-01,3.527159999999999740e-01,-1.024372000000000060e+00,-7.693560000000000398e-01,1.755306000000000033e+00,6.842369999999999841e-01,-3.447026999999999841e+00,4.292210000000000192e-01,3.527159999999999740e-01,1.194269999999999943e+00,1.755306000000000033e+00,4.547229999999999883e-01,-9.988700000000000356e-01,6.842369999999999841e-01,1.372781000000000029e+00,-7.183530000000000193e-01,-1.024372000000000060e+00,4.292210000000000192e-01,-1.828180000000000083e-01,9.769999999999999518e-02,4.669600000000000140e-02,1.143267000000000033e+00,-4.378349999999999742e-01,-1.916929000000000105e+00,-6.673489999999999700e-01,1.653299000000000074e+00,2.035823999999999856e+00,-5.530999999999999805e-02,1.984820999999999946e+00,9.392540000000000333e-01,-3.613299999999999845e-01,-1.228385000000000060e+00,-1.508903000000000105e+00,5.312280000000000335e-01,2.507099999999999884e-01,6.587359999999999882e-01,6.842369999999999841e-01,-4.307000000000000065e-03,1.232010000000000050e-01,1.219772000000000078e+00,7.097390000000000088e-01,-1.355893000000000015e+00,-1.253886999999999974e+00,-3.358280000000000154e-01,1.347280000000000033e+00,9.769999999999999518e-02,8.372469999999999635e-01,1.321777999999999897e+00,4.547229999999999883e-01,-8.713619999999999699e-01,-1.049873999999999974e+00,-6.418479999999999741e-01,-3.103259999999999907e-01,1.653299000000000074e+00,2.119499999999999856e-02,-4.633360000000000256e-01,8.117459999999999676e-01,1.653299000000000074e+00,3.272140000000000049e-01,-1.202884000000000064e+00,-5.908440000000000358e-01,3.527159999999999740e-01,5.567290000000000294e-01,7.352410000000000334e-01,-9.733690000000000397e-01,6.332339999999999636e-01,7.352410000000000334e-01,-4.307000000000000065e-03,-7.438540000000000152e-01,-3.358280000000000154e-01,6.587359999999999882e-01,1.449286000000000074e+00,8.627489999999999881e-01,-1.304890000000000105e+00,-1.610910000000000064e+00,8.372469999999999635e-01,1.398282999999999943e+00,1.551293000000000033e+00,-1.304890000000000105e+00,-2.299453999999999887e+00,1.066761999999999988e+00,9.647550000000000292e-01,1.882813999999999988e+00,1.398282999999999943e+00,2.762109999999999843e-01,-8.713619999999999699e-01,-8.081199999999999495e-02,-5.653430000000000399e-01,-1.202884000000000064e+00,-2.848249999999999948e-01,6.077320000000000499e-01,3.272140000000000049e-01,3.527159999999999740e-01,1.831811000000000078e+00,1.168768000000000029e+00,4.669600000000000140e-02,-1.636411000000000060e+00,-1.304890000000000105e+00,-9.478670000000000151e-01,1.780807999999999947e+00,2.341844000000000037e+00,1.117764999999999898e+00,-8.968639999999999946e-01,-2.273951999999999973e+00,-3.103259999999999907e-01,7.607420000000000293e-01,8.882499999999999840e-01,1.398282999999999943e+00,5.567290000000000294e-01,-3.868309999999999804e-01,3.017130000000000090e-01,-2.083200000000000052e-01,-1.330392000000000019e+00,-5.530999999999999805e-02,-5.653430000000000399e-01,1.372781000000000029e+00,4.802239999999999842e-01,1.092262999999999984e+00,9.137520000000000087e-01,5.312280000000000335e-01,-1.508903000000000105e+00,-2.936995000000000022e+00,-1.828180000000000083e-01,1.984820999999999946e+00,1.296276999999999902e+00,-9.988700000000000356e-01,9.392540000000000333e-01,1.525790999999999897e+00,2.622361000000000164e+00,1.168768000000000029e+00,-3.574535000000000018e+00,-1.610910000000000064e+00,-5.143389999999999906e-01,3.527159999999999740e-01,9.137520000000000087e-01,-3.103259999999999907e-01,8.372469999999999635e-01,8.882499999999999840e-01,8.882499999999999840e-01,-2.848249999999999948e-01,-2.980800000000000116e-02,-4.123330000000000051e-01,-1.828180000000000083e-01,2.252079999999999915e-01,-2.083200000000000052e-01,3.272140000000000049e-01,1.117764999999999898e+00,6.842369999999999841e-01,-7.948570000000000357e-01,-2.593230000000000257e-01,-4.123330000000000051e-01,5.312280000000000335e-01,-1.828180000000000083e-01,-1.279387999999999970e+00,4.802239999999999842e-01,3.132394000000000123e+00,-2.848249999999999948e-01,-2.375958999999999932e+00,7.352410000000000334e-01,3.132394000000000123e+00,1.232010000000000050e-01,-1.304890000000000105e+00,1.449286000000000074e+00,-8.713619999999999699e-01,-2.732981999999999800e+00,6.332339999999999636e-01,3.527159999999999740e-01,1.449286000000000074e+00,6.842369999999999841e-01,-1.508903000000000105e+00,5.312280000000000335e-01,7.097390000000000088e-01,-2.083200000000000052e-01,9.769999999999999518e-02,-5.530999999999999805e-02,-8.081199999999999495e-02,3.782179999999999986e-01,2.035823999999999856e+00,5.312280000000000335e-01,-3.013500000000000068e+00,-5.908440000000000358e-01,1.066761999999999988e+00,1.780807999999999947e+00,-1.063130000000000047e-01,-8.081199999999999495e-02,1.041260000000000074e+00,-1.381394999999999929e+00,-3.613299999999999845e-01,2.507099999999999884e-01,1.372781000000000029e+00,-2.095441000000000109e+00,9.769999999999999518e-02,1.347280000000000033e+00,8.372469999999999635e-01,1.678800999999999988e+00,1.997059999999999946e-01,-8.081199999999999495e-02,-1.355893000000000015e+00,7.219799999999999829e-02,-1.828180000000000083e-01,-7.183530000000000193e-01,-1.828180000000000083e-01,7.607420000000000293e-01,1.704302999999999901e+00,1.755306000000000033e+00,7.219799999999999829e-02,-1.202884000000000064e+00,2.119499999999999856e-02,7.607420000000000293e-01,5.312280000000000335e-01,4.802239999999999842e-01,-6.673489999999999700e-01,-1.063130000000000047e-01,-6.418479999999999741e-01,6.332339999999999636e-01,3.782179999999999986e-01,7.607420000000000293e-01,-5.653430000000000399e-01,5.567290000000000294e-01,4.037189999999999945e-01,-1.636411000000000060e+00,-1.891428000000000109e+00,7.352410000000000334e-01,1.780807999999999947e+00,1.882813999999999988e+00,-7.438540000000000152e-01,-9.223660000000000192e-01,1.347280000000000033e+00,1.296276999999999902e+00,1.487030000000000018e-01,3.527159999999999740e-01,-5.908440000000000358e-01,-6.673489999999999700e-01,1.653299000000000074e+00,-2.324955000000000105e+00,-1.483402000000000109e+00,8.882499999999999840e-01,1.678800999999999988e+00,-6.163459999999999495e-01,-3.103259999999999907e-01,1.245273000000000074e+00,-7.183530000000000193e-01,5.057260000000000089e-01,3.782179999999999986e-01,4.547229999999999883e-01,8.117459999999999676e-01,7.862440000000000540e-01,6.842369999999999841e-01,-1.151880000000000015e+00,-2.338210000000000011e-01,-2.980800000000000116e-02,5.567290000000000294e-01,2.119499999999999856e-02,-7.693560000000000398e-01,2.762109999999999843e-01,1.997059999999999946e-01,5.822310000000000541e-01,6.332339999999999636e-01,1.321777999999999897e+00,-8.713619999999999699e-01,-4.123330000000000051e-01,5.312280000000000335e-01,4.802239999999999842e-01,-1.318149999999999877e-01,7.607420000000000293e-01,-4.123330000000000051e-01,-7.183530000000000193e-01,-7.693560000000000398e-01,5.057260000000000089e-01,-1.318149999999999877e-01,3.616925000000000168e+00,3.017130000000000090e-01,-1.789420999999999928e+00,-1.024372000000000060e+00,6.077320000000000499e-01,-1.063130000000000047e-01,-5.653430000000000399e-01,1.678800999999999988e+00,-4.307000000000000065e-03,-5.908440000000000358e-01,7.219799999999999829e-02,5.312280000000000335e-01,-3.358280000000000154e-01,6.332339999999999636e-01,3.272140000000000049e-01,8.117459999999999676e-01,1.015759000000000079e+00,-2.069939000000000195e+00,-1.406897000000000064e+00,1.117764999999999898e+00,9.902570000000000539e-01,1.143267000000000033e+00,-8.081199999999999495e-02,-1.126379000000000019e+00,9.647550000000000292e-01,1.474787999999999988e+00,5.822310000000000541e-01,-1.100877000000000105e+00,-1.279387999999999970e+00,-1.063130000000000047e-01,1.474787999999999988e+00,4.292210000000000192e-01,-2.936995000000000022e+00,1.245273000000000074e+00,6.842369999999999841e-01,1.041260000000000074e+00,1.997059999999999946e-01,2.762109999999999843e-01,1.742049999999999987e-01,6.587359999999999882e-01,-4.378349999999999742e-01,7.219799999999999829e-02,-8.203589999999999494e-01,-2.083200000000000052e-01,4.292210000000000192e-01,5.057260000000000089e-01,2.119499999999999856e-02,9.902570000000000539e-01,1.194269999999999943e+00,-1.151880000000000015e+00,-1.330392000000000019e+00,7.607420000000000293e-01,-6.163459999999999495e-01,-3.103259999999999907e-01,1.015759000000000079e+00,-8.968639999999999946e-01,1.245273000000000074e+00,1.653299000000000074e+00,2.265338999999999992e+00,-1.573170000000000124e-01,-9.478670000000000151e-01,-1.712916000000000105e+00,-2.980800000000000116e-02,8.882499999999999840e-01,9.902570000000000539e-01,-1.063130000000000047e-01,-5.398410000000000153e-01,-7.438540000000000152e-01,1.219772000000000078e+00,-2.120941999999999883e+00,2.762109999999999843e-01,1.653299000000000074e+00,-1.151880000000000015e+00,8.372469999999999635e-01,1.704302999999999901e+00,7.862440000000000540e-01,7.607420000000000293e-01,-4.307000000000000065e-03,-7.438540000000000152e-01,6.842369999999999841e-01,-2.980800000000000116e-02,2.119499999999999856e-02,3.527159999999999740e-01,-4.123330000000000051e-01,-1.304890000000000105e+00,7.352410000000000334e-01,-2.593230000000000257e-01,-1.355893000000000015e+00,5.822310000000000541e-01,1.627798000000000078e+00,-5.530999999999999805e-02,-2.083200000000000052e-01,3.527159999999999740e-01,9.902570000000000539e-01,1.015759000000000079e+00,-5.530999999999999805e-02,-5.143389999999999906e-01,-2.083200000000000052e-01,-1.916929000000000105e+00,1.347280000000000033e+00,-9.733690000000000397e-01,-2.593230000000000257e-01,4.802239999999999842e-01,7.607420000000000293e-01,5.057260000000000089e-01,7.097390000000000088e-01,1.525790999999999897e+00,2.119499999999999856e-02,-1.126379000000000019e+00,-8.081199999999999495e-02,1.487030000000000018e-01,4.292210000000000192e-01,2.119499999999999856e-02,-7.183530000000000193e-01,-9.478670000000000151e-01,1.143267000000000033e+00,1.551293000000000033e+00,-5.908440000000000358e-01,7.097390000000000088e-01,-2.848249999999999948e-01,7.097390000000000088e-01,-5.908440000000000358e-01,7.862440000000000540e-01,5.822310000000000541e-01,-1.942431000000000019e+00,-4.888379999999999947e-01,1.092262999999999984e+00,1.347280000000000033e+00,4.669600000000000140e-02,-1.687415000000000109e+00,5.822310000000000541e-01,9.902570000000000539e-01,1.525790999999999897e+00,6.332339999999999636e-01,-2.083200000000000052e-01,2.119499999999999856e-02,-8.968639999999999946e-01,-3.103259999999999907e-01,2.252079999999999915e-01,5.822310000000000541e-01,4.292210000000000192e-01,1.487030000000000018e-01,5.567290000000000294e-01,-8.713619999999999699e-01,-1.406897000000000064e+00,1.398282999999999943e+00,-5.653430000000000399e-01,-7.438540000000000152e-01,1.194269999999999943e+00,1.755306000000000033e+00,7.607420000000000293e-01,8.372469999999999635e-01,1.232010000000000050e-01,-1.432398000000000060e+00,-9.223660000000000192e-01,4.802239999999999842e-01,1.092262999999999984e+00,3.782179999999999986e-01,-1.151880000000000015e+00,7.607420000000000293e-01,2.119499999999999856e-02,-8.968639999999999946e-01,1.041260000000000074e+00,4.547229999999999883e-01,1.194269999999999943e+00,-2.593230000000000257e-01,-1.279387999999999970e+00,-1.063130000000000047e-01,7.607420000000000293e-01,2.137830000000000119e+00,4.037189999999999945e-01,-1.024372000000000060e+00,-2.783984999999999932e+00,1.933816999999999897e+00,7.862440000000000540e-01,-7.183530000000000193e-01,-1.916929000000000105e+00,-8.458609999999999740e-01,1.857312000000000074e+00,1.347280000000000033e+00,1.041260000000000074e+00,9.137520000000000087e-01,-4.633360000000000256e-01,-8.081199999999999495e-02,2.507099999999999884e-01,-1.828180000000000083e-01,-2.980800000000000116e-02,-5.530999999999999805e-02,-8.203589999999999494e-01,-8.203589999999999494e-01,-6.673489999999999700e-01,9.647550000000000292e-01,2.762109999999999843e-01,-1.318149999999999877e-01,3.017130000000000090e-01,4.802239999999999842e-01,4.802239999999999842e-01,1.487030000000000018e-01,1.117764999999999898e+00,1.092262999999999984e+00,-1.457899999999999974e+00,-1.432398000000000060e+00,2.443849999999999856e+00,-2.848249999999999948e-01,-2.146443999999999797e+00,-4.123330000000000051e-01,1.232010000000000050e-01,1.232010000000000050e-01,1.296276999999999902e+00,2.571358000000000033e+00,1.857312000000000074e+00,-1.355893000000000015e+00,-2.095441000000000109e+00,-2.980800000000000116e-02,9.392540000000000333e-01,1.398282999999999943e+00,5.822310000000000541e-01,-1.049873999999999974e+00,-5.398410000000000153e-01,6.587359999999999882e-01,1.232010000000000050e-01,-3.613299999999999845e-01,1.997059999999999946e-01,-5.530999999999999805e-02,-1.202884000000000064e+00,7.219799999999999829e-02,5.822310000000000541e-01,1.551293000000000033e+00,1.041260000000000074e+00,-8.203589999999999494e-01,-8.968639999999999946e-01,-8.081199999999999495e-02,1.755306000000000033e+00,9.647550000000000292e-01,3.272140000000000049e-01,-4.123330000000000051e-01,-2.324955000000000105e+00,-2.083200000000000052e-01,1.755306000000000033e+00,3.272140000000000049e-01,-1.661912999999999974e+00,5.312280000000000335e-01,1.959319000000000033e+00,5.567290000000000294e-01,-1.063130000000000047e-01,-1.126379000000000019e+00,-3.103259999999999907e-01,2.137830000000000119e+00,7.352410000000000334e-01,-2.222948999999999842e+00,-2.083200000000000052e-01,-8.081199999999999495e-02,1.066761999999999988e+00,5.057260000000000089e-01,-6.418479999999999741e-01,-8.968639999999999946e-01,-8.081199999999999495e-02,9.902570000000000539e-01,8.372469999999999635e-01,9.769999999999999518e-02,2.119499999999999856e-02,4.037189999999999945e-01,2.762109999999999843e-01,4.669600000000000140e-02,-4.378349999999999742e-01,1.997059999999999946e-01,5.822310000000000541e-01,7.352410000000000334e-01,-8.081199999999999495e-02,-2.593230000000000257e-01,9.769999999999999518e-02,1.474787999999999988e+00,5.057260000000000089e-01,-2.962495999999999796e+00,-1.304890000000000105e+00,-2.083200000000000052e-01,1.194269999999999943e+00,1.831811000000000078e+00,1.602295999999999943e+00,2.010321999999999942e+00,7.097390000000000088e-01,-8.203589999999999494e-01,-1.355893000000000015e+00,-3.013500000000000068e+00,2.086826999999999988e+00,9.392540000000000333e-01,-1.789420999999999928e+00,5.567290000000000294e-01,1.143267000000000033e+00,1.245273000000000074e+00,8.882499999999999840e-01,2.252079999999999915e-01,-5.398410000000000153e-01,-1.318149999999999877e-01,1.487030000000000018e-01,-6.928509999999999946e-01,-8.968639999999999946e-01,5.312280000000000335e-01,3.527159999999999740e-01,-1.828180000000000083e-01,8.882499999999999840e-01,6.587359999999999882e-01,4.292210000000000192e-01,-2.980800000000000116e-02,1.041260000000000074e+00,-1.063130000000000047e-01,-3.613299999999999845e-01,3.272140000000000049e-01,8.882499999999999840e-01,-1.828180000000000083e-01,1.245273000000000074e+00,-2.848249999999999948e-01,-2.503467000000000109e+00,-2.171946000000000154e+00,1.143267000000000033e+00,1.602295999999999943e+00,1.245273000000000074e+00,1.806308999999999942e+00,4.802239999999999842e-01,-9.223660000000000192e-01,-6.418479999999999741e-01,3.527159999999999740e-01,-8.081199999999999495e-02,-1.024372000000000060e+00,1.232010000000000050e-01,4.802239999999999842e-01,1.423785000000000078e+00,7.219799999999999829e-02,-1.661912999999999974e+00,1.321777999999999897e+00,2.252079999999999915e-01,-1.318149999999999877e-01,3.527159999999999740e-01,5.057260000000000089e-01,-1.828180000000000083e-01,-4.378349999999999742e-01,-5.143389999999999906e-01,2.762109999999999843e-01,2.762109999999999843e-01,1.245273000000000074e+00,2.252079999999999915e-01,7.097390000000000088e-01,-2.593230000000000257e-01,-4.633360000000000256e-01,-1.063130000000000047e-01,-1.738418000000000019e+00,1.487030000000000018e-01,1.602295999999999943e+00,9.902570000000000539e-01,8.882499999999999840e-01,2.119499999999999856e-02,-2.338210000000000011e-01,2.119499999999999856e-02,4.802239999999999842e-01,8.372469999999999635e-01,-1.318149999999999877e-01,-9.478670000000000151e-01,-4.307000000000000065e-03,4.292210000000000192e-01,9.902570000000000539e-01,5.567290000000000294e-01,-6.673489999999999700e-01,-4.620102000000000153e+00,-5.143389999999999906e-01,2.112328999999999901e+00,1.984820999999999946e+00,1.551293000000000033e+00,1.984820999999999946e+00,3.272140000000000049e-01,-4.633360000000000256e-01,5.312280000000000335e-01,8.627489999999999881e-01,9.769999999999999518e-02,-1.279387999999999970e+00,-2.299453999999999887e+00,-1.687415000000000109e+00,9.392540000000000333e-01,7.862440000000000540e-01,-8.081199999999999495e-02,1.296276999999999902e+00,1.143267000000000033e+00,-2.848249999999999948e-01,-9.478670000000000151e-01,-1.304890000000000105e+00,7.097390000000000088e-01,1.474787999999999988e+00,8.882499999999999840e-01,5.822310000000000541e-01,1.143267000000000033e+00,1.219772000000000078e+00,4.547229999999999883e-01,-2.018936000000000064e+00,-1.457899999999999974e+00,-9.478670000000000151e-01,-5.143389999999999906e-01,7.352410000000000334e-01,1.015759000000000079e+00,3.527159999999999740e-01,9.392540000000000333e-01,7.862440000000000540e-01,7.097390000000000088e-01,-5.143389999999999906e-01,5.057260000000000089e-01,-1.534405000000000019e+00,-4.888379999999999947e-01,6.077320000000000499e-01,4.669600000000000140e-02,1.296276999999999902e+00,8.117459999999999676e-01,5.567290000000000294e-01,8.882499999999999840e-01,-6.673489999999999700e-01,-6.418479999999999741e-01,-1.063130000000000047e-01,-5.398410000000000153e-01,-9.478670000000000151e-01,4.037189999999999945e-01,8.627489999999999881e-01,-1.318149999999999877e-01,2.762109999999999843e-01,9.647550000000000292e-01,1.908315999999999901e+00,-1.828180000000000083e-01,-1.865925999999999974e+00,-6.928509999999999946e-01,4.547229999999999883e-01,1.092262999999999984e+00,1.908315999999999901e+00,1.959319000000000033e+00,-4.633360000000000256e-01,-2.375958999999999932e+00,-1.228385000000000060e+00,9.392540000000000333e-01,-2.980800000000000116e-02,3.527159999999999740e-01,1.015759000000000079e+00,-1.024372000000000060e+00,1.117764999999999898e+00,2.507099999999999884e-01,-4.633360000000000256e-01,7.219799999999999829e-02,5.312280000000000335e-01,4.547229999999999883e-01,-4.307000000000000065e-03,-7.693560000000000398e-01,6.077320000000000499e-01,1.066761999999999988e+00,7.607420000000000293e-01,-1.100877000000000105e+00,-1.024372000000000060e+00,1.232010000000000050e-01,2.507099999999999884e-01,8.117459999999999676e-01,6.842369999999999841e-01,-1.202884000000000064e+00,-1.202884000000000064e+00,8.372469999999999635e-01,2.290840000000000209e+00,6.332339999999999636e-01,-8.081199999999999495e-02,6.842369999999999841e-01,-1.318149999999999877e-01,-7.183530000000000193e-01,-5.143389999999999906e-01,-1.024372000000000060e+00,4.669600000000000140e-02,9.137520000000000087e-01,1.372781000000000029e+00,-9.478670000000000151e-01,-2.197446999999999928e+00,9.902570000000000539e-01,1.372781000000000029e+00,2.507099999999999884e-01,2.252079999999999915e-01,-2.980800000000000116e-02,-1.318149999999999877e-01,7.862440000000000540e-01,1.449286000000000074e+00,4.547229999999999883e-01,-1.534405000000000019e+00,-5.653430000000000399e-01,1.487030000000000018e-01,-4.123330000000000051e-01,6.587359999999999882e-01,5.822310000000000541e-01,-3.358280000000000154e-01,-9.223660000000000192e-01,4.802239999999999842e-01,1.245273000000000074e+00,1.143267000000000033e+00,2.507099999999999884e-01,3.017130000000000090e-01,-8.081199999999999495e-02,9.647550000000000292e-01,1.232010000000000050e-01,-2.324955000000000105e+00,-1.432398000000000060e+00,5.822310000000000541e-01,9.902570000000000539e-01,1.015759000000000079e+00,-1.828180000000000083e-01,3.106892999999999905e+00,4.037189999999999945e-01,-4.416089000000000375e+00,3.272140000000000049e-01,5.567290000000000294e-01,6.587359999999999882e-01,-5.530999999999999805e-02,9.137520000000000087e-01,4.292210000000000192e-01,8.882499999999999840e-01,-1.063130000000000047e-01,-4.633360000000000256e-01,4.292210000000000192e-01,2.252079999999999915e-01,1.232010000000000050e-01,4.669600000000000140e-02,-2.083200000000000052e-01,-5.143389999999999906e-01,6.077320000000000499e-01,9.647550000000000292e-01,6.842369999999999841e-01,-1.967932999999999932e+00,-5.398410000000000153e-01,9.769999999999999518e-02,4.547229999999999883e-01,1.474787999999999988e+00,7.862440000000000540e-01,4.802239999999999842e-01,7.097390000000000088e-01,8.372469999999999635e-01,-1.063130000000000047e-01,-3.613299999999999845e-01,-3.358280000000000154e-01,-4.307000000000000065e-03,-3.358280000000000154e-01,-8.081199999999999495e-02,-6.928509999999999946e-01,-1.828180000000000083e-01,5.057260000000000089e-01,8.882499999999999840e-01,-1.318149999999999877e-01,1.015759000000000079e+00,-5.530999999999999805e-02,1.487030000000000018e-01,-4.888379999999999947e-01,-7.948570000000000357e-01,5.312280000000000335e-01,7.097390000000000088e-01,7.097390000000000088e-01,7.097390000000000088e-01,8.117459999999999676e-01,-5.143389999999999906e-01,-8.968639999999999946e-01,7.219799999999999829e-02,5.822310000000000541e-01,1.232010000000000050e-01,5.057260000000000089e-01,3.527159999999999740e-01,7.862440000000000540e-01,8.117459999999999676e-01,-1.202884000000000064e+00,-1.279387999999999970e+00,-2.980800000000000116e-02,-1.330392000000000019e+00,1.525790999999999897e+00,1.092262999999999984e+00,-1.636411000000000060e+00,3.527159999999999740e-01,1.347280000000000033e+00,1.449286000000000074e+00,9.647550000000000292e-01,-8.968639999999999946e-01,-2.848249999999999948e-01,-2.980800000000000116e-02,-6.928509999999999946e-01,6.077320000000000499e-01,2.507099999999999884e-01,8.627489999999999881e-01,4.802239999999999842e-01,4.802239999999999842e-01,-2.848249999999999948e-01,-2.083200000000000052e-01,-1.828180000000000083e-01,-6.928509999999999946e-01,-4.307000000000000065e-03,4.292210000000000192e-01,8.627489999999999881e-01,7.352410000000000334e-01,-8.968639999999999946e-01,-5.143389999999999906e-01,4.802239999999999842e-01,1.015759000000000079e+00,3.527159999999999740e-01,4.802239999999999842e-01,7.862440000000000540e-01,1.742049999999999987e-01,-1.661912999999999974e+00,1.232010000000000050e-01,9.902570000000000539e-01,-5.398410000000000153e-01,4.547229999999999883e-01,1.015759000000000079e+00,-8.203589999999999494e-01,-7.183530000000000193e-01,3.272140000000000049e-01,6.332339999999999636e-01,9.902570000000000539e-01,9.137520000000000087e-01,7.352410000000000334e-01,-1.355893000000000015e+00,-1.330392000000000019e+00,3.017130000000000090e-01,1.372781000000000029e+00,-7.183530000000000193e-01,-2.338210000000000011e-01,2.507099999999999884e-01,7.352410000000000334e-01,8.117459999999999676e-01,-1.789420999999999928e+00,1.984820999999999946e+00,2.762109999999999843e-01,-1.916929000000000105e+00,5.057260000000000089e-01,2.507099999999999884e-01,7.607420000000000293e-01,1.143267000000000033e+00,7.097390000000000088e-01,-1.828180000000000083e-01,1.997059999999999946e-01,-4.633360000000000256e-01,-4.888379999999999947e-01,-1.318149999999999877e-01,2.252079999999999915e-01,4.292210000000000192e-01,1.742049999999999987e-01,-2.848249999999999948e-01,-4.633360000000000256e-01,4.669600000000000140e-02,2.507099999999999884e-01,1.041260000000000074e+00,5.567290000000000294e-01,4.292210000000000192e-01,6.842369999999999841e-01,-1.559906000000000015e+00,-3.103259999999999907e-01,7.097390000000000088e-01,7.607420000000000293e-01,6.332339999999999636e-01,8.882499999999999840e-01,-5.143389999999999906e-01,-8.081199999999999495e-02,3.017130000000000090e-01,-2.848249999999999948e-01,-8.081199999999999495e-02,-3.868309999999999804e-01,3.527159999999999740e-01,7.607420000000000293e-01,4.802239999999999842e-01,5.057260000000000089e-01,-2.848249999999999948e-01,-6.163459999999999495e-01,-6.418479999999999741e-01,-5.530999999999999805e-02,6.587359999999999882e-01,3.017130000000000090e-01,-7.438540000000000152e-01,1.168768000000000029e+00,1.066761999999999988e+00,1.742049999999999987e-01,-1.318149999999999877e-01,-1.024372000000000060e+00,-2.848249999999999948e-01,1.296276999999999902e+00,-2.083200000000000052e-01,-6.673489999999999700e-01,-5.398410000000000153e-01,2.877378000000000213e+00,2.119499999999999856e-02,-1.967932999999999932e+00,7.607420000000000293e-01,6.332339999999999636e-01,3.272140000000000049e-01,-1.828180000000000083e-01,3.782179999999999986e-01,1.997059999999999946e-01,-7.948570000000000357e-01,1.742049999999999987e-01,7.352410000000000334e-01,8.372469999999999635e-01,-6.418479999999999741e-01,-1.049873999999999974e+00,1.997059999999999946e-01,-1.318149999999999877e-01,-1.828180000000000083e-01,4.547229999999999883e-01,9.392540000000000333e-01,6.077320000000000499e-01,4.037189999999999945e-01,7.352410000000000334e-01,-3.103259999999999907e-01,-1.304890000000000105e+00,9.392540000000000333e-01,6.077320000000000499e-01,-2.083200000000000052e-01,6.842369999999999841e-01,-5.530999999999999805e-02,-1.228385000000000060e+00,-4.123330000000000051e-01,7.097390000000000088e-01,6.077320000000000499e-01,2.252079999999999915e-01,7.607420000000000293e-01,3.527159999999999740e-01,-8.203589999999999494e-01,7.219799999999999829e-02,1.117764999999999898e+00,2.119499999999999856e-02,7.352410000000000334e-01,-1.573170000000000124e-01,-9.478670000000000151e-01,3.272140000000000049e-01,-3.868309999999999804e-01,-1.789420999999999928e+00,1.602295999999999943e+00,1.232010000000000050e-01,9.137520000000000087e-01,-5.143389999999999906e-01,3.782179999999999986e-01,1.041260000000000074e+00,4.547229999999999883e-01,2.507099999999999884e-01,1.321777999999999897e+00,-1.100877000000000105e+00,-1.483402000000000109e+00,1.232010000000000050e-01,2.507099999999999884e-01,1.270774999999999988e+00,1.066761999999999988e+00,-8.713619999999999699e-01,-1.304890000000000105e+00,-6.418479999999999741e-01,1.232010000000000050e-01,7.607420000000000293e-01,1.219772000000000078e+00,-3.358280000000000154e-01,3.782179999999999986e-01,1.194269999999999943e+00,-1.828180000000000083e-01,-1.318149999999999877e-01,2.762109999999999843e-01,3.272140000000000049e-01,-5.398410000000000153e-01,-4.378349999999999742e-01,2.507099999999999884e-01,1.232010000000000050e-01,-2.848249999999999948e-01,4.547229999999999883e-01,5.057260000000000089e-01,9.392540000000000333e-01,-9.478670000000000151e-01,-6.163459999999999495e-01,9.769999999999999518e-02,4.292210000000000192e-01,1.474787999999999988e+00,1.398282999999999943e+00,1.742049999999999987e-01,-1.432398000000000060e+00,-1.063130000000000047e-01,9.392540000000000333e-01,1.551293000000000033e+00,-6.928509999999999946e-01,-1.151880000000000015e+00,-5.143389999999999906e-01,-5.530999999999999805e-02,2.252079999999999915e-01,1.270774999999999988e+00,8.627489999999999881e-01,-3.613299999999999845e-01,9.137520000000000087e-01,7.219799999999999829e-02,-1.585407999999999928e+00,-3.868309999999999804e-01,9.392540000000000333e-01,8.117459999999999676e-01,3.782179999999999986e-01,3.017130000000000090e-01,-1.828180000000000083e-01,9.137520000000000087e-01,1.245273000000000074e+00,-4.378349999999999742e-01,-1.355893000000000015e+00,-8.713619999999999699e-01,7.219799999999999829e-02,3.527159999999999740e-01,3.782179999999999986e-01,9.647550000000000292e-01,3.527159999999999740e-01,1.117764999999999898e+00,-8.458609999999999740e-01,-9.988700000000000356e-01,9.647550000000000292e-01,1.232010000000000050e-01,-8.081199999999999495e-02,1.015759000000000079e+00,4.547229999999999883e-01,7.352410000000000334e-01,2.507099999999999884e-01,1.168768000000000029e+00,-2.848249999999999948e-01,-3.906057000000000112e+00,-2.083200000000000052e-01,1.041260000000000074e+00,1.015759000000000079e+00,7.097390000000000088e-01,-3.868309999999999804e-01,7.097390000000000088e-01,4.802239999999999842e-01,2.119499999999999856e-02,4.802239999999999842e-01,-5.398410000000000153e-01,-5.653430000000000399e-01,-3.358280000000000154e-01,9.902570000000000539e-01,5.312280000000000335e-01,-1.828180000000000083e-01,-1.063130000000000047e-01,9.647550000000000292e-01,9.137520000000000087e-01,1.742049999999999987e-01,-1.063130000000000047e-01,1.742049999999999987e-01,-7.693560000000000398e-01,-1.573170000000000124e-01,7.219799999999999829e-02,-2.980800000000000116e-02,9.902570000000000539e-01,-1.318149999999999877e-01,-1.024372000000000060e+00,1.219772000000000078e+00,7.352410000000000334e-01,2.252079999999999915e-01,1.143267000000000033e+00,-4.307000000000000065e-03,2.252079999999999915e-01,-3.868309999999999804e-01,-2.848249999999999948e-01,-5.653430000000000399e-01,7.607420000000000293e-01,3.782179999999999986e-01,2.252079999999999915e-01,9.392540000000000333e-01,-8.458609999999999740e-01,-1.304890000000000105e+00,1.219772000000000078e+00,1.627798000000000078e+00,-2.630974999999999842e+00,-9.988700000000000356e-01,9.137520000000000087e-01,1.219772000000000078e+00,1.347280000000000033e+00,1.296276999999999902e+00,-2.338210000000000011e-01,4.547229999999999883e-01,6.587359999999999882e-01,-9.988700000000000356e-01,-7.183530000000000193e-01,2.762109999999999843e-01,2.119499999999999856e-02,-5.530999999999999805e-02,-5.908440000000000358e-01,2.507099999999999884e-01,7.862440000000000540e-01,8.627489999999999881e-01,5.312280000000000335e-01,2.119499999999999856e-02,1.487030000000000018e-01,-9.988700000000000356e-01,9.647550000000000292e-01,8.882499999999999840e-01,-8.713619999999999699e-01,5.567290000000000294e-01,-2.980800000000000116e-02,-8.081199999999999495e-02,2.762109999999999843e-01,-5.653430000000000399e-01,-7.948570000000000357e-01,6.842369999999999841e-01,-5.398410000000000153e-01,1.831811000000000078e+00,9.137520000000000087e-01,7.607420000000000293e-01,1.015759000000000079e+00,-4.888379999999999947e-01,-7.438540000000000152e-01,-6.673489999999999700e-01,-8.203589999999999494e-01,-3.868309999999999804e-01,1.041260000000000074e+00,1.296276999999999902e+00,-1.828180000000000083e-01,-9.733690000000000397e-01,2.119499999999999856e-02,3.527159999999999740e-01,9.769999999999999518e-02,2.762109999999999843e-01,2.252079999999999915e-01,7.352410000000000334e-01,5.567290000000000294e-01,7.862440000000000540e-01,-4.123330000000000051e-01,-9.988700000000000356e-01,-6.928509999999999946e-01,-5.908440000000000358e-01,1.041260000000000074e+00,3.272140000000000049e-01,1.066761999999999988e+00,1.653299000000000074e+00,9.647550000000000292e-01,4.292210000000000192e-01,-2.848249999999999948e-01,-1.100877000000000105e+00,-3.358280000000000154e-01,6.842369999999999841e-01,-5.398410000000000153e-01,9.769999999999999518e-02,1.041260000000000074e+00,-3.103259999999999907e-01,-2.095441000000000109e+00,-1.151880000000000015e+00,1.500289999999999901e+00,8.117459999999999676e-01,1.372781000000000029e+00,2.252079999999999915e-01,-1.318149999999999877e-01,6.587359999999999882e-01,1.143267000000000033e+00,2.252079999999999915e-01,-7.438540000000000152e-01,2.762109999999999843e-01,-2.980800000000000116e-02,-3.358280000000000154e-01,1.066761999999999988e+00,-7.438540000000000152e-01,-2.426962000000000064e+00,4.669600000000000140e-02,-1.063130000000000047e-01,1.755306000000000033e+00,1.117764999999999898e+00,2.252079999999999915e-01,-1.508903000000000105e+00,9.647550000000000292e-01,4.037189999999999945e-01,8.627489999999999881e-01,1.347280000000000033e+00,7.607420000000000293e-01,7.219799999999999829e-02,-1.763919000000000015e+00,-8.968639999999999946e-01,-4.307000000000000065e-03,4.292210000000000192e-01,6.842369999999999841e-01,1.117764999999999898e+00,1.704302999999999901e+00,-1.712916000000000105e+00,-9.988700000000000356e-01,3.527159999999999740e-01,4.547229999999999883e-01,4.802239999999999842e-01,4.292210000000000192e-01,1.092262999999999984e+00,-2.083200000000000052e-01,-5.653430000000000399e-01,3.272140000000000049e-01,7.352410000000000334e-01,-6.163459999999999495e-01,9.392540000000000333e-01,-3.613299999999999845e-01,-7.438540000000000152e-01,4.292210000000000192e-01,1.194269999999999943e+00,-2.593230000000000257e-01,1.398282999999999943e+00,2.507099999999999884e-01,-1.202884000000000064e+00,2.252079999999999915e-01,-6.163459999999999495e-01,9.769999999999999518e-02,5.057260000000000089e-01,-2.083200000000000052e-01,3.782179999999999986e-01,1.602295999999999943e+00,4.292210000000000192e-01,5.057260000000000089e-01,5.312280000000000335e-01,-5.143389999999999906e-01,-3.103259999999999907e-01,-4.378349999999999742e-01,1.487030000000000018e-01,1.092262999999999984e+00,-5.530999999999999805e-02,-1.483402000000000109e+00,-4.378349999999999742e-01,1.576794999999999947e+00,-4.123330000000000051e-01,-1.457899999999999974e+00,3.527159999999999740e-01,1.449286000000000074e+00,1.882813999999999988e+00,1.117764999999999898e+00,-8.081199999999999495e-02,-2.980800000000000116e-02,4.292210000000000192e-01,-7.948570000000000357e-01,-1.636411000000000060e+00,4.037189999999999945e-01,-2.593230000000000257e-01,-3.868309999999999804e-01,3.017130000000000090e-01,1.092262999999999984e+00,2.252079999999999915e-01,1.449286000000000074e+00,-2.848249999999999948e-01,-2.426962000000000064e+00,8.882499999999999840e-01,1.117764999999999898e+00,1.143267000000000033e+00,2.119499999999999856e-02,3.272140000000000049e-01,5.312280000000000335e-01,6.332339999999999636e-01,1.997059999999999946e-01,-4.888379999999999947e-01,-4.888379999999999947e-01,-4.888379999999999947e-01,-1.063130000000000047e-01,1.997059999999999946e-01,1.015759000000000079e+00,-4.307000000000000065e-03,-2.593230000000000257e-01,7.219799999999999829e-02,9.647550000000000292e-01,-6.418479999999999741e-01,2.762109999999999843e-01,1.015759000000000079e+00,7.862440000000000540e-01,-1.534405000000000019e+00,-1.049873999999999974e+00,1.423785000000000078e+00,8.627489999999999881e-01,2.112328999999999901e+00,-4.307000000000000065e-03,-1.942431000000000019e+00,3.272140000000000049e-01,-3.103259999999999907e-01,-1.318149999999999877e-01,9.902570000000000539e-01,1.806308999999999942e+00,-6.673489999999999700e-01,-9.988700000000000356e-01,-2.083200000000000052e-01,-4.307000000000000065e-03,-4.307000000000000065e-03,4.292210000000000192e-01,2.762109999999999843e-01,-1.406897000000000064e+00,-6.928509999999999946e-01,9.647550000000000292e-01,9.392540000000000333e-01,4.802239999999999842e-01,8.117459999999999676e-01,2.252079999999999915e-01,1.997059999999999946e-01,-4.888379999999999947e-01,9.769999999999999518e-02,-3.103259999999999907e-01,1.742049999999999987e-01,3.272140000000000049e-01,2.507099999999999884e-01,1.232010000000000050e-01,3.782179999999999986e-01,1.232010000000000050e-01,-9.478670000000000151e-01,-4.307000000000000065e-03,-1.318149999999999877e-01,-4.307000000000000065e-03,-1.049873999999999974e+00,-8.203589999999999494e-01,2.290840000000000209e+00,2.010321999999999942e+00,-8.458609999999999740e-01,-8.081199999999999495e-02,7.097390000000000088e-01,-8.203589999999999494e-01,7.219799999999999829e-02,9.137520000000000087e-01,5.822310000000000541e-01,4.547229999999999883e-01,1.742049999999999987e-01,4.547229999999999883e-01,2.119499999999999856e-02,-6.673489999999999700e-01,-2.848249999999999948e-01,3.272140000000000049e-01,-2.980800000000000116e-02,-1.330392000000000019e+00,7.219799999999999829e-02,6.332339999999999636e-01,6.077320000000000499e-01,1.959319000000000033e+00,-1.573170000000000124e-01,-1.712916000000000105e+00,-5.143389999999999906e-01,-3.103259999999999907e-01,1.449286000000000074e+00,1.500289999999999901e+00,7.607420000000000293e-01,1.742049999999999987e-01,7.219799999999999829e-02,2.119499999999999856e-02,-3.358280000000000154e-01,5.312280000000000335e-01,6.077320000000000499e-01,-1.828180000000000083e-01,-4.888379999999999947e-01,-5.908440000000000358e-01,-6.928509999999999946e-01,7.352410000000000334e-01,8.627489999999999881e-01,-8.081199999999999495e-02,-2.083200000000000052e-01,2.252079999999999915e-01,-4.888379999999999947e-01,1.997059999999999946e-01,1.194269999999999943e+00,8.372469999999999635e-01,9.769999999999999518e-02,9.769999999999999518e-02,8.882499999999999840e-01,-1.318149999999999877e-01,-1.559906000000000015e+00,-5.530999999999999805e-02,3.017130000000000090e-01,3.782179999999999986e-01,1.487030000000000018e-01,-1.573170000000000124e-01,5.057260000000000089e-01,8.882499999999999840e-01,2.507099999999999884e-01,-6.673489999999999700e-01,-8.458609999999999740e-01,-8.713619999999999699e-01,8.882499999999999840e-01,1.232010000000000050e-01,9.769999999999999518e-02,7.097390000000000088e-01,7.862440000000000540e-01,7.097390000000000088e-01,-6.673489999999999700e-01,-3.103259999999999907e-01,-5.143389999999999906e-01,-6.163459999999999495e-01,7.352410000000000334e-01,8.372469999999999635e-01,1.092262999999999984e+00,-1.063130000000000047e-01,2.762109999999999843e-01,-1.318149999999999877e-01,3.272140000000000049e-01,8.117459999999999676e-01,-1.100877000000000105e+00,-1.355893000000000015e+00,-1.828180000000000083e-01,-3.868309999999999804e-01,-1.318149999999999877e-01,7.352410000000000334e-01,1.321777999999999897e+00,1.474787999999999988e+00,8.882499999999999840e-01,3.017130000000000090e-01,-2.848249999999999948e-01,-6.673489999999999700e-01,-3.103259999999999907e-01,-3.868309999999999804e-01,5.057260000000000089e-01,4.292210000000000192e-01,6.842369999999999841e-01,-1.610910000000000064e+00,-3.868309999999999804e-01,6.587359999999999882e-01,1.347280000000000033e+00,9.902570000000000539e-01,9.769999999999999518e-02,-6.928509999999999946e-01,-2.083200000000000052e-01,1.015759000000000079e+00,-5.530999999999999805e-02,-9.478670000000000151e-01,1.143267000000000033e+00,7.352410000000000334e-01,-3.358280000000000154e-01,9.137520000000000087e-01,-8.081199999999999495e-02,-1.381394999999999929e+00,-7.948570000000000357e-01,1.997059999999999946e-01,1.143267000000000033e+00,2.010321999999999942e+00,-2.083200000000000052e-01,-2.120941999999999883e+00,9.392540000000000333e-01,5.822310000000000541e-01,-1.828180000000000083e-01,4.547229999999999883e-01,9.647550000000000292e-01,5.312280000000000335e-01,4.802239999999999842e-01,-2.848249999999999948e-01,-1.814923000000000064e+00,-6.673489999999999700e-01,1.232010000000000050e-01,2.507099999999999884e-01,9.392540000000000333e-01,9.902570000000000539e-01,5.822310000000000541e-01,-3.868309999999999804e-01,3.272140000000000049e-01,-8.203589999999999494e-01,4.669600000000000140e-02,8.117459999999999676e-01,7.097390000000000088e-01,4.669600000000000140e-02,-5.908440000000000358e-01,-1.661912999999999974e+00,1.449286000000000074e+00,8.882499999999999840e-01,1.997059999999999946e-01,-4.888379999999999947e-01,4.292210000000000192e-01,4.802239999999999842e-01,7.219799999999999829e-02,-1.573170000000000124e-01,4.037189999999999945e-01,-6.928509999999999946e-01,-1.063130000000000047e-01,7.862440000000000540e-01,5.312280000000000335e-01,-1.573170000000000124e-01,-5.398410000000000153e-01,6.587359999999999882e-01,2.762109999999999843e-01,-2.980800000000000116e-02,2.762109999999999843e-01,-5.530999999999999805e-02,6.842369999999999841e-01,-2.980800000000000116e-02,6.587359999999999882e-01,1.347280000000000033e+00,-6.418479999999999741e-01,-8.458609999999999740e-01,-1.075374999999999970e+00,4.547229999999999883e-01,3.017130000000000090e-01,9.647550000000000292e-01,2.119499999999999856e-02,4.037189999999999945e-01,-6.163459999999999495e-01,-4.633360000000000256e-01,6.077320000000000499e-01,3.017130000000000090e-01,-2.848249999999999948e-01,5.312280000000000335e-01,1.487030000000000018e-01,5.822310000000000541e-01,2.507099999999999884e-01,-1.126379000000000019e+00,1.347280000000000033e+00,4.037189999999999945e-01,-9.988700000000000356e-01,4.669600000000000140e-02,2.119499999999999856e-02,8.117459999999999676e-01,1.487030000000000018e-01,9.769999999999999518e-02,5.567290000000000294e-01,-6.163459999999999495e-01,1.997059999999999946e-01,9.902570000000000539e-01,2.119499999999999856e-02,-2.083200000000000052e-01,2.762109999999999843e-01,-1.828180000000000083e-01,-2.656477000000000199e+00,-4.307000000000000065e-03,1.372781000000000029e+00,5.057260000000000089e-01,2.596859999999999946e+00,1.576794999999999947e+00,9.769999999999999518e-02,-9.988700000000000356e-01,-2.980800000000000116e-02,-1.063130000000000047e-01,-1.828180000000000083e-01,1.487030000000000018e-01,-8.081199999999999495e-02,4.037189999999999945e-01,-1.828180000000000083e-01,-1.318149999999999877e-01,8.117459999999999676e-01,8.627489999999999881e-01,-1.126379000000000019e+00,-1.279387999999999970e+00,9.392540000000000333e-01,4.292210000000000192e-01,3.782179999999999986e-01,-3.358280000000000154e-01,5.057260000000000089e-01,3.017130000000000090e-01,4.802239999999999842e-01,4.547229999999999883e-01,3.017130000000000090e-01,4.669600000000000140e-02,5.822310000000000541e-01,-2.980800000000000116e-02,-8.081199999999999495e-02,-5.653430000000000399e-01,-9.223660000000000192e-01,1.232010000000000050e-01,6.332339999999999636e-01,2.119499999999999856e-02,-4.633360000000000256e-01,1.092262999999999984e+00,-1.063130000000000047e-01,-2.593230000000000257e-01,4.037189999999999945e-01,5.822310000000000541e-01,-1.063130000000000047e-01,1.997059999999999946e-01,8.882499999999999840e-01,7.352410000000000334e-01,-5.143389999999999906e-01,-7.183530000000000193e-01,-9.733690000000000397e-01,-8.081199999999999495e-02,1.627798000000000078e+00,1.857312000000000074e+00,7.607420000000000293e-01,-9.223660000000000192e-01,-4.633360000000000256e-01,3.527159999999999740e-01,-1.063130000000000047e-01,-3.358280000000000154e-01,5.312280000000000335e-01,-1.318149999999999877e-01,-4.123330000000000051e-01,5.057260000000000089e-01,2.762109999999999843e-01,2.119499999999999856e-02,5.822310000000000541e-01,1.742049999999999987e-01,1.487030000000000018e-01,-4.123330000000000051e-01,4.037189999999999945e-01,7.097390000000000088e-01,3.782179999999999986e-01,4.802239999999999842e-01,-2.338210000000000011e-01,-9.478670000000000151e-01,4.802239999999999842e-01,7.607420000000000293e-01,4.292210000000000192e-01,2.119499999999999856e-02,-9.478670000000000151e-01,-4.378349999999999742e-01,1.997059999999999946e-01,3.782179999999999986e-01,1.117764999999999898e+00,4.292210000000000192e-01,-1.177381999999999929e+00,8.627489999999999881e-01,8.372469999999999635e-01,7.219799999999999829e-02,-7.438540000000000152e-01,2.252079999999999915e-01,-4.307000000000000065e-03,4.292210000000000192e-01,7.862440000000000540e-01,5.567290000000000294e-01,-2.980800000000000116e-02,-5.530999999999999805e-02,-7.438540000000000152e-01,-1.318149999999999877e-01,3.527159999999999740e-01,-4.307000000000000065e-03,3.272140000000000049e-01,6.842369999999999841e-01,2.507099999999999884e-01,-5.530999999999999805e-02,5.822310000000000541e-01,1.997059999999999946e-01,-6.418479999999999741e-01,-9.733690000000000397e-01,3.782179999999999986e-01,7.219799999999999829e-02,1.500289999999999901e+00,-6.163459999999999495e-01,-9.988700000000000356e-01,4.292210000000000192e-01,2.762109999999999843e-01,4.547229999999999883e-01,7.097390000000000088e-01,1.219772000000000078e+00,-2.980800000000000116e-02,-6.928509999999999946e-01,2.762109999999999843e-01,1.487030000000000018e-01,-3.103259999999999907e-01,1.232010000000000050e-01,2.762109999999999843e-01,-3.868309999999999804e-01,3.272140000000000049e-01,2.762109999999999843e-01,2.762109999999999843e-01,3.017130000000000090e-01,2.507099999999999884e-01,-1.573170000000000124e-01,-1.828180000000000083e-01,-2.338210000000000011e-01,7.862440000000000540e-01,1.143267000000000033e+00,-1.024372000000000060e+00,-1.126379000000000019e+00,2.507099999999999884e-01,9.902570000000000539e-01,5.822310000000000541e-01,-2.848249999999999948e-01,8.117459999999999676e-01,2.119499999999999856e-02,5.057260000000000089e-01,3.527159999999999740e-01,2.762109999999999843e-01,-1.063130000000000047e-01,-4.307000000000000065e-03,-4.888379999999999947e-01,2.252079999999999915e-01,7.862440000000000540e-01,1.742049999999999987e-01,-2.980800000000000116e-02,-1.126379000000000019e+00,-8.203589999999999494e-01,4.292210000000000192e-01,1.092262999999999984e+00,1.168768000000000029e+00,1.997059999999999946e-01,-6.673489999999999700e-01,8.372469999999999635e-01,6.332339999999999636e-01,4.037189999999999945e-01,-8.081199999999999495e-02,5.312280000000000335e-01,-8.458609999999999740e-01,-6.928509999999999946e-01,4.802239999999999842e-01,3.017130000000000090e-01,3.272140000000000049e-01,-8.081199999999999495e-02,-2.848249999999999948e-01,-4.378349999999999742e-01,7.097390000000000088e-01,4.547229999999999883e-01,8.372469999999999635e-01,7.219799999999999829e-02,9.137520000000000087e-01,-2.083200000000000052e-01,-8.968639999999999946e-01,-8.081199999999999495e-02,8.372469999999999635e-01,4.292210000000000192e-01,-5.398410000000000153e-01,-4.888379999999999947e-01,6.077320000000000499e-01,5.567290000000000294e-01,9.137520000000000087e-01,7.097390000000000088e-01,-2.083200000000000052e-01,5.057260000000000089e-01,7.219799999999999829e-02,-5.398410000000000153e-01,-8.081199999999999495e-02,-8.968639999999999946e-01,7.352410000000000334e-01,9.137520000000000087e-01,-1.828180000000000083e-01,-2.083200000000000052e-01,6.332339999999999636e-01,-9.223660000000000192e-01,-6.928509999999999946e-01,1.729803999999999897e+00,-3.103259999999999907e-01,6.332339999999999636e-01,8.882499999999999840e-01,1.232010000000000050e-01,9.769999999999999518e-02,-2.083200000000000052e-01,5.057260000000000089e-01,4.669600000000000140e-02,-2.083200000000000052e-01,-9.478670000000000151e-01,2.507099999999999884e-01,4.547229999999999883e-01,4.292210000000000192e-01,-8.081199999999999495e-02,-2.338210000000000011e-01,3.782179999999999986e-01,1.232010000000000050e-01,1.232010000000000050e-01,1.168768000000000029e+00,-5.143389999999999906e-01,-5.398410000000000153e-01,1.678800999999999988e+00,-7.948570000000000357e-01,-8.968639999999999946e-01,4.037189999999999945e-01,-4.307000000000000065e-03,9.902570000000000539e-01,1.066761999999999988e+00,7.097390000000000088e-01,-1.063130000000000047e-01,-2.338210000000000011e-01,-4.888379999999999947e-01,1.487030000000000018e-01,-2.980800000000000116e-02,-2.980800000000000116e-02,4.802239999999999842e-01,4.669600000000000140e-02,-2.593230000000000257e-01,2.507099999999999884e-01,-3.103259999999999907e-01,-4.888379999999999947e-01,1.143267000000000033e+00,1.423785000000000078e+00,-4.123330000000000051e-01,-2.146443999999999797e+00,6.587359999999999882e-01,1.296276999999999902e+00,4.802239999999999842e-01,1.245273000000000074e+00,-2.593230000000000257e-01,5.822310000000000541e-01,1.742049999999999987e-01,-5.143389999999999906e-01,3.017130000000000090e-01,-4.307000000000000065e-03,-1.828180000000000083e-01,-2.980800000000000116e-02,-7.693560000000000398e-01,-4.888379999999999947e-01,1.487030000000000018e-01,3.017130000000000090e-01,3.272140000000000049e-01,3.017130000000000090e-01,1.347280000000000033e+00,2.762109999999999843e-01,-4.633360000000000256e-01,5.312280000000000335e-01,-3.103259999999999907e-01,-6.673489999999999700e-01,1.143267000000000033e+00,1.449286000000000074e+00,7.352410000000000334e-01,-3.358280000000000154e-01,-1.828180000000000083e-01,7.352410000000000334e-01,-3.103259999999999907e-01,-2.338210000000000011e-01,2.252079999999999915e-01,4.669600000000000140e-02,-1.457899999999999974e+00,-9.478670000000000151e-01,6.842369999999999841e-01,3.272140000000000049e-01,7.607420000000000293e-01,1.831811000000000078e+00,7.219799999999999829e-02,3.272140000000000049e-01,7.862440000000000540e-01,-5.653430000000000399e-01,-9.223660000000000192e-01,-2.848249999999999948e-01,9.392540000000000333e-01,5.312280000000000335e-01,3.527159999999999740e-01,4.292210000000000192e-01,-8.081199999999999495e-02,-1.508903000000000105e+00,-1.318149999999999877e-01,4.547229999999999883e-01,9.137520000000000087e-01,6.077320000000000499e-01,-5.143389999999999906e-01,8.372469999999999635e-01,-2.848249999999999948e-01,-2.980800000000000116e-02,-8.081199999999999495e-02,5.567290000000000294e-01,6.077320000000000499e-01,-2.848249999999999948e-01,-1.126379000000000019e+00,1.092262999999999984e+00,7.219799999999999829e-02,1.997059999999999946e-01,1.066761999999999988e+00,1.232010000000000050e-01,-5.398410000000000153e-01,3.527159999999999740e-01,-8.968639999999999946e-01,1.232010000000000050e-01,9.769999999999999518e-02,-1.318149999999999877e-01,7.097390000000000088e-01,6.587359999999999882e-01,5.057260000000000089e-01,-8.081199999999999495e-02,9.769999999999999518e-02,-8.203589999999999494e-01,-8.081199999999999495e-02,-5.143389999999999906e-01,1.015759000000000079e+00,1.729803999999999897e+00,-1.318149999999999877e-01,-1.228385000000000060e+00,-4.378349999999999742e-01,3.017130000000000090e-01,3.782179999999999986e-01,1.041260000000000074e+00,3.272140000000000049e-01,-1.828180000000000083e-01,9.647550000000000292e-01,-4.378349999999999742e-01,-1.151880000000000015e+00,1.780807999999999947e+00,9.647550000000000292e-01,-9.478670000000000151e-01,-8.968639999999999946e-01,4.037189999999999945e-01,9.769999999999999518e-02,4.802239999999999842e-01,1.245273000000000074e+00,3.017130000000000090e-01,-9.733690000000000397e-01,-6.163459999999999495e-01,5.567290000000000294e-01,5.567290000000000294e-01,4.292210000000000192e-01,3.782179999999999986e-01,7.219799999999999829e-02,-2.083200000000000052e-01,1.742049999999999987e-01,7.097390000000000088e-01,3.017130000000000090e-01,-8.713619999999999699e-01,-2.980800000000000116e-02,-2.848249999999999948e-01,2.507099999999999884e-01,5.057260000000000089e-01,1.066761999999999988e+00,-2.848249999999999948e-01,-4.378349999999999742e-01,1.143267000000000033e+00,3.272140000000000049e-01,6.077320000000000499e-01,-1.828180000000000083e-01,-5.398410000000000153e-01,7.219799999999999829e-02,1.232010000000000050e-01,1.487030000000000018e-01,6.587359999999999882e-01,1.997059999999999946e-01,-5.530999999999999805e-02,3.527159999999999740e-01,4.037189999999999945e-01,-1.126379000000000019e+00,-1.228385000000000060e+00,1.347280000000000033e+00,3.272140000000000049e-01,-1.304890000000000105e+00,5.822310000000000541e-01,1.066761999999999988e+00,8.372469999999999635e-01,4.802239999999999842e-01,1.232010000000000050e-01,-1.063130000000000047e-01,2.762109999999999843e-01,1.997059999999999946e-01,-5.653430000000000399e-01,-3.868309999999999804e-01,5.057260000000000089e-01,6.587359999999999882e-01,-3.613299999999999845e-01,-6.418479999999999741e-01,2.252079999999999915e-01,8.627489999999999881e-01,-1.318149999999999877e-01,-6.163459999999999495e-01,4.292210000000000192e-01,1.398282999999999943e+00,7.607420000000000293e-01,-7.438540000000000152e-01,-8.203589999999999494e-01,1.831811000000000078e+00,1.742049999999999987e-01,-7.183530000000000193e-01,7.219799999999999829e-02,1.117764999999999898e+00,7.607420000000000293e-01,-1.318149999999999877e-01,-8.968639999999999946e-01,1.232010000000000050e-01,-1.828180000000000083e-01,3.017130000000000090e-01,1.997059999999999946e-01,-4.307000000000000065e-03,-2.083200000000000052e-01,-5.530999999999999805e-02,-8.081199999999999495e-02,1.041260000000000074e+00,5.567290000000000294e-01,-9.223660000000000192e-01,2.762109999999999843e-01,5.822310000000000541e-01,6.587359999999999882e-01,7.219799999999999829e-02,-4.633360000000000256e-01,4.547229999999999883e-01,6.077320000000000499e-01,-8.458609999999999740e-01,-3.103259999999999907e-01,6.332339999999999636e-01,1.997059999999999946e-01,3.017130000000000090e-01,2.252079999999999915e-01,3.017130000000000090e-01,-1.828180000000000083e-01,1.232010000000000050e-01,4.037189999999999945e-01,1.997059999999999946e-01,-6.418479999999999741e-01,1.997059999999999946e-01,4.292210000000000192e-01,-2.338210000000000011e-01,-1.063130000000000047e-01,5.567290000000000294e-01,4.037189999999999945e-01,4.037189999999999945e-01,-4.307000000000000065e-03,2.119499999999999856e-02,3.272140000000000049e-01,-4.633360000000000256e-01,4.292210000000000192e-01,1.143267000000000033e+00,-1.828180000000000083e-01,-1.202884000000000064e+00,7.097390000000000088e-01,7.352410000000000334e-01,-2.593230000000000257e-01,3.272140000000000049e-01,-8.081199999999999495e-02,-7.438540000000000152e-01,-2.980800000000000116e-02,8.117459999999999676e-01,8.882499999999999840e-01,8.117459999999999676e-01,3.017130000000000090e-01,-1.202884000000000064e+00,-1.330392000000000019e+00,-4.633360000000000256e-01,1.997059999999999946e-01,5.822310000000000541e-01,1.653299000000000074e+00,7.097390000000000088e-01,1.997059999999999946e-01,4.669600000000000140e-02,-6.673489999999999700e-01,2.119499999999999856e-02,-5.653430000000000399e-01,6.842369999999999841e-01,4.669600000000000140e-02,9.392540000000000333e-01,6.842369999999999841e-01,-4.123330000000000051e-01,-2.083200000000000052e-01,3.527159999999999740e-01,-1.432398000000000060e+00,1.742049999999999987e-01,1.168768000000000029e+00,2.252079999999999915e-01,-1.318149999999999877e-01,9.769999999999999518e-02,2.762109999999999843e-01,1.232010000000000050e-01,1.742049999999999987e-01,-6.163459999999999495e-01,3.527159999999999740e-01,4.802239999999999842e-01,7.607420000000000293e-01,7.607420000000000293e-01,-1.202884000000000064e+00,5.567290000000000294e-01,-7.183530000000000193e-01,-7.183530000000000193e-01,2.137830000000000119e+00,5.822310000000000541e-01,-8.081199999999999495e-02,-2.980800000000000116e-02,4.547229999999999883e-01,5.822310000000000541e-01,5.567290000000000294e-01,-9.223660000000000192e-01,-6.928509999999999946e-01,1.997059999999999946e-01,4.292210000000000192e-01,6.332339999999999636e-01,-4.888379999999999947e-01,1.487030000000000018e-01,1.232010000000000050e-01,9.769999999999999518e-02,7.219799999999999829e-02,2.119499999999999856e-02,6.842369999999999841e-01,1.742049999999999987e-01,3.527159999999999740e-01,1.092262999999999984e+00,3.527159999999999740e-01,-1.508903000000000105e+00,-1.355893000000000015e+00,4.292210000000000192e-01,7.097390000000000088e-01,7.862440000000000540e-01,9.137520000000000087e-01,2.252079999999999915e-01,3.272140000000000049e-01,4.547229999999999883e-01,2.507099999999999884e-01,-1.432398000000000060e+00,-1.432398000000000060e+00,7.352410000000000334e-01,8.117459999999999676e-01,9.392540000000000333e-01,4.547229999999999883e-01,-1.828180000000000083e-01,6.077320000000000499e-01,-1.828180000000000083e-01,-3.613299999999999845e-01,-3.868309999999999804e-01,9.137520000000000087e-01,8.882499999999999840e-01,1.041260000000000074e+00,-1.916929000000000105e+00,-8.713619999999999699e-01,7.097390000000000088e-01,2.119499999999999856e-02,5.312280000000000335e-01,7.607420000000000293e-01,5.312280000000000335e-01,1.997059999999999946e-01,2.119499999999999856e-02,7.219799999999999829e-02,4.037189999999999945e-01,2.252079999999999915e-01,-1.318149999999999877e-01,3.017130000000000090e-01,7.219799999999999829e-02,-3.613299999999999845e-01,9.769999999999999518e-02,2.762109999999999843e-01,7.219799999999999829e-02,-2.593230000000000257e-01,-2.848249999999999948e-01,5.057260000000000089e-01,9.137520000000000087e-01,4.802239999999999842e-01,7.097390000000000088e-01,-3.358280000000000154e-01,2.119499999999999856e-02,4.547229999999999883e-01,2.762109999999999843e-01,-1.942431000000000019e+00,-7.438540000000000152e-01,1.219772000000000078e+00,1.398282999999999943e+00,7.862440000000000540e-01,-3.613299999999999845e-01,4.292210000000000192e-01,-2.338210000000000011e-01,3.272140000000000049e-01,-4.378349999999999742e-01,-2.980800000000000116e-02,9.647550000000000292e-01,1.117764999999999898e+00,-1.828180000000000083e-01,-6.418479999999999741e-01,-9.478670000000000151e-01,-4.633360000000000256e-01,4.292210000000000192e-01,9.902570000000000539e-01,7.097390000000000088e-01,5.822310000000000541e-01,-1.318149999999999877e-01,-6.418479999999999741e-01,-6.418479999999999741e-01,-1.828180000000000083e-01,6.587359999999999882e-01,3.017130000000000090e-01,5.312280000000000335e-01,1.168768000000000029e+00,-5.398410000000000153e-01,-1.024372000000000060e+00,-2.980800000000000116e-02,7.607420000000000293e-01,9.392540000000000333e-01,1.168768000000000029e+00,7.219799999999999829e-02,-1.406897000000000064e+00,-1.304890000000000105e+00,2.762109999999999843e-01,1.092262999999999984e+00,1.194269999999999943e+00,-5.398410000000000153e-01,-3.868309999999999804e-01,7.352410000000000334e-01,1.143267000000000033e+00,-3.868309999999999804e-01,-7.693560000000000398e-01,7.352410000000000334e-01,1.232010000000000050e-01,-1.253886999999999974e+00,2.119499999999999856e-02,4.547229999999999883e-01,7.097390000000000088e-01,4.802239999999999842e-01,4.292210000000000192e-01,2.762109999999999843e-01,-3.868309999999999804e-01,-4.307000000000000065e-03,-4.307000000000000065e-03,7.097390000000000088e-01,-3.613299999999999845e-01,2.252079999999999915e-01,1.449286000000000074e+00,-4.307000000000000065e-03,-1.406897000000000064e+00,9.647550000000000292e-01,-1.573170000000000124e-01,2.119499999999999856e-02,3.527159999999999740e-01,-1.573170000000000124e-01,5.822310000000000541e-01,-2.083200000000000052e-01,-1.534405000000000019e+00,1.143267000000000033e+00,7.862440000000000540e-01,-1.151880000000000015e+00,9.647550000000000292e-01,6.077320000000000499e-01,7.352410000000000334e-01,-3.613299999999999845e-01,-1.534405000000000019e+00,1.015759000000000079e+00,1.449286000000000074e+00,1.066761999999999988e+00,-2.083200000000000052e-01,-1.330392000000000019e+00,-4.307000000000000065e-03,1.742049999999999987e-01,8.117459999999999676e-01,3.272140000000000049e-01,-9.733690000000000397e-01,-3.103259999999999907e-01,7.352410000000000334e-01,1.487030000000000018e-01,-1.573170000000000124e-01,7.219799999999999829e-02,3.782179999999999986e-01,1.487030000000000018e-01,3.527159999999999740e-01,8.117459999999999676e-01,4.037189999999999945e-01,1.997059999999999946e-01,3.017130000000000090e-01,-1.828180000000000083e-01,1.997059999999999946e-01,-4.307000000000000065e-03,5.312280000000000335e-01,-8.203589999999999494e-01,-1.063130000000000047e-01,2.762109999999999843e-01,-1.063130000000000047e-01,-6.928509999999999946e-01,5.312280000000000335e-01,4.292210000000000192e-01,-3.868309999999999804e-01,1.474787999999999988e+00,1.474787999999999988e+00,-7.948570000000000357e-01,-1.763919000000000015e+00,1.117764999999999898e+00,7.607420000000000293e-01,1.194269999999999943e+00,-2.593230000000000257e-01,-2.593230000000000257e-01,2.762109999999999843e-01,-3.358280000000000154e-01,8.117459999999999676e-01,7.352410000000000334e-01,-1.100877000000000105e+00,1.997059999999999946e-01,3.272140000000000049e-01,-1.049873999999999974e+00,-4.307000000000000065e-03,4.669600000000000140e-02,6.077320000000000499e-01,4.802239999999999842e-01,7.219799999999999829e-02,7.097390000000000088e-01,-4.123330000000000051e-01,-3.613299999999999845e-01,4.669600000000000140e-02,1.296276999999999902e+00,1.449286000000000074e+00,-3.868309999999999804e-01,-1.828180000000000083e-01,-2.980800000000000116e-02,-4.378349999999999742e-01,-4.307000000000000065e-03,1.232010000000000050e-01,5.312280000000000335e-01,7.352410000000000334e-01,2.762109999999999843e-01,-1.126379000000000019e+00,7.352410000000000334e-01,8.117459999999999676e-01,-1.508903000000000105e+00,-4.378349999999999742e-01,5.822310000000000541e-01,6.332339999999999636e-01,1.041260000000000074e+00,4.669600000000000140e-02,-2.083200000000000052e-01,5.312280000000000335e-01,4.292210000000000192e-01,-2.044436999999999838e+00,-1.024372000000000060e+00,7.352410000000000334e-01,8.627489999999999881e-01,7.607420000000000293e-01,5.057260000000000089e-01,7.219799999999999829e-02,4.802239999999999842e-01,2.252079999999999915e-01,9.392540000000000333e-01,1.232010000000000050e-01,-2.885991000000000195e+00,3.272140000000000049e-01,8.117459999999999676e-01,1.232010000000000050e-01,1.092262999999999984e+00,1.041260000000000074e+00,1.041260000000000074e+00,-1.126379000000000019e+00,-2.350457000000000019e+00,-1.063130000000000047e-01,1.347280000000000033e+00,9.902570000000000539e-01,5.567290000000000294e-01,-6.673489999999999700e-01,7.219799999999999829e-02,9.392540000000000333e-01,-6.418479999999999741e-01,1.933816999999999897e+00,2.507099999999999884e-01,-2.848249999999999948e-01,1.015759000000000079e+00,-2.987998000000000154e+00,-2.630974999999999842e+00,1.729803999999999897e+00,1.653299000000000074e+00,-5.143389999999999906e-01,4.292210000000000192e-01,1.219772000000000078e+00,3.017130000000000090e-01,9.769999999999999518e-02,-1.573170000000000124e-01,-8.081199999999999495e-02,9.647550000000000292e-01,6.077320000000000499e-01,3.017130000000000090e-01,-1.789420999999999928e+00,4.547229999999999883e-01,4.037189999999999945e-01,3.017130000000000090e-01,2.252079999999999915e-01,7.219799999999999829e-02,-2.848249999999999948e-01,-2.980800000000000116e-02,-4.307000000000000065e-03,1.487030000000000018e-01,1.742049999999999987e-01,4.669600000000000140e-02,4.292210000000000192e-01,3.017130000000000090e-01,6.077320000000000499e-01,1.742049999999999987e-01,5.312280000000000335e-01,2.252079999999999915e-01,9.769999999999999518e-02,-9.223660000000000192e-01,-1.063130000000000047e-01,7.219799999999999829e-02,9.902570000000000539e-01,-1.573170000000000124e-01,-5.143389999999999906e-01,2.673364999999999991e+00,9.769999999999999518e-02,-1.840424000000000060e+00,2.507099999999999884e-01,7.097390000000000088e-01,1.474787999999999988e+00,-1.177381999999999929e+00,-5.143389999999999906e-01,9.647550000000000292e-01,1.041260000000000074e+00,3.272140000000000049e-01,-1.075374999999999970e+00,-7.693560000000000398e-01,-4.307000000000000065e-03,2.290840000000000209e+00,-9.988700000000000356e-01,-1.202884000000000064e+00,5.312280000000000335e-01,1.245273000000000074e+00,1.015759000000000079e+00,8.117459999999999676e-01,-5.653430000000000399e-01,4.669600000000000140e-02,-1.573170000000000124e-01,1.232010000000000050e-01,2.762109999999999843e-01,3.272140000000000049e-01,3.782179999999999986e-01,-2.083200000000000052e-01,1.487030000000000018e-01,-2.593230000000000257e-01,-4.888379999999999947e-01,-4.307000000000000065e-03,1.678800999999999988e+00,5.057260000000000089e-01,-2.656477000000000199e+00,-9.988700000000000356e-01,2.137830000000000119e+00,2.953882999999999814e+00,2.252079999999999915e-01,-1.406897000000000064e+00,-9.988700000000000356e-01,1.487030000000000018e-01,5.312280000000000335e-01,6.077320000000000499e-01,7.607420000000000293e-01,5.057260000000000089e-01,5.057260000000000089e-01,-2.980800000000000116e-02,-8.713619999999999699e-01,-4.307000000000000065e-03,-1.573170000000000124e-01,-6.163459999999999495e-01,1.041260000000000074e+00,8.627489999999999881e-01,4.669600000000000140e-02,1.997059999999999946e-01,4.292210000000000192e-01,3.527159999999999740e-01,-4.123330000000000051e-01,3.782179999999999986e-01,9.769999999999999518e-02,2.507099999999999884e-01,-1.063130000000000047e-01,4.292210000000000192e-01,1.997059999999999946e-01,-1.075374999999999970e+00,-3.358280000000000154e-01,6.077320000000000499e-01,4.547229999999999883e-01,8.117459999999999676e-01,-3.358280000000000154e-01,6.332339999999999636e-01,1.041260000000000074e+00,2.507099999999999884e-01,-1.916929000000000105e+00,-1.406897000000000064e+00,3.272140000000000049e-01,1.321777999999999897e+00,1.500289999999999901e+00,9.902570000000000539e-01,3.272140000000000049e-01,-8.968639999999999946e-01,-7.183530000000000193e-01,4.037189999999999945e-01,4.037189999999999945e-01,-2.593230000000000257e-01,1.742049999999999987e-01,9.769999999999999518e-02,6.077320000000000499e-01,1.742049999999999987e-01,-3.868309999999999804e-01,2.252079999999999915e-01,6.842369999999999841e-01,3.272140000000000049e-01,-3.868309999999999804e-01,2.119499999999999856e-02,5.057260000000000089e-01,5.057260000000000089e-01,9.137520000000000087e-01,-1.573170000000000124e-01,-2.146443999999999797e+00,4.669600000000000140e-02,9.392540000000000333e-01,1.398282999999999943e+00,6.842369999999999841e-01,-1.202884000000000064e+00,2.252079999999999915e-01,1.015759000000000079e+00,1.219772000000000078e+00,-6.673489999999999700e-01,-1.573170000000000124e-01,2.252079999999999915e-01,-8.968639999999999946e-01,1.449286000000000074e+00,-5.530999999999999805e-02,-1.202884000000000064e+00,4.669600000000000140e-02,6.842369999999999841e-01,3.272140000000000049e-01,3.017130000000000090e-01,4.547229999999999883e-01,4.802239999999999842e-01,-5.398410000000000153e-01,-6.673489999999999700e-01,4.037189999999999945e-01,3.272140000000000049e-01,4.292210000000000192e-01,5.822310000000000541e-01,5.057260000000000089e-01,1.232010000000000050e-01,4.669600000000000140e-02,2.119499999999999856e-02,-8.713619999999999699e-01,5.057260000000000089e-01,4.802239999999999842e-01,4.669600000000000140e-02,-4.123330000000000051e-01,1.092262999999999984e+00,1.997059999999999946e-01,-1.304890000000000105e+00,-2.848249999999999948e-01,9.647550000000000292e-01,7.219799999999999829e-02,-2.980800000000000116e-02,4.547229999999999883e-01,2.762109999999999843e-01,4.292210000000000192e-01,3.272140000000000049e-01,3.272140000000000049e-01,9.392540000000000333e-01,5.822310000000000541e-01,-1.406897000000000064e+00,-1.457899999999999974e+00,-2.338210000000000011e-01,7.862440000000000540e-01,2.762109999999999843e-01,3.017130000000000090e-01,-8.081199999999999495e-02,6.842369999999999841e-01,5.312280000000000335e-01,7.352410000000000334e-01,-3.103259999999999907e-01,4.547229999999999883e-01,1.168768000000000029e+00,-1.253886999999999974e+00,-2.528967999999999883e+00,7.097390000000000088e-01,8.627489999999999881e-01,8.627489999999999881e-01,1.066761999999999988e+00,9.392540000000000333e-01,7.219799999999999829e-02,-4.633360000000000256e-01,4.292210000000000192e-01,3.782179999999999986e-01,-9.988700000000000356e-01,-4.888379999999999947e-01,-1.828180000000000083e-01,8.627489999999999881e-01,-3.358280000000000154e-01,4.802239999999999842e-01,1.092262999999999984e+00,9.769999999999999518e-02,-2.848249999999999948e-01,7.862440000000000540e-01,4.292210000000000192e-01,-6.928509999999999946e-01,-3.103259999999999907e-01,5.057260000000000089e-01,7.607420000000000293e-01,9.647550000000000292e-01,-3.103259999999999907e-01,-1.024372000000000060e+00,-1.063130000000000047e-01,4.547229999999999883e-01,4.802239999999999842e-01,8.372469999999999635e-01,-2.848249999999999948e-01,-8.713619999999999699e-01,1.015759000000000079e+00,5.567290000000000294e-01,-1.279387999999999970e+00,-2.848249999999999948e-01,3.017130000000000090e-01,7.607420000000000293e-01,1.755306000000000033e+00,1.015759000000000079e+00,-4.888379999999999947e-01,-4.123330000000000051e-01,6.587359999999999882e-01,-2.338210000000000011e-01,-5.653430000000000399e-01,-1.304890000000000105e+00,2.507099999999999884e-01,4.292210000000000192e-01,8.882499999999999840e-01,3.527159999999999740e-01,9.769999999999999518e-02,4.292210000000000192e-01,-5.530999999999999805e-02,1.780807999999999947e+00,-1.151880000000000015e+00,-1.712916000000000105e+00,-8.458609999999999740e-01,1.372781000000000029e+00,1.449286000000000074e+00,1.270774999999999988e+00,1.780807999999999947e+00,6.332339999999999636e-01,9.769999999999999518e-02,-5.053630000000000067e+00,-1.993433999999999928e+00,2.137830000000000119e+00,1.398282999999999943e+00,7.352410000000000334e-01,1.066761999999999988e+00,4.292210000000000192e-01,6.332339999999999636e-01,2.762109999999999843e-01,-1.828180000000000083e-01,3.272140000000000049e-01,-2.338210000000000011e-01,-4.888379999999999947e-01,-9.478670000000000151e-01,-5.908440000000000358e-01,-2.980800000000000116e-02,-2.083200000000000052e-01,4.292210000000000192e-01,1.092262999999999984e+00,6.077320000000000499e-01,1.742049999999999987e-01,2.762109999999999843e-01,-3.613299999999999845e-01,-5.908440000000000358e-01,-1.318149999999999877e-01,9.137520000000000087e-01,8.117459999999999676e-01,1.296276999999999902e+00,1.066761999999999988e+00,-9.223660000000000192e-01,-2.222948999999999842e+00,6.587359999999999882e-01,1.908315999999999901e+00,2.252079999999999915e-01,-5.908440000000000358e-01,-6.928509999999999946e-01,-8.968639999999999946e-01,-5.908440000000000358e-01,1.270774999999999988e+00,1.372781000000000029e+00,-4.307000000000000065e-03,2.252079999999999915e-01,2.252079999999999915e-01,-5.530999999999999805e-02,-1.279387999999999970e+00,1.997059999999999946e-01,1.219772000000000078e+00,-4.123330000000000051e-01,-2.848249999999999948e-01,1.372781000000000029e+00,3.017130000000000090e-01,-6.163459999999999495e-01,-3.103259999999999907e-01,7.607420000000000293e-01,8.627489999999999881e-01,2.252079999999999915e-01,-1.063130000000000047e-01,-2.338210000000000011e-01,2.507099999999999884e-01,6.842369999999999841e-01,-1.279387999999999970e+00,-6.418479999999999741e-01,4.292210000000000192e-01,8.627489999999999881e-01,7.352410000000000334e-01,9.137520000000000087e-01,-1.063130000000000047e-01,-1.865925999999999974e+00,-2.848249999999999948e-01,7.097390000000000088e-01,7.352410000000000334e-01,1.143267000000000033e+00,8.117459999999999676e-01,3.272140000000000049e-01,-2.980800000000000116e-02,-8.713619999999999699e-01,-3.358280000000000154e-01,4.292210000000000192e-01,7.352410000000000334e-01,-5.908440000000000358e-01,3.527159999999999740e-01,-1.828180000000000083e-01,-5.908440000000000358e-01,3.272140000000000049e-01,1.742049999999999987e-01,3.527159999999999740e-01,1.487030000000000018e-01,7.352410000000000334e-01,1.487030000000000018e-01,-9.988700000000000356e-01,-1.024372000000000060e+00,7.097390000000000088e-01,1.474787999999999988e+00,4.037189999999999945e-01,-8.081199999999999495e-02,1.704302999999999901e+00,-4.633360000000000256e-01,-1.406897000000000064e+00,-1.151880000000000015e+00,1.245273000000000074e+00,8.627489999999999881e-01,2.762109999999999843e-01,6.077320000000000499e-01,-1.828180000000000083e-01,-5.530999999999999805e-02,4.802239999999999842e-01,-2.593230000000000257e-01,1.321777999999999897e+00,2.252079999999999915e-01,-1.304890000000000105e+00,-1.151880000000000015e+00,-1.828180000000000083e-01,2.507099999999999884e-01,3.017130000000000090e-01,1.347280000000000033e+00,-3.868309999999999804e-01,-1.573170000000000124e-01,1.729803999999999897e+00,7.862440000000000540e-01,-2.044436999999999838e+00,-5.530999999999999805e-02,2.762109999999999843e-01,9.902570000000000539e-01,7.097390000000000088e-01,-5.653430000000000399e-01,4.547229999999999883e-01,6.332339999999999636e-01,2.507099999999999884e-01,-3.613299999999999845e-01,9.769999999999999518e-02,3.017130000000000090e-01,-7.183530000000000193e-01,-7.948570000000000357e-01,-2.083200000000000052e-01,4.292210000000000192e-01,3.782179999999999986e-01,6.332339999999999636e-01,8.117459999999999676e-01,4.037189999999999945e-01,-1.828180000000000083e-01,-4.123330000000000051e-01
4.037189999999999945e-01,3.017130000000000090e-01,1.742049999999999987e-01,-5.530999999999999805e-02,-1.828180000000000083e-01,-2.338210000000000011e-01,-2.083200000000000052e-01,1.232010000000000050e-01,1.487030000000000018e-01,2.252079999999999915e-01,4.037189999999999945e-01,6.332339999999999636e-01,6.332339999999999636e-01,9.769999999999999518e-02,-4.307000000000000065e-03,-4.307000000000000065e-03,4.669600000000000140e-02,1.487030000000000018e-01,-1.318149999999999877e-01,-5.530999999999999805e-02,1.232010000000000050e-01,1.997059999999999946e-01,3.272140000000000049e-01,1.997059999999999946e-01,1.997059999999999946e-01,2.119499999999999856e-02,4.669600000000000140e-02,2.252079999999999915e-01,2.119499999999999856e-02,3.272140000000000049e-01,3.527159999999999740e-01,4.669600000000000140e-02,9.769999999999999518e-02,1.487030000000000018e-01,4.669600000000000140e-02,-2.083200000000000052e-01,-1.573170000000000124e-01,2.252079999999999915e-01,2.762109999999999843e-01,2.507099999999999884e-01,3.272140000000000049e-01,2.252079999999999915e-01,1.487030000000000018e-01,-4.307000000000000065e-03,7.219799999999999829e-02,2.119499999999999856e-02,1.487030000000000018e-01,1.487030000000000018e-01,1.232010000000000050e-01,1.232010000000000050e-01,2.507099999999999884e-01,4.802239999999999842e-01,1.487030000000000018e-01,9.769999999999999518e-02,7.219799999999999829e-02,7.219799999999999829e-02,-2.848249999999999948e-01,-4.307000000000000065e-03,2.507099999999999884e-01,1.742049999999999987e-01,3.017130000000000090e-01,4.292210000000000192e-01,1.997059999999999946e-01,4.669600000000000140e-02,1.232010000000000050e-01,-8.081199999999999495e-02,-5.530999999999999805e-02,1.487030000000000018e-01,3.017130000000000090e-01,2.252079999999999915e-01,2.762109999999999843e-01,4.292210000000000192e-01,3.017130000000000090e-01,1.997059999999999946e-01,1.232010000000000050e-01,1.487030000000000018e-01,-4.123330000000000051e-01,-1.318149999999999877e-01,2.507099999999999884e-01,3.017130000000000090e-01,1.487030000000000018e-01,2.762109999999999843e-01,1.997059999999999946e-01,3.017130000000000090e-01,2.762109999999999843e-01,-8.081199999999999495e-02,-2.338210000000000011e-01,2.119499999999999856e-02,1.742049999999999987e-01,3.782179999999999986e-01,4.037189999999999945e-01,5.057260000000000089e-01,1.232010000000000050e-01,7.219799999999999829e-02,-1.573170000000000124e-01,-1.573170000000000124e-01,1.232010000000000050e-01,2.762109999999999843e-01,2.507099999999999884e-01,9.769999999999999518e-02,4.669600000000000140e-02,-2.980800000000000116e-02,3.017130000000000090e-01,1.742049999999999987e-01,4.292210000000000192e-01,1.487030000000000018e-01,3.272140000000000049e-01,6.077320000000000499e-01,-3.868309999999999804e-01,-7.438540000000000152e-01,1.487030000000000018e-01,8.372469999999999635e-01,7.219799999999999829e-02,1.742049999999999987e-01,1.742049999999999987e-01,2.762109999999999843e-01,-2.848249999999999948e-01,-6.928509999999999946e-01,8.372469999999999635e-01,1.092262999999999984e+00,-4.633360000000000256e-01,-2.083200000000000052e-01,1.997059999999999946e-01,8.117459999999999676e-01,2.762109999999999843e-01,-2.083200000000000052e-01,-1.063130000000000047e-01,-4.307000000000000065e-03,5.312280000000000335e-01,1.997059999999999946e-01,2.507099999999999884e-01,7.097390000000000088e-01,-1.063130000000000047e-01,-1.508903000000000105e+00,-4.888379999999999947e-01,7.097390000000000088e-01,3.527159999999999740e-01,4.037189999999999945e-01,3.017130000000000090e-01,-1.063130000000000047e-01,6.332339999999999636e-01,7.607420000000000293e-01,2.252079999999999915e-01,3.527159999999999740e-01,2.119499999999999856e-02,-8.458609999999999740e-01,-1.573170000000000124e-01,5.312280000000000335e-01,9.137520000000000087e-01,-5.143389999999999906e-01,-8.081199999999999495e-02,2.252079999999999915e-01,5.567290000000000294e-01,5.312280000000000335e-01,-2.083200000000000052e-01,-7.183530000000000193e-01,-8.203589999999999494e-01,5.312280000000000335e-01,1.500289999999999901e+00,-8.203589999999999494e-01,2.507099999999999884e-01,8.627489999999999881e-01,4.547229999999999883e-01,8.882499999999999840e-01,-8.081199999999999495e-02,-6.928509999999999946e-01,-4.307000000000000065e-03,4.802239999999999842e-01,7.219799999999999829e-02,-2.848249999999999948e-01,9.769999999999999518e-02,7.607420000000000293e-01,2.762109999999999843e-01,-4.378349999999999742e-01,-2.848249999999999948e-01,-6.163459999999999495e-01,5.312280000000000335e-01,1.908315999999999901e+00,-1.063130000000000047e-01,-2.273951999999999973e+00,2.252079999999999915e-01,2.010321999999999942e+00,2.775370999999999810e+00,1.704302999999999901e+00,-1.457899999999999974e+00,-3.039000999999999841e+00,9.769999999999999518e-02,-6.418479999999999741e-01,7.352410000000000334e-01,4.547229999999999883e-01,1.168768000000000029e+00,-9.733690000000000397e-01,-2.980800000000000116e-02,2.762109999999999843e-01,1.500289999999999901e+00,-5.530999999999999805e-02,7.352410000000000334e-01,3.017130000000000090e-01,-1.024372000000000060e+00,-4.888379999999999947e-01,4.037189999999999945e-01,-4.888379999999999947e-01,6.077320000000000499e-01,1.041260000000000074e+00,1.398282999999999943e+00,-1.100877000000000105e+00,-1.661912999999999974e+00,2.119499999999999856e-02,9.769999999999999518e-02,-1.024372000000000060e+00,9.902570000000000539e-01,1.296276999999999902e+00,1.449286000000000074e+00,2.673364999999999991e+00,1.857312000000000074e+00,-2.477965000000000195e+00,-4.186575000000000379e+00,2.214335000000000164e+00,1.347280000000000033e+00,1.487030000000000018e-01,-8.203589999999999494e-01,-1.865925999999999974e+00,-2.222948999999999842e+00,1.806308999999999942e+00,2.418347999999999942e+00,2.239837000000000078e+00,3.527159999999999740e-01,1.997059999999999946e-01,-2.980800000000000116e-02,-1.253886999999999974e+00,-1.228385000000000060e+00,-6.673489999999999700e-01,5.057260000000000089e-01,2.086826999999999988e+00,-1.049873999999999974e+00,-2.095441000000000109e+00,7.607420000000000293e-01,1.245273000000000074e+00,7.607420000000000293e-01,2.507099999999999884e-01,3.527159999999999740e-01,3.272140000000000049e-01,-4.888379999999999947e-01,1.066761999999999988e+00,4.547229999999999883e-01,-9.478670000000000151e-01,-3.868309999999999804e-01,1.487030000000000018e-01,7.607420000000000293e-01,1.117764999999999898e+00,-5.143389999999999906e-01,-1.828180000000000083e-01,-7.438540000000000152e-01,1.219772000000000078e+00,-8.081199999999999495e-02,-6.163459999999999495e-01,-6.418479999999999741e-01,1.487030000000000018e-01,1.857312000000000074e+00,1.270774999999999988e+00,1.321777999999999897e+00,5.057260000000000089e-01,-4.307000000000000065e-03,-1.355893000000000015e+00,-8.203589999999999494e-01,-2.593230000000000257e-01,3.782179999999999986e-01,-8.968639999999999946e-01,-1.559906000000000015e+00,-1.063130000000000047e-01,2.545856999999999815e+00,2.469352000000000213e+00,9.137520000000000087e-01,-9.478670000000000151e-01,-2.375958999999999932e+00,-1.814923000000000064e+00,1.066761999999999988e+00,8.372469999999999635e-01,1.806308999999999942e+00,1.219772000000000078e+00,-7.438540000000000152e-01,-8.081199999999999495e-02,9.769999999999999518e-02,-5.143389999999999906e-01,7.097390000000000088e-01,-2.083200000000000052e-01,1.232010000000000050e-01,5.312280000000000335e-01,2.507099999999999884e-01,-4.307000000000000065e-03,-2.980800000000000116e-02,4.802239999999999842e-01,1.219772000000000078e+00,-2.593230000000000257e-01,-1.534405000000000019e+00,-3.613299999999999845e-01,-9.733690000000000397e-01,7.097390000000000088e-01,3.259901999999999855e+00,4.802239999999999842e-01,-1.661912999999999974e+00,-4.645603999999999623e+00,7.862440000000000540e-01,2.469352000000000213e+00,5.822310000000000541e-01,-1.318149999999999877e-01,2.188833999999999946e+00,-2.083200000000000052e-01,-1.024372000000000060e+00,2.119499999999999856e-02,8.882499999999999840e-01,5.567290000000000294e-01,1.270774999999999988e+00,2.119499999999999856e-02,-1.661912999999999974e+00,4.669600000000000140e-02,6.842369999999999841e-01,5.312280000000000335e-01,-8.968639999999999946e-01,-1.534405000000000019e+00,1.296276999999999902e+00,1.015759000000000079e+00,-3.613299999999999845e-01,-4.378349999999999742e-01,2.214335000000000164e+00,1.423785000000000078e+00,-1.483402000000000109e+00,-5.908440000000000358e-01,6.842369999999999841e-01,5.567290000000000294e-01,9.769999999999999518e-02,4.292210000000000192e-01,1.041260000000000074e+00,-1.508903000000000105e+00,-1.063130000000000047e-01,5.057260000000000089e-01,5.822310000000000541e-01,1.882813999999999988e+00,-1.063130000000000047e-01,-4.314083000000000112e+00,-1.483402000000000109e+00,1.092262999999999984e+00,1.704302999999999901e+00,3.527159999999999740e-01,1.041260000000000074e+00,1.627798000000000078e+00,6.077320000000000499e-01,-2.338210000000000011e-01,1.066761999999999988e+00,-2.197446999999999928e+00,-5.908440000000000358e-01,-8.081199999999999495e-02,-2.848249999999999948e-01,3.017130000000000090e-01,2.119499999999999856e-02,6.842369999999999841e-01,1.232010000000000050e-01,6.332339999999999636e-01,7.862440000000000540e-01,-6.163459999999999495e-01,-5.143389999999999906e-01,-4.307000000000000065e-03,1.997059999999999946e-01,6.332339999999999636e-01,5.567290000000000294e-01,1.997059999999999946e-01,-8.081199999999999495e-02,7.219799999999999829e-02,9.769999999999999518e-02,4.292210000000000192e-01,-4.123330000000000051e-01,-2.980800000000000116e-02,2.596859999999999946e+00,-1.508903000000000105e+00,-4.926122000000000334e+00,2.698866000000000209e+00,1.296276999999999902e+00,1.627798000000000078e+00,-1.063130000000000047e-01,-4.378349999999999742e-01,4.292210000000000192e-01,-7.948570000000000357e-01,9.769999999999999518e-02,1.372781000000000029e+00,7.097390000000000088e-01,1.398282999999999943e+00,-2.987998000000000154e+00,-3.982562000000000157e+00,1.831811000000000078e+00,1.551293000000000033e+00,9.902570000000000539e-01,1.168768000000000029e+00,-9.478670000000000151e-01,7.097390000000000088e-01,5.312280000000000335e-01,-4.123330000000000051e-01,9.769999999999999518e-02,4.669600000000000140e-02,-3.613299999999999845e-01,-4.307000000000000065e-03,3.527159999999999740e-01,3.272140000000000049e-01,-2.338210000000000011e-01,5.057260000000000089e-01,1.232010000000000050e-01,-3.103259999999999907e-01,2.762109999999999843e-01,6.332339999999999636e-01,1.576794999999999947e+00,2.762109999999999843e-01,-6.163459999999999495e-01,-2.860489999999999977e+00,-1.100877000000000105e+00,9.902570000000000539e-01,1.729803999999999897e+00,2.596859999999999946e+00,1.729803999999999897e+00,4.292210000000000192e-01,-8.713619999999999699e-01,-7.183530000000000193e-01,1.092262999999999984e+00,1.653299000000000074e+00,-4.569098999999999577e+00,-2.630974999999999842e+00,1.372781000000000029e+00,3.782179999999999986e-01,9.902570000000000539e-01,3.527159999999999740e-01,5.312280000000000335e-01,4.037189999999999945e-01,2.119499999999999856e-02,1.857312000000000074e+00,9.647550000000000292e-01,-9.988700000000000356e-01,-1.253886999999999974e+00,7.607420000000000293e-01,1.270774999999999988e+00,-4.307000000000000065e-03,-9.223660000000000192e-01,-7.183530000000000193e-01,3.782179999999999986e-01,8.627489999999999881e-01,7.352410000000000334e-01,1.168768000000000029e+00,5.567290000000000294e-01,-2.860489999999999977e+00,-4.888379999999999947e-01,-1.063130000000000047e-01,1.347280000000000033e+00,6.077320000000000499e-01,-2.848249999999999948e-01,1.232010000000000050e-01,1.997059999999999946e-01,5.057260000000000089e-01,-8.203589999999999494e-01,1.321777999999999897e+00,3.017130000000000090e-01,1.232010000000000050e-01,-1.318149999999999877e-01,-4.123330000000000051e-01,9.392540000000000333e-01,1.755306000000000033e+00,-1.318149999999999877e-01,-1.534405000000000019e+00,3.272140000000000049e-01,3.272140000000000049e-01,1.997059999999999946e-01,1.232010000000000050e-01,3.782179999999999986e-01,2.252079999999999915e-01,3.272140000000000049e-01,2.507099999999999884e-01,-2.980800000000000116e-02,-1.063130000000000047e-01,7.219799999999999829e-02,6.842369999999999841e-01,-1.585407999999999928e+00,-7.183530000000000193e-01,9.392540000000000333e-01,-1.585407999999999928e+00,-1.828180000000000083e-01,1.194269999999999943e+00,1.780807999999999947e+00,1.066761999999999988e+00,7.352410000000000334e-01,-2.980800000000000116e-02,-5.143389999999999906e-01,7.219799999999999829e-02,-3.613299999999999845e-01,1.487030000000000018e-01,2.252079999999999915e-01,-8.081199999999999495e-02,4.547229999999999883e-01,-7.948570000000000357e-01,5.057260000000000089e-01,1.959319000000000033e+00,-1.712916000000000105e+00,-2.095441000000000109e+00,1.742049999999999987e-01,1.474787999999999988e+00,1.245273000000000074e+00,1.500289999999999901e+00,4.292210000000000192e-01,-5.530999999999999805e-02,4.037189999999999945e-01,9.769999999999999518e-02,-9.733690000000000397e-01,-1.406897000000000064e+00,1.959319000000000033e+00,1.092262999999999984e+00,-2.630974999999999842e+00,-4.314083000000000112e+00,1.270774999999999988e+00,1.908315999999999901e+00,2.392847000000000168e+00,2.137830000000000119e+00,1.500289999999999901e+00,-2.338210000000000011e-01,-1.228385000000000060e+00,9.137520000000000087e-01,-1.279387999999999970e+00,-1.534405000000000019e+00,5.822310000000000541e-01,2.252079999999999915e-01,-5.908440000000000358e-01,3.272140000000000049e-01,-7.183530000000000193e-01,1.449286000000000074e+00,6.077320000000000499e-01,9.902570000000000539e-01,5.312280000000000335e-01,-4.307000000000000065e-03,3.782179999999999986e-01,-3.868309999999999804e-01,4.669600000000000140e-02,1.742049999999999987e-01,-1.355893000000000015e+00,-2.848249999999999948e-01,1.576794999999999947e+00,1.245273000000000074e+00,-1.712916000000000105e+00,-1.483402000000000109e+00,7.097390000000000088e-01,1.551293000000000033e+00,7.097390000000000088e-01,6.332339999999999636e-01,4.547229999999999883e-01,3.782179999999999986e-01,7.352410000000000334e-01,-6.673489999999999700e-01,-4.307000000000000065e-03,-2.338210000000000011e-01,1.232010000000000050e-01,-8.081199999999999495e-02,2.119499999999999856e-02,3.527159999999999740e-01,8.627489999999999881e-01,-1.075374999999999970e+00,-1.508903000000000105e+00,2.252079999999999915e-01,5.822310000000000541e-01,1.882813999999999988e+00,9.137520000000000087e-01,-9.223660000000000192e-01,4.292210000000000192e-01,-4.378349999999999742e-01,-2.338210000000000011e-01,7.097390000000000088e-01,9.137520000000000087e-01,5.312280000000000335e-01,1.296276999999999902e+00,8.372469999999999635e-01,-2.018936000000000064e+00,-2.083200000000000052e-01,-4.307000000000000065e-03,1.487030000000000018e-01,-1.318149999999999877e-01,-5.530999999999999805e-02,-2.338210000000000011e-01,1.232010000000000050e-01,4.037189999999999945e-01,-5.908440000000000358e-01,6.842369999999999841e-01,-1.573170000000000124e-01,1.347280000000000033e+00,8.627489999999999881e-01,-1.228385000000000060e+00,-7.693560000000000398e-01,7.607420000000000293e-01,1.041260000000000074e+00,6.842369999999999841e-01,-1.610910000000000064e+00,-8.458609999999999740e-01,1.347280000000000033e+00,8.627489999999999881e-01,1.908315999999999901e+00,3.272140000000000049e-01,-2.528967999999999883e+00,-2.083200000000000052e-01,2.252079999999999915e-01,6.077320000000000499e-01,-4.307000000000000065e-03,-8.458609999999999740e-01,7.352410000000000334e-01,-3.613299999999999845e-01,-8.081199999999999495e-02,6.842369999999999841e-01,3.017130000000000090e-01,1.117764999999999898e+00,3.527159999999999740e-01,-3.103259999999999907e-01,5.312280000000000335e-01,-3.358280000000000154e-01,3.017130000000000090e-01,-6.418479999999999741e-01,9.392540000000000333e-01,6.077320000000000499e-01,-3.613299999999999845e-01,-3.358280000000000154e-01,-7.438540000000000152e-01,8.117459999999999676e-01,6.077320000000000499e-01,-3.358280000000000154e-01,9.137520000000000087e-01,7.862440000000000540e-01,-2.083200000000000052e-01,-4.378349999999999742e-01,4.292210000000000192e-01,-1.573170000000000124e-01,6.332339999999999636e-01,3.272140000000000049e-01,6.332339999999999636e-01,1.449286000000000074e+00,-5.530999999999999805e-02,-3.727545000000000108e+00,-1.661912999999999974e+00,1.194269999999999943e+00,1.755306000000000033e+00,1.997059999999999946e-01,7.607420000000000293e-01,8.372469999999999635e-01,5.567290000000000294e-01,-8.081199999999999495e-02,6.587359999999999882e-01,3.782179999999999986e-01,-2.338210000000000011e-01,-1.202884000000000064e+00,-5.398410000000000153e-01,1.997059999999999946e-01,3.782179999999999986e-01,7.862440000000000540e-01,-2.083200000000000052e-01,-7.183530000000000193e-01,1.245273000000000074e+00,7.219799999999999829e-02,4.669600000000000140e-02,2.119499999999999856e-02,4.292210000000000192e-01,5.312280000000000335e-01,9.769999999999999518e-02,6.587359999999999882e-01,2.252079999999999915e-01,6.332339999999999636e-01,4.547229999999999883e-01,-4.633360000000000256e-01,-1.508903000000000105e+00,-7.438540000000000152e-01,7.097390000000000088e-01,-4.307000000000000065e-03,-5.530999999999999805e-02,9.902570000000000539e-01,6.332339999999999636e-01,4.802239999999999842e-01,6.842369999999999841e-01,-1.828180000000000083e-01,-1.318149999999999877e-01,4.292210000000000192e-01,1.997059999999999946e-01,-5.398410000000000153e-01,-2.083200000000000052e-01,-4.378349999999999742e-01,4.547229999999999883e-01,-3.868309999999999804e-01,1.066761999999999988e+00,1.997059999999999946e-01,-1.304890000000000105e+00,-7.183530000000000193e-01,-1.063130000000000047e-01,1.831811000000000078e+00,1.347280000000000033e+00,1.143267000000000033e+00,5.057260000000000089e-01,-1.318149999999999877e-01,-1.318149999999999877e-01,2.119499999999999856e-02,-3.613299999999999845e-01,-5.908440000000000358e-01,6.077320000000000499e-01,-3.613299999999999845e-01,-2.044436999999999838e+00,9.392540000000000333e-01,8.117459999999999676e-01,-7.948570000000000357e-01,-3.868309999999999804e-01,1.270774999999999988e+00,1.449286000000000074e+00,-3.358280000000000154e-01,8.372469999999999635e-01,1.959319000000000033e+00,-1.828180000000000083e-01,-8.203589999999999494e-01,2.119499999999999856e-02,-4.307000000000000065e-03,-5.530999999999999805e-02,4.037189999999999945e-01,1.245273000000000074e+00,-1.534405000000000019e+00,-3.370521999999999796e+00,9.769999999999999518e-02,1.959319000000000033e+00,9.902570000000000539e-01,1.066761999999999988e+00,7.607420000000000293e-01,3.527159999999999740e-01,6.587359999999999882e-01,7.097390000000000088e-01,-8.081199999999999495e-02,-7.693560000000000398e-01,-8.968639999999999946e-01,3.017130000000000090e-01,9.137520000000000087e-01,-2.593230000000000257e-01,6.587359999999999882e-01,-5.908440000000000358e-01,-8.458609999999999740e-01,1.780807999999999947e+00,-2.338210000000000011e-01,-1.100877000000000105e+00,8.372469999999999635e-01,1.219772000000000078e+00,3.782179999999999986e-01,7.097390000000000088e-01,4.802239999999999842e-01,-1.573170000000000124e-01,1.015759000000000079e+00,3.017130000000000090e-01,-1.228385000000000060e+00,3.272140000000000049e-01,-8.081199999999999495e-02,3.527159999999999740e-01,-4.888379999999999947e-01,-1.483402000000000109e+00,2.762109999999999843e-01,1.168768000000000029e+00,1.245273000000000074e+00,1.232010000000000050e-01,-8.081199999999999495e-02,-1.063130000000000047e-01,8.372469999999999635e-01,6.077320000000000499e-01,-3.613299999999999845e-01,5.822310000000000541e-01,6.332339999999999636e-01,-6.163459999999999495e-01,-1.304890000000000105e+00,5.312280000000000335e-01,4.802239999999999842e-01,5.312280000000000335e-01,6.077320000000000499e-01,-1.457899999999999974e+00,-9.478670000000000151e-01,1.296276999999999902e+00,1.500289999999999901e+00,1.525790999999999897e+00,5.567290000000000294e-01,-1.942431000000000019e+00,-1.228385000000000060e+00,-2.083200000000000052e-01,2.507099999999999884e-01,1.219772000000000078e+00,9.392540000000000333e-01,7.097390000000000088e-01,4.802239999999999842e-01,-2.980800000000000116e-02,-2.083200000000000052e-01,-8.081199999999999495e-02,-2.083200000000000052e-01,-3.868309999999999804e-01,2.507099999999999884e-01,7.219799999999999829e-02,2.119499999999999856e-02,-8.081199999999999495e-02,1.092262999999999984e+00,6.842369999999999841e-01,-5.908440000000000358e-01,-6.928509999999999946e-01,-4.123330000000000051e-01,-4.378349999999999742e-01,1.449286000000000074e+00,1.806308999999999942e+00,-6.163459999999999495e-01,1.041260000000000074e+00,1.525790999999999897e+00,-2.044436999999999838e+00,-2.095441000000000109e+00,8.372469999999999635e-01,1.143267000000000033e+00,8.627489999999999881e-01,4.292210000000000192e-01,4.292210000000000192e-01,3.017130000000000090e-01,-3.613299999999999845e-01,-1.151880000000000015e+00,-2.120941999999999883e+00,-2.338210000000000011e-01,8.882499999999999840e-01,9.392540000000000333e-01,9.647550000000000292e-01,1.143267000000000033e+00,-4.307000000000000065e-03,-3.358280000000000154e-01,1.487030000000000018e-01,1.219772000000000078e+00,3.782179999999999986e-01,-2.980800000000000116e-02,-2.350457000000000019e+00,-9.988700000000000356e-01,2.877378000000000213e+00,6.587359999999999882e-01,-8.458609999999999740e-01,-7.438540000000000152e-01,3.527159999999999740e-01,1.117764999999999898e+00,2.252079999999999915e-01,8.882499999999999840e-01,8.627489999999999881e-01,-1.457899999999999974e+00,-3.103259999999999907e-01,8.372469999999999635e-01,-3.103259999999999907e-01,-2.120941999999999883e+00,8.882499999999999840e-01,1.347280000000000033e+00,1.092262999999999984e+00,4.802239999999999842e-01,-2.083200000000000052e-01,-2.980800000000000116e-02,3.527159999999999740e-01,-2.848249999999999948e-01,-2.980800000000000116e-02,9.769999999999999518e-02,-7.438540000000000152e-01,-5.398410000000000153e-01,9.647550000000000292e-01,9.902570000000000539e-01,7.352410000000000334e-01,7.352410000000000334e-01,-2.083200000000000052e-01,-4.633360000000000256e-01,-7.438540000000000152e-01,-2.980800000000000116e-02,-8.968639999999999946e-01,3.017130000000000090e-01,3.782179999999999986e-01,9.902570000000000539e-01,3.272140000000000049e-01,5.057260000000000089e-01,7.352410000000000334e-01,1.487030000000000018e-01,7.219799999999999829e-02,-1.318149999999999877e-01,4.669600000000000140e-02,-7.438540000000000152e-01,1.232010000000000050e-01,7.219799999999999829e-02,9.769999999999999518e-02,-6.163459999999999495e-01,3.527159999999999740e-01,4.802239999999999842e-01,7.862440000000000540e-01,3.782179999999999986e-01,2.252079999999999915e-01,-4.307000000000000065e-03,6.332339999999999636e-01,1.997059999999999946e-01,1.232010000000000050e-01,-4.307000000000000065e-03,-1.151880000000000015e+00,-1.177381999999999929e+00,9.392540000000000333e-01,1.398282999999999943e+00,9.647550000000000292e-01,-2.338210000000000011e-01,-1.318149999999999877e-01,1.997059999999999946e-01,1.487030000000000018e-01,2.137830000000000119e+00,-6.928509999999999946e-01,-4.059065999999999619e+00,-1.049873999999999974e+00,1.066761999999999988e+00,1.627798000000000078e+00,1.194269999999999943e+00,9.137520000000000087e-01,4.292210000000000192e-01,7.219799999999999829e-02,4.669600000000000140e-02,-5.398410000000000153e-01,-5.653430000000000399e-01,-1.573170000000000124e-01,7.219799999999999829e-02,7.352410000000000334e-01,3.017130000000000090e-01,-3.358280000000000154e-01,2.252079999999999915e-01,1.372781000000000029e+00,-6.928509999999999946e-01,-4.633360000000000256e-01,6.587359999999999882e-01,3.527159999999999740e-01,2.119499999999999856e-02,-3.868309999999999804e-01,1.041260000000000074e+00,1.143267000000000033e+00,1.092262999999999984e+00,-1.100877000000000105e+00,-2.605472999999999928e+00,8.882499999999999840e-01,1.194269999999999943e+00,-4.888379999999999947e-01,6.842369999999999841e-01,1.015759000000000079e+00,6.332339999999999636e-01,5.822310000000000541e-01,-1.457899999999999974e+00,-2.044436999999999838e+00,1.092262999999999984e+00,2.112328999999999901e+00,-8.081199999999999495e-02,-2.681977999999999973e+00,4.669600000000000140e-02,8.627489999999999881e-01,-2.848249999999999948e-01,9.902570000000000539e-01,1.449286000000000074e+00,4.037189999999999945e-01,4.547229999999999883e-01,-2.338210000000000011e-01,5.567290000000000294e-01,-1.573170000000000124e-01,-1.916929000000000105e+00,2.762109999999999843e-01,9.902570000000000539e-01,3.782179999999999986e-01,5.057260000000000089e-01,2.252079999999999915e-01,-2.338210000000000011e-01,-3.103259999999999907e-01,-3.868309999999999804e-01,3.272140000000000049e-01,-8.713619999999999699e-01,9.769999999999999518e-02,2.316342000000000123e+00,1.729803999999999897e+00,-6.673489999999999700e-01,-1.063130000000000047e-01,5.057260000000000089e-01,-1.151880000000000015e+00,-7.948570000000000357e-01,7.862440000000000540e-01,1.729803999999999897e+00,-7.183530000000000193e-01,-1.381394999999999929e+00,1.092262999999999984e+00,9.902570000000000539e-01,4.037189999999999945e-01,-6.673489999999999700e-01,4.669600000000000140e-02,-1.100877000000000105e+00,8.882499999999999840e-01,4.292210000000000192e-01,-4.633360000000000256e-01,8.627489999999999881e-01,1.487030000000000018e-01,2.507099999999999884e-01,-5.530999999999999805e-02,-1.573170000000000124e-01,5.822310000000000541e-01,1.997059999999999946e-01,7.097390000000000088e-01,4.292210000000000192e-01,-6.163459999999999495e-01,8.372469999999999635e-01,1.066761999999999988e+00,-1.318149999999999877e-01,-1.100877000000000105e+00,-1.636411000000000060e+00,3.272140000000000049e-01,5.567290000000000294e-01,6.332339999999999636e-01,1.525790999999999897e+00,1.997059999999999946e-01,4.802239999999999842e-01,-7.183530000000000193e-01,-1.432398000000000060e+00,4.292210000000000192e-01,1.117764999999999898e+00,1.232010000000000050e-01,1.474787999999999988e+00,1.066761999999999988e+00,-1.177381999999999929e+00,-1.024372000000000060e+00,1.245273000000000074e+00,-1.318149999999999877e-01,-3.064503000000000199e+00,6.842369999999999841e-01,1.933816999999999897e+00,1.092262999999999984e+00,-8.203589999999999494e-01,5.567290000000000294e-01,6.332339999999999636e-01,-5.530999999999999805e-02,9.769999999999999518e-02,-1.573170000000000124e-01,-4.307000000000000065e-03,3.017130000000000090e-01,3.272140000000000049e-01,5.567290000000000294e-01,-5.530999999999999805e-02,-1.202884000000000064e+00,-8.081199999999999495e-02,1.232010000000000050e-01,-2.083200000000000052e-01,7.862440000000000540e-01,1.041260000000000074e+00,4.802239999999999842e-01,1.398282999999999943e+00,-1.279387999999999970e+00,-5.530999999999999805e-02,1.347280000000000033e+00,-4.888379999999999947e-01,-1.763919000000000015e+00,-7.438540000000000152e-01,1.270774999999999988e+00,1.525790999999999897e+00,1.245273000000000074e+00,-1.828180000000000083e-01,7.607420000000000293e-01,5.312280000000000335e-01,-9.223660000000000192e-01,-7.183530000000000193e-01,3.272140000000000049e-01,3.527159999999999740e-01,3.782179999999999986e-01,5.822310000000000541e-01,2.367344999999999811e+00,-1.967932999999999932e+00,-4.033565000000000289e+00,-5.653430000000000399e-01,1.270774999999999988e+00,2.112328999999999901e+00,1.423785000000000078e+00,1.449286000000000074e+00,6.332339999999999636e-01,2.119499999999999856e-02,1.997059999999999946e-01,4.292210000000000192e-01,-1.381394999999999929e+00,-5.143389999999999906e-01,8.117459999999999676e-01,1.232010000000000050e-01,-4.378349999999999742e-01,5.822310000000000541e-01,6.842369999999999841e-01,1.487030000000000018e-01,-1.483402000000000109e+00,-3.868309999999999804e-01,-6.928509999999999946e-01,3.527159999999999740e-01,2.214335000000000164e+00,3.527159999999999740e-01,7.219799999999999829e-02,8.882499999999999840e-01,-2.980800000000000116e-02,1.219772000000000078e+00,8.372469999999999635e-01,-7.438540000000000152e-01,1.232010000000000050e-01,-1.024372000000000060e+00,-6.928509999999999946e-01,2.252079999999999915e-01,-4.123330000000000051e-01,8.117459999999999676e-01,1.245273000000000074e+00,-6.673489999999999700e-01,-2.911493000000000109e+00,7.862440000000000540e-01,9.902570000000000539e-01,1.092262999999999984e+00,2.762109999999999843e-01,1.232010000000000050e-01,-2.980800000000000116e-02,6.587359999999999882e-01,1.806308999999999942e+00,-4.378349999999999742e-01,5.057260000000000089e-01,-1.432398000000000060e+00,-6.418479999999999741e-01,7.097390000000000088e-01,7.352410000000000334e-01,7.097390000000000088e-01,6.587359999999999882e-01,-1.063130000000000047e-01,-1.151880000000000015e+00,2.507099999999999884e-01,2.762109999999999843e-01,3.272140000000000049e-01,2.119499999999999856e-02,9.769999999999999518e-02,2.507099999999999884e-01,7.219799999999999829e-02,6.842369999999999841e-01,-2.848249999999999948e-01,-1.573170000000000124e-01,7.352410000000000334e-01,1.742049999999999987e-01,1.232010000000000050e-01,-4.633360000000000256e-01,-1.304890000000000105e+00,4.292210000000000192e-01,5.567290000000000294e-01,3.272140000000000049e-01,1.398282999999999943e+00,6.842369999999999841e-01,-7.693560000000000398e-01,-1.534405000000000019e+00,-4.888379999999999947e-01,1.270774999999999988e+00,7.862440000000000540e-01,4.037189999999999945e-01,-4.378349999999999742e-01,8.882499999999999840e-01,1.245273000000000074e+00,-8.458609999999999740e-01,-1.355893000000000015e+00,-4.307000000000000065e-03,-5.143389999999999906e-01,4.292210000000000192e-01,6.842369999999999841e-01,8.117459999999999676e-01,1.997059999999999946e-01,7.219799999999999829e-02,8.117459999999999676e-01,-5.653430000000000399e-01,-7.948570000000000357e-01,3.527159999999999740e-01,7.607420000000000293e-01,-6.928509999999999946e-01,-2.980800000000000116e-02,8.882499999999999840e-01,2.507099999999999884e-01,4.292210000000000192e-01,1.092262999999999984e+00,-1.318149999999999877e-01,-4.633360000000000256e-01,2.507099999999999884e-01,1.742049999999999987e-01,4.547229999999999883e-01,-1.063130000000000047e-01,-6.163459999999999495e-01,5.312280000000000335e-01,7.097390000000000088e-01,1.232010000000000050e-01,1.232010000000000050e-01,-4.888379999999999947e-01,-8.203589999999999494e-01,-3.868309999999999804e-01,1.015759000000000079e+00,6.587359999999999882e-01,-6.418479999999999741e-01,3.272140000000000049e-01,5.567290000000000294e-01,3.272140000000000049e-01,-5.908440000000000358e-01,8.117459999999999676e-01,5.312280000000000335e-01,3.782179999999999986e-01,5.312280000000000335e-01,-4.123330000000000051e-01,2.252079999999999915e-01,5.567290000000000294e-01,-5.398410000000000153e-01,-4.888379999999999947e-01,4.669600000000000140e-02,-4.123330000000000051e-01,-1.828180000000000083e-01,8.117459999999999676e-01,5.567290000000000294e-01,3.782179999999999986e-01,5.567290000000000294e-01,-5.143389999999999906e-01,-1.406897000000000064e+00,3.272140000000000049e-01,1.780807999999999947e+00,9.647550000000000292e-01,-2.980800000000000116e-02,3.527159999999999740e-01,7.607420000000000293e-01,-6.673489999999999700e-01,1.487030000000000018e-01,-1.828180000000000083e-01,2.119499999999999856e-02,1.487030000000000018e-01,4.037189999999999945e-01,3.527159999999999740e-01,-1.828180000000000083e-01,-1.100877000000000105e+00,8.882499999999999840e-01,1.041260000000000074e+00,6.842369999999999841e-01,6.587359999999999882e-01,3.272140000000000049e-01,-6.163459999999999495e-01,-1.177381999999999929e+00,-1.075374999999999970e+00,5.567290000000000294e-01,8.882499999999999840e-01,2.252079999999999915e-01,4.037189999999999945e-01,9.647550000000000292e-01,-8.081199999999999495e-02,-3.103259999999999907e-01,4.037189999999999945e-01,-2.848249999999999948e-01,-5.530999999999999805e-02,6.077320000000000499e-01,4.802239999999999842e-01,-1.355893000000000015e+00,-7.183530000000000193e-01,4.547229999999999883e-01,1.602295999999999943e+00,7.607420000000000293e-01,9.902570000000000539e-01,1.997059999999999946e-01,-8.713619999999999699e-01,-1.573170000000000124e-01,-1.063130000000000047e-01,-2.083200000000000052e-01,4.037189999999999945e-01,1.015759000000000079e+00,-1.063130000000000047e-01,-8.713619999999999699e-01,8.117459999999999676e-01,-5.908440000000000358e-01,-8.713619999999999699e-01,5.822310000000000541e-01,4.292210000000000192e-01,1.487030000000000018e-01,1.500289999999999901e+00,8.372469999999999635e-01,-2.338210000000000011e-01,1.015759000000000079e+00,-6.928509999999999946e-01,1.232010000000000050e-01,-2.848249999999999948e-01,4.802239999999999842e-01,-7.948570000000000357e-01,-1.279387999999999970e+00,5.567290000000000294e-01,8.117459999999999676e-01,5.312280000000000335e-01,1.372781000000000029e+00,-2.848249999999999948e-01,-1.712916000000000105e+00,1.194269999999999943e+00,2.762109999999999843e-01,2.252079999999999915e-01,5.312280000000000335e-01,2.119499999999999856e-02,5.312280000000000335e-01,1.742049999999999987e-01,2.252079999999999915e-01,-2.083200000000000052e-01,-3.358280000000000154e-01,-1.573170000000000124e-01,1.041260000000000074e+00,8.372469999999999635e-01,-8.203589999999999494e-01,-7.948570000000000357e-01,-4.378349999999999742e-01,9.902570000000000539e-01,2.507099999999999884e-01,1.092262999999999984e+00,1.997059999999999946e-01,5.312280000000000335e-01,-2.083200000000000052e-01,3.272140000000000049e-01,-1.573170000000000124e-01,4.547229999999999883e-01,6.332339999999999636e-01,-3.868309999999999804e-01,-4.307000000000000065e-03,3.527159999999999740e-01,-4.307000000000000065e-03,1.232010000000000050e-01,-1.024372000000000060e+00,-1.763919000000000015e+00,1.398282999999999943e+00,2.137830000000000119e+00,-2.980800000000000116e-02,-9.223660000000000192e-01,8.372469999999999635e-01,1.015759000000000079e+00,7.352410000000000334e-01,-3.868309999999999804e-01,2.119499999999999856e-02,3.017130000000000090e-01,-6.928509999999999946e-01,1.194269999999999943e+00,1.041260000000000074e+00,-1.049873999999999974e+00,-8.458609999999999740e-01,-4.123330000000000051e-01,4.802239999999999842e-01,4.292210000000000192e-01,3.782179999999999986e-01,4.037189999999999945e-01,6.587359999999999882e-01,1.997059999999999946e-01,-8.203589999999999494e-01,-8.458609999999999740e-01,-2.848249999999999948e-01,7.097390000000000088e-01,1.245273000000000074e+00,9.647550000000000292e-01,1.232010000000000050e-01,-3.358280000000000154e-01,4.802239999999999842e-01,9.769999999999999518e-02,3.782179999999999986e-01,-1.828180000000000083e-01,-1.508903000000000105e+00,-3.103259999999999907e-01,8.117459999999999676e-01,6.842369999999999841e-01,5.312280000000000335e-01,3.272140000000000049e-01,2.252079999999999915e-01,-1.318149999999999877e-01,-7.183530000000000193e-01,4.802239999999999842e-01,9.902570000000000539e-01,-1.828180000000000083e-01,-1.228385000000000060e+00,4.669600000000000140e-02,4.802239999999999842e-01,3.782179999999999986e-01,9.769999999999999518e-02,4.037189999999999945e-01,9.392540000000000333e-01,7.097390000000000088e-01,3.272140000000000049e-01,-2.980800000000000116e-02,-1.828180000000000083e-01,-6.418479999999999741e-01,-2.980800000000000116e-02,2.762109999999999843e-01,-4.123330000000000051e-01,-2.083200000000000052e-01,5.057260000000000089e-01,4.292210000000000192e-01,4.547229999999999883e-01,6.842369999999999841e-01,-8.713619999999999699e-01,4.802239999999999842e-01,2.252079999999999915e-01,-3.868309999999999804e-01,-3.613299999999999845e-01,1.041260000000000074e+00,3.272140000000000049e-01,9.647550000000000292e-01,1.487030000000000018e-01,5.567290000000000294e-01,-2.980800000000000116e-02,-1.828180000000000083e-01,-4.307000000000000065e-03,-3.868309999999999804e-01,-7.438540000000000152e-01,7.097390000000000088e-01,7.862440000000000540e-01,-1.100877000000000105e+00,2.507099999999999884e-01,8.372469999999999635e-01,-4.123330000000000051e-01,-5.530999999999999805e-02,1.245273000000000074e+00,6.077320000000000499e-01,-8.713619999999999699e-01,-1.279387999999999970e+00,7.097390000000000088e-01,1.525790999999999897e+00,9.769999999999999518e-02,-4.888379999999999947e-01,3.017130000000000090e-01,2.252079999999999915e-01,3.527159999999999740e-01,-8.081199999999999495e-02,-1.063130000000000047e-01,2.507099999999999884e-01,1.742049999999999987e-01,-1.318149999999999877e-01,2.119499999999999856e-02,8.372469999999999635e-01,-1.828180000000000083e-01,-9.988700000000000356e-01,6.332339999999999636e-01,-3.613299999999999845e-01,3.017130000000000090e-01,5.312280000000000335e-01,-4.307000000000000065e-03,-2.095441000000000109e+00,1.602295999999999943e+00,1.398282999999999943e+00,7.352410000000000334e-01,3.272140000000000049e-01,5.057260000000000089e-01,1.487030000000000018e-01,-1.432398000000000060e+00,5.312280000000000335e-01,2.252079999999999915e-01,-2.848249999999999948e-01,6.842369999999999841e-01,-6.928509999999999946e-01,-9.223660000000000192e-01,4.547229999999999883e-01,9.137520000000000087e-01,2.252079999999999915e-01,7.219799999999999829e-02,1.347280000000000033e+00,5.312280000000000335e-01,-9.478670000000000151e-01,5.567290000000000294e-01,5.822310000000000541e-01,5.057260000000000089e-01,-7.183530000000000193e-01,-9.478670000000000151e-01,1.997059999999999946e-01,1.194269999999999943e+00,6.842369999999999841e-01,-4.307000000000000065e-03,-8.081199999999999495e-02,2.507099999999999884e-01,-4.307000000000000065e-03,1.194269999999999943e+00,6.077320000000000499e-01,-2.980800000000000116e-02,-6.418479999999999741e-01,-1.573170000000000124e-01,3.272140000000000049e-01,7.219799999999999829e-02,-1.828180000000000083e-01,1.117764999999999898e+00,-3.103259999999999907e-01,-5.908440000000000358e-01,9.769999999999999518e-02,8.372469999999999635e-01,1.041260000000000074e+00,-3.358280000000000154e-01,-6.418479999999999741e-01,-8.081199999999999495e-02,6.587359999999999882e-01,1.219772000000000078e+00,-5.530999999999999805e-02,6.587359999999999882e-01,-6.418479999999999741e-01,-1.075374999999999970e+00,-2.083200000000000052e-01,2.252079999999999915e-01,1.997059999999999946e-01,5.567290000000000294e-01,1.398282999999999943e+00,8.117459999999999676e-01,-6.928509999999999946e-01,-4.633360000000000256e-01,1.347280000000000033e+00,-4.378349999999999742e-01,-4.378349999999999742e-01,3.272140000000000049e-01,5.057260000000000089e-01,1.232010000000000050e-01,4.037189999999999945e-01,5.822310000000000541e-01,5.822310000000000541e-01,-1.063130000000000047e-01,-1.024372000000000060e+00,-4.888379999999999947e-01,4.669600000000000140e-02,5.822310000000000541e-01,5.822310000000000541e-01,3.272140000000000049e-01,7.097390000000000088e-01,5.312280000000000335e-01,1.755306000000000033e+00,5.312280000000000335e-01,-2.834988000000000063e+00,-2.848249999999999948e-01,4.547229999999999883e-01,1.742049999999999987e-01,2.119499999999999856e-02,7.862440000000000540e-01,5.312280000000000335e-01,5.567290000000000294e-01,-1.063130000000000047e-01,-7.948570000000000357e-01,1.232010000000000050e-01,-1.202884000000000064e+00,8.117459999999999676e-01,5.822310000000000541e-01,9.769999999999999518e-02,5.567290000000000294e-01,8.882499999999999840e-01,-1.828180000000000083e-01,-2.338210000000000011e-01,7.219799999999999829e-02,-4.888379999999999947e-01,5.312280000000000335e-01,4.037189999999999945e-01,-3.868309999999999804e-01,-2.848249999999999948e-01,-3.358280000000000154e-01,1.933816999999999897e+00,4.547229999999999883e-01,1.997059999999999946e-01,-5.908440000000000358e-01,-4.888379999999999947e-01,-2.338210000000000011e-01,6.587359999999999882e-01,1.232010000000000050e-01,2.507099999999999884e-01,5.057260000000000089e-01,2.112328999999999901e+00,1.500289999999999901e+00,-2.707479999999999887e+00,-2.911493000000000109e+00,1.143267000000000033e+00,1.066761999999999988e+00,-2.593230000000000257e-01,7.352410000000000334e-01,6.332339999999999636e-01,9.769999999999999518e-02,6.332339999999999636e-01,2.119499999999999856e-02,3.272140000000000049e-01,4.802239999999999842e-01,4.669600000000000140e-02,-4.123330000000000051e-01,-1.024372000000000060e+00,-7.438540000000000152e-01,9.647550000000000292e-01,1.194269999999999943e+00,-1.151880000000000015e+00,-1.828180000000000083e-01,8.882499999999999840e-01,4.802239999999999842e-01,6.587359999999999882e-01,1.232010000000000050e-01,7.219799999999999829e-02,5.312280000000000335e-01,1.653299000000000074e+00,-1.457899999999999974e+00,-2.069939000000000195e+00,8.882499999999999840e-01,2.507099999999999884e-01,4.292210000000000192e-01,1.041260000000000074e+00,9.392540000000000333e-01,-7.948570000000000357e-01,-6.163459999999999495e-01,6.077320000000000499e-01,2.762109999999999843e-01,9.137520000000000087e-01,1.168768000000000029e+00,-5.398410000000000153e-01,-5.908440000000000358e-01,-5.143389999999999906e-01,2.119499999999999856e-02,1.245273000000000074e+00,7.352410000000000334e-01,-9.478670000000000151e-01,-2.338210000000000011e-01,-1.828180000000000083e-01,1.742049999999999987e-01,1.194269999999999943e+00,-8.458609999999999740e-01,-2.593230000000000257e-01,1.232010000000000050e-01,4.802239999999999842e-01,9.392540000000000333e-01,4.037189999999999945e-01,7.352410000000000334e-01,-2.593230000000000257e-01,9.647550000000000292e-01,-5.908440000000000358e-01,-1.840424000000000060e+00,5.057260000000000089e-01,8.372469999999999635e-01,1.270774999999999988e+00,2.252079999999999915e-01,-4.633360000000000256e-01,-3.358280000000000154e-01,1.997059999999999946e-01,1.997059999999999946e-01,-1.063130000000000047e-01,-4.633360000000000256e-01,5.312280000000000335e-01,1.092262999999999984e+00,7.352410000000000334e-01,-1.406897000000000064e+00,-7.438540000000000152e-01,3.272140000000000049e-01,1.678800999999999988e+00,9.137520000000000087e-01,-1.712916000000000105e+00,4.802239999999999842e-01,7.352410000000000334e-01,4.292210000000000192e-01,8.882499999999999840e-01,6.842369999999999841e-01,-1.202884000000000064e+00,-5.908440000000000358e-01,-3.358280000000000154e-01,4.292210000000000192e-01,1.245273000000000074e+00,1.219772000000000078e+00,4.547229999999999883e-01,-4.378349999999999742e-01,-1.063130000000000047e-01,-2.338210000000000011e-01,-1.049873999999999974e+00,8.117459999999999676e-01,1.232010000000000050e-01,7.607420000000000293e-01,2.494852999999999987e+00,-6.928509999999999946e-01,-4.722108999999999668e+00,3.272140000000000049e-01,6.077320000000000499e-01,1.143267000000000033e+00,1.092262999999999984e+00,7.352410000000000334e-01,1.117764999999999898e+00,3.272140000000000049e-01,-1.279387999999999970e+00,4.547229999999999883e-01,3.017130000000000090e-01,2.252079999999999915e-01,-7.948570000000000357e-01,4.669600000000000140e-02,1.219772000000000078e+00,-1.049873999999999974e+00,-1.636411000000000060e+00,8.372469999999999635e-01,1.627798000000000078e+00,-5.908440000000000358e-01,1.232010000000000050e-01,3.782179999999999986e-01,9.769999999999999518e-02,-2.848249999999999948e-01,1.015759000000000079e+00,8.117459999999999676e-01,4.037189999999999945e-01,2.119499999999999856e-02,7.219799999999999829e-02,-8.081199999999999495e-02,-1.063130000000000047e-01,4.547229999999999883e-01,-3.103259999999999907e-01,-5.143389999999999906e-01,3.782179999999999986e-01,1.232010000000000050e-01,4.292210000000000192e-01,1.092262999999999984e+00,7.219799999999999829e-02,-1.049873999999999974e+00,2.252079999999999915e-01,7.352410000000000334e-01,1.219772000000000078e+00,1.066761999999999988e+00,-4.307000000000000065e-03,-1.814923000000000064e+00,-8.081199999999999495e-02,9.392540000000000333e-01,1.232010000000000050e-01,4.292210000000000192e-01,1.041260000000000074e+00,4.292210000000000192e-01,-1.763919000000000015e+00,-4.888379999999999947e-01,1.423785000000000078e+00,4.669600000000000140e-02,-5.908440000000000358e-01,1.296276999999999902e+00,-5.143389999999999906e-01,-1.304890000000000105e+00,-2.848249999999999948e-01,-6.163459999999999495e-01,1.245273000000000074e+00,4.547229999999999883e-01,8.117459999999999676e-01,1.602295999999999943e+00,5.822310000000000541e-01,-1.063130000000000047e-01,-4.307000000000000065e-03,-5.653430000000000399e-01,-2.083200000000000052e-01,-6.928509999999999946e-01,-1.636411000000000060e+00,5.312280000000000335e-01,8.882499999999999840e-01,5.822310000000000541e-01,-7.948570000000000357e-01,1.232010000000000050e-01,1.423785000000000078e+00,1.755306000000000033e+00,-5.143389999999999906e-01,-8.713619999999999699e-01,2.252079999999999915e-01,-2.593230000000000257e-01,1.500289999999999901e+00,1.347280000000000033e+00,-1.381394999999999929e+00,1.232010000000000050e-01,9.137520000000000087e-01,7.862440000000000540e-01,1.232010000000000050e-01,-1.100877000000000105e+00,-4.888379999999999947e-01,3.017130000000000090e-01,1.678800999999999988e+00,-3.370521999999999796e+00,-1.738418000000000019e+00,1.194269999999999943e+00,1.423785000000000078e+00,1.755306000000000033e+00,6.077320000000000499e-01,-1.318149999999999877e-01,-8.458609999999999740e-01,1.168768000000000029e+00,5.567290000000000294e-01,-1.024372000000000060e+00,-2.848249999999999948e-01,-7.183530000000000193e-01,-5.530999999999999805e-02,2.762109999999999843e-01,5.312280000000000335e-01,9.902570000000000539e-01,4.292210000000000192e-01,9.647550000000000292e-01,-1.828180000000000083e-01,-1.636411000000000060e+00,-1.318149999999999877e-01,7.352410000000000334e-01,9.647550000000000292e-01,-1.063130000000000047e-01,-8.458609999999999740e-01,5.822310000000000541e-01,4.292210000000000192e-01,6.077320000000000499e-01,1.245273000000000074e+00,-6.418479999999999741e-01,-2.848249999999999948e-01,4.037189999999999945e-01,-3.868309999999999804e-01,4.037189999999999945e-01,1.321777999999999897e+00,3.782179999999999986e-01,-8.713619999999999699e-01,4.037189999999999945e-01,9.392540000000000333e-01,9.902570000000000539e-01,-2.593230000000000257e-01,-1.865925999999999974e+00,7.097390000000000088e-01,7.352410000000000334e-01,-5.530999999999999805e-02,4.292210000000000192e-01,-2.338210000000000011e-01,-1.318149999999999877e-01,-4.378349999999999742e-01,4.802239999999999842e-01,1.857312000000000074e+00,-8.081199999999999495e-02,-7.693560000000000398e-01,8.372469999999999635e-01,-5.143389999999999906e-01,4.802239999999999842e-01,3.782179999999999986e-01,1.742049999999999987e-01,-1.573170000000000124e-01,-3.103259999999999907e-01,7.352410000000000334e-01,7.097390000000000088e-01,1.296276999999999902e+00,-4.888379999999999947e-01,-1.202884000000000064e+00,-1.508903000000000105e+00,1.347280000000000033e+00,2.507099999999999884e-01,4.802239999999999842e-01,4.547229999999999883e-01,1.806308999999999942e+00,-6.673489999999999700e-01,-1.253886999999999974e+00,1.015759000000000079e+00,-9.223660000000000192e-01,4.037189999999999945e-01,-2.338210000000000011e-01,3.527159999999999740e-01,9.392540000000000333e-01,1.627798000000000078e+00,1.487030000000000018e-01,-1.534405000000000019e+00,1.742049999999999987e-01,6.842369999999999841e-01,-7.693560000000000398e-01,1.742049999999999987e-01,6.842369999999999841e-01,5.057260000000000089e-01,-1.100877000000000105e+00,-5.398410000000000153e-01,-6.163459999999999495e-01,1.704302999999999901e+00,2.086826999999999988e+00,-5.530999999999999805e-02,-5.653430000000000399e-01,7.219799999999999829e-02,2.762109999999999843e-01,-3.103259999999999907e-01,2.507099999999999884e-01,9.769999999999999518e-02,9.769999999999999518e-02,9.137520000000000087e-01,1.997059999999999946e-01,-8.968639999999999946e-01,1.487030000000000018e-01,1.232010000000000050e-01,5.312280000000000335e-01,-1.483402000000000109e+00,6.332339999999999636e-01,9.647550000000000292e-01,7.097390000000000088e-01,6.587359999999999882e-01,-6.928509999999999946e-01,-4.307000000000000065e-03,2.252079999999999915e-01,-7.183530000000000193e-01,3.272140000000000049e-01,5.822310000000000541e-01,6.587359999999999882e-01,9.769999999999999518e-02,2.762109999999999843e-01,4.669600000000000140e-02,2.762109999999999843e-01,6.332339999999999636e-01,-2.980800000000000116e-02,-1.610910000000000064e+00,-2.593230000000000257e-01,7.352410000000000334e-01,9.902570000000000539e-01,-2.848249999999999948e-01,-2.980800000000000116e-02,1.015759000000000079e+00,9.137520000000000087e-01,-3.868309999999999804e-01,-3.613299999999999845e-01,1.168768000000000029e+00,-3.613299999999999845e-01,-2.083200000000000052e-01,9.769999999999999518e-02,4.037189999999999945e-01,3.017130000000000090e-01,1.066761999999999988e+00,-1.063130000000000047e-01,-1.573170000000000124e-01,4.802239999999999842e-01,-8.458609999999999740e-01,-7.693560000000000398e-01,8.882499999999999840e-01,8.117459999999999676e-01,-1.075374999999999970e+00,-6.928509999999999946e-01,2.119499999999999856e-02,1.321777999999999897e+00,1.168768000000000029e+00,6.332339999999999636e-01,6.332339999999999636e-01,7.097390000000000088e-01,-6.418479999999999741e-01,-6.163459999999999495e-01,-6.928509999999999946e-01,3.017130000000000090e-01,-1.063130000000000047e-01,6.842369999999999841e-01,3.782179999999999986e-01,6.587359999999999882e-01,2.762109999999999843e-01,-2.848249999999999948e-01,-1.828180000000000083e-01,-1.828180000000000083e-01,4.547229999999999883e-01,6.587359999999999882e-01,2.762109999999999843e-01,9.902570000000000539e-01,1.232010000000000050e-01,-6.163459999999999495e-01,2.119499999999999856e-02,4.802239999999999842e-01,9.392540000000000333e-01,-5.653430000000000399e-01,-2.350457000000000019e+00,3.272140000000000049e-01,1.449286000000000074e+00,3.782179999999999986e-01,-6.163459999999999495e-01,3.017130000000000090e-01,6.842369999999999841e-01,5.312280000000000335e-01,6.587359999999999882e-01,4.037189999999999945e-01,-5.653430000000000399e-01,-8.081199999999999495e-02,-4.307000000000000065e-03,-5.530999999999999805e-02,4.669600000000000140e-02,2.507099999999999884e-01,-1.318149999999999877e-01,-1.075374999999999970e+00,-5.908440000000000358e-01,7.097390000000000088e-01,8.372469999999999635e-01,9.137520000000000087e-01,-2.848249999999999948e-01,1.232010000000000050e-01,9.902570000000000539e-01,5.567290000000000294e-01,-8.081199999999999495e-02,1.232010000000000050e-01,1.232010000000000050e-01,-5.908440000000000358e-01,2.507099999999999884e-01,3.272140000000000049e-01,-7.948570000000000357e-01,-5.143389999999999906e-01,6.587359999999999882e-01,-2.980800000000000116e-02,8.882499999999999840e-01,9.392540000000000333e-01,-7.183530000000000193e-01,-2.338210000000000011e-01,7.607420000000000293e-01,-4.307000000000000065e-03,2.252079999999999915e-01,8.882499999999999840e-01,7.097390000000000088e-01,3.017130000000000090e-01,-1.024372000000000060e+00,2.507099999999999884e-01,2.252079999999999915e-01,3.272140000000000049e-01,-3.103259999999999907e-01,7.219799999999999829e-02,1.474787999999999988e+00,2.239837000000000078e+00,-2.018936000000000064e+00,-2.528967999999999883e+00,1.742049999999999987e-01,7.862440000000000540e-01,1.015759000000000079e+00,1.398282999999999943e+00,-8.203589999999999494e-01,-4.633360000000000256e-01,1.015759000000000079e+00,-2.083200000000000052e-01,5.312280000000000335e-01,4.802239999999999842e-01,9.769999999999999518e-02,-2.083200000000000052e-01,6.332339999999999636e-01,8.627489999999999881e-01,-7.948570000000000357e-01,-1.024372000000000060e+00,-2.593230000000000257e-01,9.392540000000000333e-01,1.882813999999999988e+00,-6.163459999999999495e-01,-2.120941999999999883e+00,9.137520000000000087e-01,8.117459999999999676e-01,6.077320000000000499e-01,7.352410000000000334e-01,2.119499999999999856e-02,-6.673489999999999700e-01,7.862440000000000540e-01,1.117764999999999898e+00,3.017130000000000090e-01,1.232010000000000050e-01,-2.248451000000000199e+00,8.882499999999999840e-01,3.782179999999999986e-01,5.312280000000000335e-01,-5.530999999999999805e-02,-1.828180000000000083e-01,2.762109999999999843e-01,7.219799999999999829e-02,5.057260000000000089e-01,1.997059999999999946e-01,-8.081199999999999495e-02,-2.083200000000000052e-01,2.507099999999999884e-01,4.292210000000000192e-01,5.312280000000000335e-01,-8.968639999999999946e-01,-4.888379999999999947e-01,1.066761999999999988e+00,5.312280000000000335e-01,3.527159999999999740e-01,1.997059999999999946e-01,4.669600000000000140e-02,2.252079999999999915e-01,2.252079999999999915e-01,1.487030000000000018e-01,-4.888379999999999947e-01,-2.452463999999999977e+00,5.057260000000000089e-01,1.015759000000000079e+00,2.571358000000000033e+00,3.017130000000000090e-01,-2.936995000000000022e+00,6.842369999999999841e-01,2.622361000000000164e+00,2.316342000000000123e+00,2.252079999999999915e-01,-2.069939000000000195e+00,-4.888379999999999947e-01,6.077320000000000499e-01,5.567290000000000294e-01,-1.228385000000000060e+00,-1.126379000000000019e+00,4.669600000000000140e-02,1.041260000000000074e+00,9.647550000000000292e-01,3.527159999999999740e-01,1.576794999999999947e+00,2.252079999999999915e-01,-1.202884000000000064e+00,-6.928509999999999946e-01,-8.968639999999999946e-01,4.802239999999999842e-01,9.392540000000000333e-01,7.097390000000000088e-01,-5.530999999999999805e-02,7.607420000000000293e-01,-5.530999999999999805e-02,-2.848249999999999948e-01,7.862440000000000540e-01,4.292210000000000192e-01,3.272140000000000049e-01,-1.049873999999999974e+00,-2.375958999999999932e+00,7.862440000000000540e-01,1.245273000000000074e+00,1.857312000000000074e+00,-2.593230000000000257e-01,-1.508903000000000105e+00,-8.968639999999999946e-01,1.296276999999999902e+00,7.862440000000000540e-01,2.507099999999999884e-01,1.857312000000000074e+00,5.567290000000000294e-01,-2.222948999999999842e+00,-2.338210000000000011e-01,4.292210000000000192e-01,1.168768000000000029e+00,-2.593230000000000257e-01,2.507099999999999884e-01,-3.613299999999999845e-01,-6.928509999999999946e-01,1.997059999999999946e-01,5.057260000000000089e-01,-4.307000000000000065e-03,3.527159999999999740e-01,6.332339999999999636e-01,2.762109999999999843e-01,2.507099999999999884e-01,7.352410000000000334e-01,-2.083200000000000052e-01,-5.398410000000000153e-01,4.547229999999999883e-01,-2.338210000000000011e-01,-2.593230000000000257e-01,7.097390000000000088e-01,4.037189999999999945e-01,7.352410000000000334e-01,-2.980800000000000116e-02,4.292210000000000192e-01,-4.123330000000000051e-01,-4.633360000000000256e-01,-8.458609999999999740e-01,-4.888379999999999947e-01,1.143267000000000033e+00,7.097390000000000088e-01,3.782179999999999986e-01,1.487030000000000018e-01,4.547229999999999883e-01,2.762109999999999843e-01,5.822310000000000541e-01,1.487030000000000018e-01,-6.163459999999999495e-01,5.567290000000000294e-01,7.352410000000000334e-01,1.232010000000000050e-01,-8.203589999999999494e-01,-8.713619999999999699e-01,5.312280000000000335e-01,4.037189999999999945e-01,4.802239999999999842e-01,3.782179999999999986e-01,2.119499999999999856e-02,-1.177381999999999929e+00,7.219799999999999829e-02,-4.123330000000000051e-01,7.352410000000000334e-01,1.143267000000000033e+00,9.902570000000000539e-01,9.902570000000000539e-01,4.037189999999999945e-01,-4.888379999999999947e-01,-3.613299999999999845e-01,7.219799999999999829e-02,-5.653430000000000399e-01,1.232010000000000050e-01,3.017130000000000090e-01,2.252079999999999915e-01,9.137520000000000087e-01,5.057260000000000089e-01,-5.653430000000000399e-01,-1.100877000000000105e+00,5.312280000000000335e-01,9.392540000000000333e-01,-1.406897000000000064e+00,-3.358280000000000154e-01,1.576794999999999947e+00,1.041260000000000074e+00,3.272140000000000049e-01,-1.318149999999999877e-01,1.232010000000000050e-01,2.252079999999999915e-01,-4.888379999999999947e-01,2.762109999999999843e-01,4.292210000000000192e-01,2.507099999999999884e-01,2.507099999999999884e-01,1.041260000000000074e+00,-3.103259999999999907e-01,-2.809486000000000150e+00,-4.633360000000000256e-01,1.296276999999999902e+00,9.902570000000000539e-01,2.252079999999999915e-01,1.194269999999999943e+00,8.882499999999999840e-01,4.037189999999999945e-01,-6.673489999999999700e-01,-8.203589999999999494e-01,-2.848249999999999948e-01,1.232010000000000050e-01,4.037189999999999945e-01,1.015759000000000079e+00,2.252079999999999915e-01,-4.307000000000000065e-03,7.219799999999999829e-02,-1.063130000000000047e-01,-2.848249999999999948e-01,-2.980800000000000116e-02,5.567290000000000294e-01,3.017130000000000090e-01,2.507099999999999884e-01,1.487030000000000018e-01,-5.530999999999999805e-02,-5.530999999999999805e-02,5.057260000000000089e-01,-8.203589999999999494e-01,4.802239999999999842e-01,6.587359999999999882e-01,-9.988700000000000356e-01,-2.980800000000000116e-02,5.567290000000000294e-01,4.037189999999999945e-01,6.842369999999999841e-01,3.017130000000000090e-01,4.292210000000000192e-01,-5.530999999999999805e-02,1.232010000000000050e-01,-4.307000000000000065e-03,7.862440000000000540e-01,-4.378349999999999742e-01,-9.988700000000000356e-01,1.742049999999999987e-01,6.842369999999999841e-01,9.902570000000000539e-01,8.882499999999999840e-01,-1.075374999999999970e+00,-1.610910000000000064e+00,3.527159999999999740e-01,1.245273000000000074e+00,4.292210000000000192e-01,-2.848249999999999948e-01,1.066761999999999988e+00,4.802239999999999842e-01,-4.307000000000000065e-03,-8.081199999999999495e-02,3.527159999999999740e-01,-7.948570000000000357e-01,-5.143389999999999906e-01,6.587359999999999882e-01,7.607420000000000293e-01,7.352410000000000334e-01,6.077320000000000499e-01,1.232010000000000050e-01,-2.338210000000000011e-01,-1.828180000000000083e-01,2.252079999999999915e-01,7.219799999999999829e-02,-3.613299999999999845e-01,4.292210000000000192e-01,-2.593230000000000257e-01,-4.378349999999999742e-01,4.669600000000000140e-02,9.769999999999999518e-02,4.802239999999999842e-01,5.822310000000000541e-01,-1.573170000000000124e-01,1.015759000000000079e+00,5.822310000000000541e-01,5.567290000000000294e-01,-7.183530000000000193e-01,1.487030000000000018e-01,7.219799999999999829e-02,-9.988700000000000356e-01,7.352410000000000334e-01,7.352410000000000334e-01,7.219799999999999829e-02,3.017130000000000090e-01,3.272140000000000049e-01,-2.083200000000000052e-01,-2.848249999999999948e-01,2.119499999999999856e-02,3.782179999999999986e-01,-2.980800000000000116e-02,-5.908440000000000358e-01,2.119499999999999856e-02,1.449286000000000074e+00,-2.338210000000000011e-01,-1.712916000000000105e+00,8.117459999999999676e-01,9.902570000000000539e-01,4.547229999999999883e-01,6.587359999999999882e-01,1.117764999999999898e+00,8.372469999999999635e-01,-4.633360000000000256e-01,-7.438540000000000152e-01,6.842369999999999841e-01,-1.304890000000000105e+00,-4.378349999999999742e-01,7.862440000000000540e-01,1.232010000000000050e-01,-4.633360000000000256e-01,6.332339999999999636e-01,5.567290000000000294e-01,4.802239999999999842e-01,6.842369999999999841e-01,-1.573170000000000124e-01,-2.593230000000000257e-01,4.292210000000000192e-01,-2.593230000000000257e-01,1.742049999999999987e-01,9.392540000000000333e-01,7.219799999999999829e-02,2.252079999999999915e-01,5.057260000000000089e-01,-7.183530000000000193e-01,-5.653430000000000399e-01,8.117459999999999676e-01,1.041260000000000074e+00,-1.355893000000000015e+00,-8.203589999999999494e-01,-4.633360000000000256e-01,5.312280000000000335e-01,1.372781000000000029e+00,9.392540000000000333e-01,7.862440000000000540e-01,9.137520000000000087e-01,9.392540000000000333e-01,2.252079999999999915e-01,-7.438540000000000152e-01,-1.457899999999999974e+00,-5.908440000000000358e-01,-4.633360000000000256e-01,1.551293000000000033e+00,1.092262999999999984e+00,-3.358280000000000154e-01,-4.123330000000000051e-01,4.037189999999999945e-01,5.312280000000000335e-01,-1.228385000000000060e+00,-5.653430000000000399e-01,1.500289999999999901e+00,1.232010000000000050e-01,-1.318149999999999877e-01,-5.908440000000000358e-01,1.066761999999999988e+00,6.587359999999999882e-01,3.782179999999999986e-01,3.017130000000000090e-01,-8.081199999999999495e-02,8.882499999999999840e-01,1.551293000000000033e+00,-5.143389999999999906e-01,-2.911493000000000109e+00,4.802239999999999842e-01,8.627489999999999881e-01,7.352410000000000334e-01,5.822310000000000541e-01,-9.223660000000000192e-01,-1.573170000000000124e-01,3.527159999999999740e-01,1.232010000000000050e-01,-3.358280000000000154e-01,-4.307000000000000065e-03,1.449286000000000074e+00,9.902570000000000539e-01,-5.398410000000000153e-01,-3.868309999999999804e-01,4.669600000000000140e-02,6.842369999999999841e-01,1.232010000000000050e-01,-8.713619999999999699e-01,7.607420000000000293e-01,1.232010000000000050e-01,-2.593230000000000257e-01,1.143267000000000033e+00,5.822310000000000541e-01,-9.733690000000000397e-01,1.232010000000000050e-01,2.252079999999999915e-01,3.272140000000000049e-01,-1.318149999999999877e-01,-8.713619999999999699e-01,7.097390000000000088e-01,1.015759000000000079e+00,1.423785000000000078e+00,-7.948570000000000357e-01,-3.103259999999999907e-01,2.119499999999999856e-02,-7.183530000000000193e-01,4.547229999999999883e-01,3.017130000000000090e-01,1.487030000000000018e-01,8.627489999999999881e-01,2.507099999999999884e-01,1.219772000000000078e+00,-3.358280000000000154e-01,-1.253886999999999974e+00,-2.338210000000000011e-01,8.117459999999999676e-01,5.567290000000000294e-01,4.669600000000000140e-02,2.119499999999999856e-02,-8.081199999999999495e-02,1.232010000000000050e-01,4.037189999999999945e-01,2.507099999999999884e-01,4.037189999999999945e-01,9.769999999999999518e-02,1.232010000000000050e-01,7.219799999999999829e-02,-1.063130000000000047e-01,1.232010000000000050e-01,-2.593230000000000257e-01,-5.530999999999999805e-02,8.882499999999999840e-01,-9.478670000000000151e-01,4.292210000000000192e-01,6.332339999999999636e-01,7.352410000000000334e-01,1.015759000000000079e+00,2.507099999999999884e-01,-6.928509999999999946e-01,-8.081199999999999495e-02,8.627489999999999881e-01,-3.613299999999999845e-01,-2.593230000000000257e-01,-9.988700000000000356e-01,-2.083200000000000052e-01,1.831811000000000078e+00,1.857312000000000074e+00,-3.613299999999999845e-01,-9.733690000000000397e-01,7.097390000000000088e-01,8.372469999999999635e-01,-3.358280000000000154e-01,-4.123330000000000051e-01,4.037189999999999945e-01,-4.378349999999999742e-01,-5.398410000000000153e-01,-5.143389999999999906e-01,7.352410000000000334e-01,6.077320000000000499e-01,6.077320000000000499e-01,3.272140000000000049e-01,-6.928509999999999946e-01,7.219799999999999829e-02,1.296276999999999902e+00,7.219799999999999829e-02,-1.610910000000000064e+00,-8.081199999999999495e-02,5.312280000000000335e-01,6.587359999999999882e-01,7.097390000000000088e-01,5.822310000000000541e-01,9.902570000000000539e-01,-1.100877000000000105e+00,6.332339999999999636e-01,9.137520000000000087e-01,-1.100877000000000105e+00,-1.100877000000000105e+00,-2.593230000000000257e-01,2.119499999999999856e-02,8.627489999999999881e-01,7.352410000000000334e-01,1.882813999999999988e+00,2.252079999999999915e-01,-2.120941999999999883e+00,8.627489999999999881e-01,5.057260000000000089e-01,-1.840424000000000060e+00,-2.083200000000000052e-01,9.137520000000000087e-01,2.252079999999999915e-01,2.239837000000000078e+00,1.449286000000000074e+00,-1.100877000000000105e+00,-3.868309999999999804e-01,-6.163459999999999495e-01,6.077320000000000499e-01,1.487030000000000018e-01,-6.928509999999999946e-01,1.487030000000000018e-01,5.822310000000000541e-01,1.270774999999999988e+00,-3.103259999999999907e-01,-9.733690000000000397e-01,-2.848249999999999948e-01,3.017130000000000090e-01,1.423785000000000078e+00,7.607420000000000293e-01,-2.083200000000000052e-01,4.547229999999999883e-01,-1.304890000000000105e+00,2.507099999999999884e-01,9.137520000000000087e-01,4.802239999999999842e-01,1.041260000000000074e+00,7.352410000000000334e-01,-1.406897000000000064e+00,-1.508903000000000105e+00,-3.613299999999999845e-01,-8.081199999999999495e-02,1.500289999999999901e+00,1.806308999999999942e+00,3.782179999999999986e-01,7.352410000000000334e-01,2.762109999999999843e-01,-6.928509999999999946e-01,7.097390000000000088e-01,-7.948570000000000357e-01,-2.018936000000000064e+00,5.312280000000000335e-01,1.857312000000000074e+00,9.647550000000000292e-01,-1.687415000000000109e+00,2.507099999999999884e-01,-7.948570000000000357e-01,9.137520000000000087e-01,8.117459999999999676e-01,1.270774999999999988e+00,2.507099999999999884e-01,-4.888379999999999947e-01,2.119499999999999856e-02,-2.083200000000000052e-01,6.842369999999999841e-01,-2.980800000000000116e-02,-1.063130000000000047e-01,-1.828180000000000083e-01,5.057260000000000089e-01,1.997059999999999946e-01,1.742049999999999987e-01,3.272140000000000049e-01,4.547229999999999883e-01,6.587359999999999882e-01,-1.828180000000000083e-01,-1.279387999999999970e+00,-4.307000000000000065e-03,-6.163459999999999495e-01,-4.123330000000000051e-01,2.762109999999999843e-01,1.959319000000000033e+00,8.372469999999999635e-01,4.547229999999999883e-01,-8.081199999999999495e-02,-5.398410000000000153e-01,8.882499999999999840e-01,-9.223660000000000192e-01,6.332339999999999636e-01,-5.653430000000000399e-01,-4.633360000000000256e-01,3.782179999999999986e-01,3.272140000000000049e-01,7.097390000000000088e-01,2.341844000000000037e+00,-1.304890000000000105e+00,-2.375958999999999932e+00,7.607420000000000293e-01,1.194269999999999943e+00,3.017130000000000090e-01,-1.355893000000000015e+00,-6.418479999999999741e-01,1.997059999999999946e-01,7.352410000000000334e-01,4.547229999999999883e-01,1.066761999999999988e+00,4.547229999999999883e-01,-2.083200000000000052e-01,3.017130000000000090e-01,7.219799999999999829e-02,-2.338210000000000011e-01,2.119499999999999856e-02,5.567290000000000294e-01,-1.318149999999999877e-01,-2.980800000000000116e-02,-2.848249999999999948e-01,-6.163459999999999495e-01,4.547229999999999883e-01,1.500289999999999901e+00,3.017130000000000090e-01,-4.378349999999999742e-01,-4.123330000000000051e-01,4.037189999999999945e-01,7.219799999999999829e-02,4.037189999999999945e-01,1.232010000000000050e-01,-4.378349999999999742e-01,3.782179999999999986e-01,9.902570000000000539e-01,1.742049999999999987e-01,-4.888379999999999947e-01,2.252079999999999915e-01,7.219799999999999829e-02,3.017130000000000090e-01,7.352410000000000334e-01,-2.593230000000000257e-01,1.742049999999999987e-01,7.607420000000000293e-01,-8.458609999999999740e-01,-1.573170000000000124e-01,1.487030000000000018e-01,1.487030000000000018e-01,-6.163459999999999495e-01,-8.081199999999999495e-02,9.902570000000000539e-01,3.782179999999999986e-01,-8.081199999999999495e-02,2.252079999999999915e-01,2.762109999999999843e-01,2.507099999999999884e-01,2.252079999999999915e-01,5.057260000000000089e-01,3.017130000000000090e-01,-5.143389999999999906e-01,-1.828180000000000083e-01,2.507099999999999884e-01,-1.075374999999999970e+00,-1.063130000000000047e-01,2.762109999999999843e-01,4.802239999999999842e-01,6.587359999999999882e-01,1.194269999999999943e+00,1.372781000000000029e+00,-8.203589999999999494e-01,1.232010000000000050e-01,2.762109999999999843e-01,3.272140000000000049e-01,-4.888379999999999947e-01,-5.908440000000000358e-01,-1.063130000000000047e-01,-1.063130000000000047e-01,1.232010000000000050e-01,7.607420000000000293e-01,2.252079999999999915e-01,4.037189999999999945e-01,4.547229999999999883e-01,9.137520000000000087e-01,7.097390000000000088e-01,-1.202884000000000064e+00,-1.814923000000000064e+00,-1.024372000000000060e+00,1.092262999999999984e+00,1.092262999999999984e+00,9.137520000000000087e-01,7.097390000000000088e-01,4.292210000000000192e-01,1.742049999999999987e-01,4.292210000000000192e-01,2.119499999999999856e-02,-5.398410000000000153e-01,-5.908440000000000358e-01,4.037189999999999945e-01,1.398282999999999943e+00,-8.081199999999999495e-02,-2.146443999999999797e+00,-1.828180000000000083e-01,9.137520000000000087e-01,8.117459999999999676e-01,2.507099999999999884e-01,9.902570000000000539e-01,-3.613299999999999845e-01,-1.279387999999999970e+00,1.015759000000000079e+00,5.822310000000000541e-01,7.097390000000000088e-01,4.292210000000000192e-01,7.607420000000000293e-01,7.352410000000000334e-01,-8.968639999999999946e-01,-8.458609999999999740e-01,-3.868309999999999804e-01,6.332339999999999636e-01,1.347280000000000033e+00,-7.438540000000000152e-01,-1.075374999999999970e+00,1.487030000000000018e-01,6.332339999999999636e-01,3.017130000000000090e-01,7.097390000000000088e-01,4.037189999999999945e-01,-5.653430000000000399e-01,9.769999999999999518e-02,4.037189999999999945e-01,-4.307000000000000065e-03,5.567290000000000294e-01,-4.307000000000000065e-03,3.017130000000000090e-01,1.742049999999999987e-01,5.567290000000000294e-01,4.669600000000000140e-02,-4.123330000000000051e-01,2.119499999999999856e-02,5.822310000000000541e-01,2.507099999999999884e-01,-7.183530000000000193e-01,3.782179999999999986e-01,4.037189999999999945e-01,7.352410000000000334e-01,-3.868309999999999804e-01,-6.163459999999999495e-01,1.997059999999999946e-01,1.372781000000000029e+00,9.392540000000000333e-01,-1.916929000000000105e+00,-7.693560000000000398e-01,1.296276999999999902e+00,1.194269999999999943e+00,5.312280000000000335e-01,5.312280000000000335e-01,2.119499999999999856e-02,-1.318149999999999877e-01,-1.573170000000000124e-01,-7.948570000000000357e-01,-1.318149999999999877e-01,1.997059999999999946e-01,6.077320000000000499e-01,1.168768000000000029e+00,2.119499999999999856e-02,-2.083200000000000052e-01,-5.530999999999999805e-02,-4.307000000000000065e-03,3.782179999999999986e-01,-2.848249999999999948e-01,-1.828180000000000083e-01,4.547229999999999883e-01,4.802239999999999842e-01,5.822310000000000541e-01,-2.083200000000000052e-01,-2.593230000000000257e-01,4.292210000000000192e-01,7.352410000000000334e-01,-5.653430000000000399e-01,-1.432398000000000060e+00,1.347280000000000033e+00,1.474787999999999988e+00,6.587359999999999882e-01,8.372469999999999635e-01,-4.123330000000000051e-01,-8.203589999999999494e-01,-5.143389999999999906e-01,3.272140000000000049e-01,7.219799999999999829e-02,1.041260000000000074e+00,-8.081199999999999495e-02,-7.438540000000000152e-01,-4.123330000000000051e-01,8.372469999999999635e-01,-1.202884000000000064e+00,-4.307000000000000065e-03,1.245273000000000074e+00,-3.358280000000000154e-01,-9.223660000000000192e-01,1.143267000000000033e+00,1.347280000000000033e+00,-4.307000000000000065e-03,5.822310000000000541e-01,6.842369999999999841e-01,-3.358280000000000154e-01,-2.083200000000000052e-01,1.742049999999999987e-01,2.252079999999999915e-01,-4.307000000000000065e-03,-3.868309999999999804e-01,-3.868309999999999804e-01,-5.530999999999999805e-02,2.252079999999999915e-01,1.219772000000000078e+00,1.321777999999999897e+00,-3.868309999999999804e-01,-3.217512999999999845e+00,-4.633360000000000256e-01,8.882499999999999840e-01,1.908315999999999901e+00,1.296276999999999902e+00,-8.081199999999999495e-02,4.037189999999999945e-01,1.742049999999999987e-01,-4.123330000000000051e-01,9.392540000000000333e-01,1.742049999999999987e-01,-1.559906000000000015e+00,3.017130000000000090e-01,4.802239999999999842e-01,2.252079999999999915e-01,4.802239999999999842e-01,7.219799999999999829e-02,1.015759000000000079e+00,-4.123330000000000051e-01,-1.151880000000000015e+00,1.742049999999999987e-01,1.232010000000000050e-01,4.547229999999999883e-01,1.194269999999999943e+00,2.119499999999999856e-02,3.017130000000000090e-01,2.119499999999999856e-02,6.077320000000000499e-01,2.507099999999999884e-01,1.487030000000000018e-01,-4.633360000000000256e-01,2.119499999999999856e-02,-1.573170000000000124e-01,2.762109999999999843e-01,5.822310000000000541e-01,-3.613299999999999845e-01,-1.330392000000000019e+00,5.567290000000000294e-01,1.487030000000000018e-01,1.627798000000000078e+00,1.602295999999999943e+00,-1.151880000000000015e+00,-9.988700000000000356e-01,-4.633360000000000256e-01,2.252079999999999915e-01,1.959319000000000033e+00,1.398282999999999943e+00,-4.633360000000000256e-01,-8.458609999999999740e-01,2.252079999999999915e-01,-5.398410000000000153e-01,1.143267000000000033e+00,1.423785000000000078e+00,-3.868309999999999804e-01,-2.324955000000000105e+00,-2.980800000000000116e-02,4.547229999999999883e-01,5.822310000000000541e-01,1.525790999999999897e+00,5.822310000000000541e-01,-5.398410000000000153e-01,-2.593230000000000257e-01,1.232010000000000050e-01,9.392540000000000333e-01,-4.307000000000000065e-03,-1.318149999999999877e-01,-4.123330000000000051e-01,-9.733690000000000397e-01,1.232010000000000050e-01,6.077320000000000499e-01,1.092262999999999984e+00,4.669600000000000140e-02,4.547229999999999883e-01,7.607420000000000293e-01,-1.024372000000000060e+00,-5.143389999999999906e-01,7.862440000000000540e-01,1.487030000000000018e-01,6.332339999999999636e-01,-5.398410000000000153e-01,3.527159999999999740e-01,2.507099999999999884e-01,8.627489999999999881e-01,9.392540000000000333e-01,4.669600000000000140e-02,6.842369999999999841e-01,-1.126379000000000019e+00,-7.438540000000000152e-01,1.487030000000000018e-01,2.762109999999999843e-01,-2.980800000000000116e-02,-2.338210000000000011e-01,1.117764999999999898e+00,2.762109999999999843e-01,-1.483402000000000109e+00,1.270774999999999988e+00,1.066761999999999988e+00,2.507099999999999884e-01,2.119499999999999856e-02,5.057260000000000089e-01,2.762109999999999843e-01,-2.083200000000000052e-01,-1.828180000000000083e-01,2.252079999999999915e-01,4.669600000000000140e-02,6.332339999999999636e-01,1.232010000000000050e-01,1.232010000000000050e-01,-3.358280000000000154e-01,-5.908440000000000358e-01,1.232010000000000050e-01,-1.573170000000000124e-01,2.507099999999999884e-01,-6.928509999999999946e-01,3.272140000000000049e-01,-5.530999999999999805e-02,9.392540000000000333e-01,1.857312000000000074e+00,-4.633360000000000256e-01,6.077320000000000499e-01,1.742049999999999987e-01,-4.123330000000000051e-01,4.292210000000000192e-01,3.527159999999999740e-01,7.219799999999999829e-02,4.669600000000000140e-02,-4.888379999999999947e-01,1.997059999999999946e-01,-2.338210000000000011e-01,-1.151880000000000015e+00,-7.438540000000000152e-01,7.862440000000000540e-01,3.272140000000000049e-01,7.352410000000000334e-01,2.762109999999999843e-01,5.567290000000000294e-01,1.423785000000000078e+00,1.143267000000000033e+00,-1.100877000000000105e+00,-1.202884000000000064e+00,7.219799999999999829e-02,4.292210000000000192e-01,-4.307000000000000065e-03,2.119499999999999856e-02,-3.613299999999999845e-01,-3.613299999999999845e-01,4.292210000000000192e-01,1.984820999999999946e+00,4.669600000000000140e-02,-3.103259999999999907e-01,-1.318149999999999877e-01,-8.081199999999999495e-02,2.119499999999999856e-02,-4.888379999999999947e-01,7.352410000000000334e-01,8.117459999999999676e-01,-1.840424000000000060e+00,4.802239999999999842e-01,8.627489999999999881e-01,8.882499999999999840e-01,3.782179999999999986e-01,2.762109999999999843e-01,7.219799999999999829e-02,-8.713619999999999699e-01,7.862440000000000540e-01,5.567290000000000294e-01,1.755306000000000033e+00,1.041260000000000074e+00,-3.574535000000000018e+00,-2.248451000000000199e+00,7.862440000000000540e-01,1.270774999999999988e+00,1.117764999999999898e+00,1.347280000000000033e+00,6.842369999999999841e-01,-1.318149999999999877e-01,1.487030000000000018e-01,-3.613299999999999845e-01,-2.848249999999999948e-01,3.017130000000000090e-01,-1.318149999999999877e-01,-4.378349999999999742e-01,1.232010000000000050e-01,-2.848249999999999948e-01,3.527159999999999740e-01,5.822310000000000541e-01,9.392540000000000333e-01,5.312280000000000335e-01,-5.143389999999999906e-01,-1.916929000000000105e+00,7.862440000000000540e-01,4.037189999999999945e-01,1.117764999999999898e+00,4.037189999999999945e-01,-2.848249999999999948e-01,-1.024372000000000060e+00,5.822310000000000541e-01,1.041260000000000074e+00,4.037189999999999945e-01,7.219799999999999829e-02,1.487030000000000018e-01,-8.081199999999999495e-02,2.762109999999999843e-01,9.137520000000000087e-01,3.017130000000000090e-01,-2.528967999999999883e+00,-2.426962000000000064e+00,1.474787999999999988e+00,1.525790999999999897e+00,9.647550000000000292e-01,4.292210000000000192e-01,-6.928509999999999946e-01,-4.633360000000000256e-01,6.842369999999999841e-01,1.449286000000000074e+00,4.802239999999999842e-01,-1.483402000000000109e+00,4.292210000000000192e-01,3.017130000000000090e-01,-8.968639999999999946e-01,5.822310000000000541e-01,7.097390000000000088e-01,1.997059999999999946e-01,-1.063130000000000047e-01,3.017130000000000090e-01,7.097390000000000088e-01,-5.908440000000000358e-01,-6.418479999999999741e-01,-4.123330000000000051e-01,7.607420000000000293e-01,7.352410000000000334e-01,5.057260000000000089e-01,5.057260000000000089e-01,3.272140000000000049e-01,-2.083200000000000052e-01,2.762109999999999843e-01,4.292210000000000192e-01,1.487030000000000018e-01,2.119499999999999856e-02,7.219799999999999829e-02,-2.593230000000000257e-01,-5.908440000000000358e-01,1.232010000000000050e-01,6.332339999999999636e-01,-6.928509999999999946e-01,-6.928509999999999946e-01,8.882499999999999840e-01,9.137520000000000087e-01,7.862440000000000540e-01,5.567290000000000294e-01,7.352410000000000334e-01,7.219799999999999829e-02,-1.406897000000000064e+00,1.232010000000000050e-01
2.507099999999999884e-01,3.017130000000000090e-01,1.232010000000000050e-01,-5.530999999999999805e-02,9.769999999999999518e-02,1.487030000000000018e-01,2.119499999999999856e-02,7.219799999999999829e-02,1.997059999999999946e-01,2.507099999999999884e-01,1.997059999999999946e-01,1.487030000000000018e-01,2.252079999999999915e-01,3.272140000000000049e-01,1.487030000000000018e-01,9.769999999999999518e-02,2.119499999999999856e-02,-2.980800000000000116e-02,4.669600000000000140e-02,2.252079999999999915e-01,2.507099999999999884e-01,4.037189999999999945e-01,4.547229999999999883e-01,1.997059999999999946e-01,-4.307000000000000065e-03,-8.081199999999999495e-02,-1.573170000000000124e-01,2.119499999999999856e-02,2.507099999999999884e-01,1.232010000000000050e-01,2.507099999999999884e-01,2.507099999999999884e-01,1.742049999999999987e-01,2.507099999999999884e-01,4.802239999999999842e-01,2.252079999999999915e-01,-8.081199999999999495e-02,-5.530999999999999805e-02,1.232010000000000050e-01,7.219799999999999829e-02,1.487030000000000018e-01,3.527159999999999740e-01,3.017130000000000090e-01,2.252079999999999915e-01,4.669600000000000140e-02,-2.980800000000000116e-02,-1.063130000000000047e-01,4.669600000000000140e-02,1.997059999999999946e-01,1.997059999999999946e-01,1.232010000000000050e-01,2.252079999999999915e-01,3.017130000000000090e-01,1.742049999999999987e-01,2.252079999999999915e-01,1.232010000000000050e-01,4.669600000000000140e-02,1.487030000000000018e-01,1.232010000000000050e-01,2.119499999999999856e-02,1.487030000000000018e-01,1.232010000000000050e-01,3.017130000000000090e-01,1.232010000000000050e-01,1.997059999999999946e-01,1.232010000000000050e-01,-5.530999999999999805e-02,2.507099999999999884e-01,2.762109999999999843e-01,3.272140000000000049e-01,2.507099999999999884e-01,1.487030000000000018e-01,2.762109999999999843e-01,4.669600000000000140e-02,-4.307000000000000065e-03,-8.081199999999999495e-02,-2.083200000000000052e-01,4.669600000000000140e-02,4.669600000000000140e-02,1.997059999999999946e-01,4.292210000000000192e-01,3.782179999999999986e-01,4.292210000000000192e-01,2.252079999999999915e-01,7.219799999999999829e-02,1.487030000000000018e-01,-1.063130000000000047e-01,-8.081199999999999495e-02,1.487030000000000018e-01,-2.980800000000000116e-02,1.742049999999999987e-01,4.292210000000000192e-01,3.527159999999999740e-01,1.742049999999999987e-01,2.252079999999999915e-01,4.669600000000000140e-02,-1.063130000000000047e-01,2.119499999999999856e-02,7.219799999999999829e-02,1.487030000000000018e-01,2.762109999999999843e-01,2.762109999999999843e-01,1.742049999999999987e-01,1.997059999999999946e-01,2.252079999999999915e-01,-5.530999999999999805e-02,-4.307000000000000065e-03,1.232010000000000050e-01,1.232010000000000050e-01,9.769999999999999518e-02,3.017130000000000090e-01,3.782179999999999986e-01,3.272140000000000049e-01,1.487030000000000018e-01,9.769999999999999518e-02,9.769999999999999518e-02,-8.081199999999999495e-02,-1.318149999999999877e-01,-8.081199999999999495e-02,2.762109999999999843e-01,4.037189999999999945e-01,3.017130000000000090e-01,1.742049999999999987e-01,9.769999999999999518e-02,-4.307000000000000065e-03,2.119499999999999856e-02,2.119499999999999856e-02,-4.307000000000000065e-03,1.997059999999999946e-01,2.252079999999999915e-01,1.232010000000000050e-01,2.252079999999999915e-01,3.527159999999999740e-01,1.487030000000000018e-01,7.219799999999999829e-02,-4.307000000000000065e-03,-2.980800000000000116e-02,9.769999999999999518e-02,2.762109999999999843e-01,1.232010000000000050e-01,9.769999999999999518e-02,2.762109999999999843e-01,3.272140000000000049e-01,1.232010000000000050e-01,4.669600000000000140e-02,2.119499999999999856e-02,-1.063130000000000047e-01,9.769999999999999518e-02,3.272140000000000049e-01,3.017130000000000090e-01,2.252079999999999915e-01,2.762109999999999843e-01,2.762109999999999843e-01,-8.081199999999999495e-02,2.119499999999999856e-02,7.219799999999999829e-02,4.669600000000000140e-02,3.017130000000000090e-01,2.762109999999999843e-01,1.742049999999999987e-01,7.219799999999999829e-02,2.762109999999999843e-01,2.119499999999999856e-02,-3.103259999999999907e-01,1.997059999999999946e-01,1.742049999999999987e-01,2.252079999999999915e-01,2.762109999999999843e-01,3.272140000000000049e-01,4.037189999999999945e-01,2.119499999999999856e-02,-1.318149999999999877e-01,1.997059999999999946e-01,3.272140000000000049e-01,1.232010000000000050e-01,-1.063130000000000047e-01,-2.338210000000000011e-01,2.119499999999999856e-02,1.232010000000000050e-01,-8.081199999999999495e-02,4.802239999999999842e-01,6.332339999999999636e-01,2.762109999999999843e-01,-1.828180000000000083e-01,1.997059999999999946e-01,-2.980800000000000116e-02,-5.398410000000000153e-01,2.119499999999999856e-02,5.312280000000000335e-01,4.547229999999999883e-01,2.507099999999999884e-01,6.332339999999999636e-01,2.762109999999999843e-01,3.527159999999999740e-01,-2.083200000000000052e-01,7.219799999999999829e-02,-8.081199999999999495e-02,-1.318149999999999877e-01,-3.358280000000000154e-01,9.769999999999999518e-02,-1.318149999999999877e-01,1.742049999999999987e-01,7.607420000000000293e-01,6.332339999999999636e-01,1.015759000000000079e+00,-8.081199999999999495e-02,-1.024372000000000060e+00,1.487030000000000018e-01,5.057260000000000089e-01,-1.063130000000000047e-01,4.669600000000000140e-02,5.057260000000000089e-01,-8.081199999999999495e-02,5.822310000000000541e-01,4.037189999999999945e-01,1.742049999999999987e-01,-9.733690000000000397e-01,3.017130000000000090e-01,2.252079999999999915e-01,-4.123330000000000051e-01,7.862440000000000540e-01,6.332339999999999636e-01,-2.980800000000000116e-02,9.769999999999999518e-02,6.332339999999999636e-01,7.219799999999999829e-02,-1.100877000000000105e+00,6.842369999999999841e-01,6.332339999999999636e-01,4.292210000000000192e-01,2.507099999999999884e-01,7.607420000000000293e-01,5.057260000000000089e-01,-4.888379999999999947e-01,-1.100877000000000105e+00,5.312280000000000335e-01,1.487030000000000018e-01,-1.075374999999999970e+00,4.802239999999999842e-01,4.037189999999999945e-01,2.507099999999999884e-01,4.547229999999999883e-01,-5.530999999999999805e-02,1.321777999999999897e+00,6.587359999999999882e-01,-1.151880000000000015e+00,-8.203589999999999494e-01,6.587359999999999882e-01,6.332339999999999636e-01,4.802239999999999842e-01,2.507099999999999884e-01,7.607420000000000293e-01,-1.814923000000000064e+00,-7.438540000000000152e-01,6.332339999999999636e-01,1.449286000000000074e+00,3.527159999999999740e-01,-7.948570000000000357e-01,6.842369999999999841e-01,2.010321999999999942e+00,1.232010000000000050e-01,-2.885991000000000195e+00,-8.713619999999999699e-01,9.769999999999999518e-02,1.066761999999999988e+00,-1.063130000000000047e-01,1.423785000000000078e+00,1.232010000000000050e-01,7.219799999999999829e-02,5.312280000000000335e-01,-1.573170000000000124e-01,3.527159999999999740e-01,1.576794999999999947e+00,1.551293000000000033e+00,-1.559906000000000015e+00,-2.452463999999999977e+00,-4.123330000000000051e-01,1.143267000000000033e+00,-5.653430000000000399e-01,1.117764999999999898e+00,2.086826999999999988e+00,1.092262999999999984e+00,-7.948570000000000357e-01,-9.988700000000000356e-01,-3.103259999999999907e-01,-4.633360000000000256e-01,1.092262999999999984e+00,9.902570000000000539e-01,-2.848249999999999948e-01,5.057260000000000089e-01,-6.928509999999999946e-01,-1.534405000000000019e+00,1.168768000000000029e+00,-6.673489999999999700e-01,4.292210000000000192e-01,2.252079999999999915e-01,-4.888379999999999947e-01,6.842369999999999841e-01,1.678800999999999988e+00,1.653299000000000074e+00,8.372469999999999635e-01,-7.438540000000000152e-01,2.119499999999999856e-02,2.119499999999999856e-02,2.507099999999999884e-01,1.742049999999999987e-01,-1.406897000000000064e+00,-9.478670000000000151e-01,3.782179999999999986e-01,-1.738418000000000019e+00,-1.279387999999999970e+00,2.851875999999999856e+00,1.551293000000000033e+00,2.265338999999999992e+00,1.219772000000000078e+00,2.507099999999999884e-01,-2.222948999999999842e+00,-1.202884000000000064e+00,9.769999999999999518e-02,6.332339999999999636e-01,7.607420000000000293e-01,6.077320000000000499e-01,-8.081199999999999495e-02,3.782179999999999986e-01,-8.458609999999999740e-01,-5.398410000000000153e-01,7.219799999999999829e-02,4.292210000000000192e-01,9.769999999999999518e-02,1.219772000000000078e+00,3.017130000000000090e-01,-6.928509999999999946e-01,1.092262999999999984e+00,9.392540000000000333e-01,9.769999999999999518e-02,-3.358280000000000154e-01,1.041260000000000074e+00,-1.406897000000000064e+00,-4.416089000000000375e+00,1.219772000000000078e+00,2.061326000000000214e+00,1.984820999999999946e+00,1.372781000000000029e+00,4.802239999999999842e-01,1.653299000000000074e+00,-4.123330000000000051e-01,-3.804050000000000153e+00,-1.559906000000000015e+00,2.545856999999999815e+00,7.862440000000000540e-01,-1.075374999999999970e+00,7.097390000000000088e-01,5.057260000000000089e-01,6.077320000000000499e-01,5.822310000000000541e-01,-1.712916000000000105e+00,-9.223660000000000192e-01,2.762109999999999843e-01,1.117764999999999898e+00,8.372469999999999635e-01,1.015759000000000079e+00,7.607420000000000293e-01,4.292210000000000192e-01,-5.143389999999999906e-01,4.037189999999999945e-01,-1.573170000000000124e-01,4.669600000000000140e-02,-1.063130000000000047e-01,-2.579972000000000154e+00,6.332339999999999636e-01,9.392540000000000333e-01,6.332339999999999636e-01,-6.418479999999999741e-01,8.882499999999999840e-01,1.296276999999999902e+00,6.077320000000000499e-01,1.321777999999999897e+00,-6.163459999999999495e-01,-2.146443999999999797e+00,9.769999999999999518e-02,5.567290000000000294e-01,-2.707479999999999887e+00,8.117459999999999676e-01,2.749870000000000037e+00,1.219772000000000078e+00,3.017130000000000090e-01,5.567290000000000294e-01,8.372469999999999635e-01,-7.438540000000000152e-01,-8.713619999999999699e-01,1.398282999999999943e+00,-1.318149999999999877e-01,-2.656477000000000199e+00,4.669600000000000140e-02,5.567290000000000294e-01,6.587359999999999882e-01,2.762109999999999843e-01,1.487030000000000018e-01,5.822310000000000541e-01,1.066761999999999988e+00,2.119499999999999856e-02,-1.483402000000000109e+00,1.653299000000000074e+00,-8.458609999999999740e-01,-1.304890000000000105e+00,6.332339999999999636e-01,1.602295999999999943e+00,6.842369999999999841e-01,3.527159999999999740e-01,-4.888379999999999947e-01,9.647550000000000292e-01,1.270774999999999988e+00,-2.962495999999999796e+00,-1.840424000000000060e+00,1.525790999999999897e+00,1.321777999999999897e+00,-8.081199999999999495e-02,1.372781000000000029e+00,2.137830000000000119e+00,-8.081199999999999495e-02,-8.203589999999999494e-01,-1.202884000000000064e+00,-4.307000000000000065e-03,5.312280000000000335e-01,3.527159999999999740e-01,5.567290000000000294e-01,7.352410000000000334e-01,-2.120941999999999883e+00,-1.457899999999999974e+00,3.782179999999999986e-01,1.474787999999999988e+00,1.092262999999999984e+00,9.137520000000000087e-01,6.077320000000000499e-01,8.117459999999999676e-01,-1.381394999999999929e+00,-1.075374999999999970e+00,-5.530999999999999805e-02,-5.530999999999999805e-02,8.882499999999999840e-01,8.372469999999999635e-01,2.673364999999999991e+00,8.117459999999999676e-01,-2.579972000000000154e+00,-2.656477000000000199e+00,-9.988700000000000356e-01,6.332339999999999636e-01,2.367344999999999811e+00,9.137520000000000087e-01,-1.789420999999999928e+00,-8.968639999999999946e-01,1.525790999999999897e+00,1.092262999999999984e+00,1.015759000000000079e+00,1.015759000000000079e+00,-4.633360000000000256e-01,1.742049999999999987e-01,2.119499999999999856e-02,-1.712916000000000105e+00,-9.478670000000000151e-01,7.862440000000000540e-01,9.392540000000000333e-01,-1.151880000000000015e+00,3.527159999999999740e-01,3.527159999999999740e-01,6.077320000000000499e-01,-1.828180000000000083e-01,-8.968639999999999946e-01,1.245273000000000074e+00,9.137520000000000087e-01,7.352410000000000334e-01,-5.530999999999999805e-02,6.332339999999999636e-01,2.252079999999999915e-01,-2.593230000000000257e-01,1.742049999999999987e-01,-1.063130000000000047e-01,-9.988700000000000356e-01,-3.358280000000000154e-01,-2.980800000000000116e-02,6.332339999999999636e-01,-1.151880000000000015e+00,-1.151880000000000015e+00,2.035823999999999856e+00,1.245273000000000074e+00,5.312280000000000335e-01,7.219799999999999829e-02,-2.083200000000000052e-01,1.143267000000000033e+00,9.137520000000000087e-01,5.567290000000000294e-01,8.372469999999999635e-01,-1.993433999999999928e+00,-1.687415000000000109e+00,-5.653430000000000399e-01,-2.044436999999999838e+00,2.265338999999999992e+00,1.997059999999999946e-01,7.352410000000000334e-01,1.500289999999999901e+00,5.312280000000000335e-01,7.862440000000000540e-01,8.117459999999999676e-01,-4.888379999999999947e-01,-7.438540000000000152e-01,-1.828180000000000083e-01,4.669600000000000140e-02,1.742049999999999987e-01,1.041260000000000074e+00,-6.928509999999999946e-01,-1.828180000000000083e-01,1.092262999999999984e+00,1.908315999999999901e+00,-1.075374999999999970e+00,-3.319519000000000108e+00,4.547229999999999883e-01,9.137520000000000087e-01,9.647550000000000292e-01,7.219799999999999829e-02,1.015759000000000079e+00,1.143267000000000033e+00,3.017130000000000090e-01,5.057260000000000089e-01,4.037189999999999945e-01,-6.418479999999999741e-01,-1.763919000000000015e+00,-8.968639999999999946e-01,6.587359999999999882e-01,-1.318149999999999877e-01,6.077320000000000499e-01,-1.483402000000000109e+00,1.602295999999999943e+00,1.576794999999999947e+00,1.143267000000000033e+00,8.372469999999999635e-01,1.232010000000000050e-01,1.997059999999999946e-01,-3.613299999999999845e-01,-1.024372000000000060e+00,-4.123330000000000051e-01,-2.980800000000000116e-02,1.997059999999999946e-01,6.842369999999999841e-01,1.232010000000000050e-01,4.547229999999999883e-01,8.117459999999999676e-01,-7.183530000000000193e-01,-2.324955000000000105e+00,-1.063130000000000047e-01,7.352410000000000334e-01,3.017130000000000090e-01,9.902570000000000539e-01,2.979384000000000032e+00,1.321777999999999897e+00,-1.534405000000000019e+00,-9.223660000000000192e-01,-7.183530000000000193e-01,-3.103259999999999907e-01,-4.123330000000000051e-01,5.312280000000000335e-01,1.627798000000000078e+00,-8.081199999999999495e-02,3.272140000000000049e-01,-8.081199999999999495e-02,-3.358280000000000154e-01,5.567290000000000294e-01,6.587359999999999882e-01,3.782179999999999986e-01,1.232010000000000050e-01,-8.203589999999999494e-01,-2.095441000000000109e+00,4.037189999999999945e-01,1.041260000000000074e+00,1.398282999999999943e+00,-3.868309999999999804e-01,-1.075374999999999970e+00,9.137520000000000087e-01,1.423785000000000078e+00,-1.828180000000000083e-01,-1.457899999999999974e+00,5.822310000000000541e-01,7.352410000000000334e-01,3.527159999999999740e-01,-2.980800000000000116e-02,4.547229999999999883e-01,2.762109999999999843e-01,-1.318149999999999877e-01,-5.143389999999999906e-01,9.902570000000000539e-01,1.487030000000000018e-01,-1.457899999999999974e+00,9.769999999999999518e-02,7.097390000000000088e-01,2.392847000000000168e+00,1.232010000000000050e-01,-1.559906000000000015e+00,-2.834988000000000063e+00,-7.438540000000000152e-01,1.831811000000000078e+00,1.423785000000000078e+00,1.933816999999999897e+00,1.041260000000000074e+00,1.270774999999999988e+00,-2.848249999999999948e-01,-9.223660000000000192e-01,7.219799999999999829e-02,-7.438540000000000152e-01,-1.063130000000000047e-01,1.347280000000000033e+00,4.292210000000000192e-01,-2.579972000000000154e+00,-1.508903000000000105e+00,8.627489999999999881e-01,2.061326000000000214e+00,1.398282999999999943e+00,-1.432398000000000060e+00,-3.358280000000000154e-01,2.119499999999999856e-02,1.194269999999999943e+00,1.066761999999999988e+00,4.547229999999999883e-01,9.647550000000000292e-01,2.762109999999999843e-01,-1.063130000000000047e-01,-4.633360000000000256e-01,-3.103259999999999907e-01,-5.908440000000000358e-01,-5.530999999999999805e-02,5.567290000000000294e-01,-3.103259999999999907e-01,-9.988700000000000356e-01,4.669600000000000140e-02,8.117459999999999676e-01,5.567290000000000294e-01,5.312280000000000335e-01,-3.103259999999999907e-01,5.567290000000000294e-01,8.627489999999999881e-01,1.487030000000000018e-01,-2.980800000000000116e-02,4.292210000000000192e-01,8.117459999999999676e-01,1.232010000000000050e-01,-5.398410000000000153e-01,2.252079999999999915e-01,-4.123330000000000051e-01,-1.318149999999999877e-01,4.669600000000000140e-02,-5.908440000000000358e-01,-4.307000000000000065e-03,1.857312000000000074e+00,-1.151880000000000015e+00,-1.253886999999999974e+00,1.219772000000000078e+00,2.622361000000000164e+00,-1.406897000000000064e+00,-9.223660000000000192e-01,1.372781000000000029e+00,1.245273000000000074e+00,4.292210000000000192e-01,3.782179999999999986e-01,1.041260000000000074e+00,-1.573170000000000124e-01,-7.948570000000000357e-01,-3.868309999999999804e-01,-2.593230000000000257e-01,-5.398410000000000153e-01,3.272140000000000049e-01,7.219799999999999829e-02,7.219799999999999829e-02,4.037189999999999945e-01,3.782179999999999986e-01,8.372469999999999635e-01,2.762109999999999843e-01,7.219799999999999829e-02,-4.888379999999999947e-01,-1.024372000000000060e+00,6.842369999999999841e-01,8.882499999999999840e-01,3.017130000000000090e-01,-4.123330000000000051e-01,7.862440000000000540e-01,4.292210000000000192e-01,8.117459999999999676e-01,4.547229999999999883e-01,-1.049873999999999974e+00,2.507099999999999884e-01,-1.508903000000000105e+00,1.092262999999999984e+00,-4.123330000000000051e-01,2.762109999999999843e-01,2.119499999999999856e-02,1.066761999999999988e+00,1.270774999999999988e+00,-2.083200000000000052e-01,-3.868309999999999804e-01,9.769999999999999518e-02,-1.075374999999999970e+00,5.312280000000000335e-01,6.332339999999999636e-01,1.742049999999999987e-01,-1.318149999999999877e-01,3.272140000000000049e-01,7.097390000000000088e-01,-6.673489999999999700e-01,-5.398410000000000153e-01,7.862440000000000540e-01,7.097390000000000088e-01,4.802239999999999842e-01,-2.083200000000000052e-01,-2.593230000000000257e-01,4.547229999999999883e-01,9.647550000000000292e-01,7.219799999999999829e-02,-1.228385000000000060e+00,-8.081199999999999495e-02,-1.573170000000000124e-01,2.762109999999999843e-01,1.168768000000000029e+00,1.194269999999999943e+00,9.769999999999999518e-02,-1.814923000000000064e+00,-5.530999999999999805e-02,5.312280000000000335e-01,-8.458609999999999740e-01,3.527159999999999740e-01,1.041260000000000074e+00,1.015759000000000079e+00,8.372469999999999635e-01,-4.633360000000000256e-01,-2.593230000000000257e-01,7.862440000000000540e-01,9.647550000000000292e-01,6.332339999999999636e-01,-3.103259999999999907e-01,-4.888379999999999947e-01,-1.573170000000000124e-01,3.017130000000000090e-01,-4.307000000000000065e-03,-4.888379999999999947e-01,-1.573170000000000124e-01,-4.888379999999999947e-01,-9.988700000000000356e-01,6.077320000000000499e-01,1.117764999999999898e+00,9.137520000000000087e-01,1.423785000000000078e+00,7.862440000000000540e-01,3.272140000000000049e-01,-1.318149999999999877e-01,-4.307000000000000065e-03,-7.948570000000000357e-01,3.782179999999999986e-01,2.762109999999999843e-01,9.769999999999999518e-02,-7.438540000000000152e-01,-7.693560000000000398e-01,-5.143389999999999906e-01,1.219772000000000078e+00,4.802239999999999842e-01,2.252079999999999915e-01,5.312280000000000335e-01,1.576794999999999947e+00,-7.438540000000000152e-01,-6.928509999999999946e-01,3.017130000000000090e-01,1.232010000000000050e-01,4.669600000000000140e-02,3.272140000000000049e-01,1.066761999999999988e+00,5.822310000000000541e-01,-3.103259999999999907e-01,-1.508903000000000105e+00,4.669600000000000140e-02,9.647550000000000292e-01,4.802239999999999842e-01,-1.228385000000000060e+00,-4.633360000000000256e-01,3.527159999999999740e-01,5.567290000000000294e-01,1.245273000000000074e+00,2.341844000000000037e+00,-1.559906000000000015e+00,-3.243014000000000063e+00,1.627798000000000078e+00,4.037189999999999945e-01,5.822310000000000541e-01,-3.868309999999999804e-01,3.272140000000000049e-01,7.352410000000000334e-01,3.782179999999999986e-01,-2.848249999999999948e-01,-2.980800000000000116e-02,1.270774999999999988e+00,-4.307000000000000065e-03,-9.988700000000000356e-01,-1.573170000000000124e-01,3.272140000000000049e-01,4.292210000000000192e-01,1.742049999999999987e-01,3.017130000000000090e-01,1.041260000000000074e+00,4.802239999999999842e-01,-7.183530000000000193e-01,3.017130000000000090e-01,-2.044436999999999838e+00,9.769999999999999518e-02,1.015759000000000079e+00,5.567290000000000294e-01,7.862440000000000540e-01,4.547229999999999883e-01,-1.228385000000000060e+00,8.882499999999999840e-01,9.902570000000000539e-01,4.802239999999999842e-01,-1.318149999999999877e-01,-2.848249999999999948e-01,-9.478670000000000151e-01,-2.593230000000000257e-01,-2.848249999999999948e-01,3.017130000000000090e-01,1.347280000000000033e+00,1.219772000000000078e+00,-4.123330000000000051e-01,-1.636411000000000060e+00,-1.202884000000000064e+00,4.292210000000000192e-01,1.245273000000000074e+00,1.194269999999999943e+00,6.842369999999999841e-01,6.587359999999999882e-01,6.842369999999999841e-01,5.057260000000000089e-01,7.352410000000000334e-01,-8.968639999999999946e-01,4.292210000000000192e-01,-4.307000000000000065e-03,-4.888379999999999947e-01,-1.840424000000000060e+00,-4.633360000000000256e-01,7.607420000000000293e-01,6.077320000000000499e-01,3.527159999999999740e-01,1.168768000000000029e+00,1.742049999999999987e-01,2.119499999999999856e-02,8.117459999999999676e-01,1.194269999999999943e+00,-2.222948999999999842e+00,-2.630974999999999842e+00,1.143267000000000033e+00,1.347280000000000033e+00,5.822310000000000541e-01,9.392540000000000333e-01,3.017130000000000090e-01,2.507099999999999884e-01,6.842369999999999841e-01,4.292210000000000192e-01,-2.593230000000000257e-01,-1.024372000000000060e+00,-1.202884000000000064e+00,9.769999999999999518e-02,6.077320000000000499e-01,4.292210000000000192e-01,3.272140000000000049e-01,3.272140000000000049e-01,1.143267000000000033e+00,-1.330392000000000019e+00,-7.183530000000000193e-01,-1.318149999999999877e-01,-2.848249999999999948e-01,1.653299000000000074e+00,2.010321999999999942e+00,6.332339999999999636e-01,-2.848249999999999948e-01,7.219799999999999829e-02,-3.358280000000000154e-01,-6.673489999999999700e-01,9.392540000000000333e-01,6.077320000000000499e-01,-1.330392000000000019e+00,-1.828180000000000083e-01,5.312280000000000335e-01,1.296276999999999902e+00,-1.573170000000000124e-01,-2.018936000000000064e+00,-8.458609999999999740e-01,1.092262999999999984e+00,1.449286000000000074e+00,-2.593230000000000257e-01,-2.338210000000000011e-01,1.755306000000000033e+00,4.802239999999999842e-01,-8.968639999999999946e-01,1.997059999999999946e-01,9.137520000000000087e-01,3.272140000000000049e-01,1.041260000000000074e+00,4.037189999999999945e-01,1.232010000000000050e-01,-4.633360000000000256e-01,-2.681977999999999973e+00,-8.081199999999999495e-02,1.474787999999999988e+00,4.669600000000000140e-02,-2.083200000000000052e-01,1.997059999999999946e-01,9.647550000000000292e-01,5.567290000000000294e-01,5.822310000000000541e-01,5.567290000000000294e-01,-3.103259999999999907e-01,3.272140000000000049e-01,-1.573170000000000124e-01,-7.693560000000000398e-01,1.487030000000000018e-01,1.245273000000000074e+00,2.252079999999999915e-01,-1.967932999999999932e+00,-2.980800000000000116e-02,6.332339999999999636e-01,1.041260000000000074e+00,-3.358280000000000154e-01,1.117764999999999898e+00,1.245273000000000074e+00,-3.358280000000000154e-01,-5.143389999999999906e-01,7.352410000000000334e-01,-3.358280000000000154e-01,-2.338210000000000011e-01,-1.573170000000000124e-01,2.507099999999999884e-01,6.332339999999999636e-01,8.117459999999999676e-01,-2.980800000000000116e-02,-4.378349999999999742e-01,-5.908440000000000358e-01,-9.733690000000000397e-01,1.742049999999999987e-01,8.882499999999999840e-01,9.902570000000000539e-01,-3.868309999999999804e-01,5.312280000000000335e-01,-4.633360000000000256e-01,2.762109999999999843e-01,1.143267000000000033e+00,3.527159999999999740e-01,-7.438540000000000152e-01,2.762109999999999843e-01,1.232010000000000050e-01,3.272140000000000049e-01,7.219799999999999829e-02,-1.318149999999999877e-01,1.742049999999999987e-01,3.017130000000000090e-01,2.507099999999999884e-01,-2.980800000000000116e-02,-3.103259999999999907e-01,1.232010000000000050e-01,-4.123330000000000051e-01,1.997059999999999946e-01,1.168768000000000029e+00,2.762109999999999843e-01,4.802239999999999842e-01,-1.828180000000000083e-01,-2.120941999999999883e+00,-2.338210000000000011e-01,1.066761999999999988e+00,1.194269999999999943e+00,7.219799999999999829e-02,1.321777999999999897e+00,6.332339999999999636e-01,-3.868309999999999804e-01,-1.063130000000000047e-01,1.997059999999999946e-01,-2.848249999999999948e-01,5.567290000000000294e-01,3.017130000000000090e-01,-2.848249999999999948e-01,-8.968639999999999946e-01,7.219799999999999829e-02,5.312280000000000335e-01,6.077320000000000499e-01,4.802239999999999842e-01,1.232010000000000050e-01,-9.733690000000000397e-01,-5.143389999999999906e-01,-1.828180000000000083e-01,7.607420000000000293e-01,1.194269999999999943e+00,7.352410000000000334e-01,1.015759000000000079e+00,-2.338210000000000011e-01,-5.143389999999999906e-01,4.547229999999999883e-01,3.017130000000000090e-01,-1.253886999999999974e+00,9.769999999999999518e-02,-9.478670000000000151e-01,-1.318149999999999877e-01,9.392540000000000333e-01,1.066761999999999988e+00,1.245273000000000074e+00,8.117459999999999676e-01,-3.868309999999999804e-01,-5.143389999999999906e-01,-3.613299999999999845e-01,1.997059999999999946e-01,2.252079999999999915e-01,1.232010000000000050e-01,1.232010000000000050e-01,3.527159999999999740e-01,4.547229999999999883e-01,-2.338210000000000011e-01,2.252079999999999915e-01,7.097390000000000088e-01,1.232010000000000050e-01,-1.828180000000000083e-01,-4.307000000000000065e-03,1.232010000000000050e-01,-2.338210000000000011e-01,7.219799999999999829e-02,-8.203589999999999494e-01,5.567290000000000294e-01,4.292210000000000192e-01,6.842369999999999841e-01,8.372469999999999635e-01,8.372469999999999635e-01,-4.888379999999999947e-01,-9.223660000000000192e-01,4.292210000000000192e-01,1.997059999999999946e-01,-4.123330000000000051e-01,1.194269999999999943e+00,9.392540000000000333e-01,-3.613299999999999845e-01,-7.948570000000000357e-01,-5.398410000000000153e-01,5.567290000000000294e-01,5.822310000000000541e-01,9.137520000000000087e-01,9.647550000000000292e-01,-2.848249999999999948e-01,3.017130000000000090e-01,-4.378349999999999742e-01,-9.223660000000000192e-01,-6.928509999999999946e-01,5.567290000000000294e-01,2.507099999999999884e-01,-1.828180000000000083e-01,-8.081199999999999495e-02,8.117459999999999676e-01,4.802239999999999842e-01,8.117459999999999676e-01,7.097390000000000088e-01,3.527159999999999740e-01,2.119499999999999856e-02,-6.928509999999999946e-01,2.119499999999999856e-02,4.037189999999999945e-01,3.272140000000000049e-01,-3.358280000000000154e-01,-5.530999999999999805e-02,3.782179999999999986e-01,2.252079999999999915e-01,2.507099999999999884e-01,7.352410000000000334e-01,3.272140000000000049e-01,-8.458609999999999740e-01,9.769999999999999518e-02,5.822310000000000541e-01,-8.081199999999999495e-02,-3.103259999999999907e-01,7.097390000000000088e-01,-4.888379999999999947e-01,-8.081199999999999495e-02,-4.378349999999999742e-01,8.882499999999999840e-01,6.587359999999999882e-01,8.117459999999999676e-01,1.742049999999999987e-01,-7.183530000000000193e-01,-2.338210000000000011e-01,2.762109999999999843e-01,1.232010000000000050e-01,1.066761999999999988e+00,3.527159999999999740e-01,7.219799999999999829e-02,1.997059999999999946e-01,4.669600000000000140e-02,1.997059999999999946e-01,-8.458609999999999740e-01,-1.063130000000000047e-01,9.902570000000000539e-01,-8.081199999999999495e-02,-1.840424000000000060e+00,3.527159999999999740e-01,3.782179999999999986e-01,6.842369999999999841e-01,-4.307000000000000065e-03,3.272140000000000049e-01,5.567290000000000294e-01,5.567290000000000294e-01,9.769999999999999518e-02,2.762109999999999843e-01,-1.318149999999999877e-01,6.842369999999999841e-01,5.567290000000000294e-01,-7.438540000000000152e-01,-9.223660000000000192e-01,-2.083200000000000052e-01,5.822310000000000541e-01,9.647550000000000292e-01,4.292210000000000192e-01,4.292210000000000192e-01,1.742049999999999987e-01,-6.418479999999999741e-01,-4.633360000000000256e-01,-1.063130000000000047e-01,7.352410000000000334e-01,1.487030000000000018e-01,-4.307000000000000065e-03,7.219799999999999829e-02,7.219799999999999829e-02,8.372469999999999635e-01,9.137520000000000087e-01,-2.848249999999999948e-01,-7.183530000000000193e-01,2.119499999999999856e-02,-2.593230000000000257e-01,8.882499999999999840e-01,-3.868309999999999804e-01,-4.307000000000000065e-03,3.272140000000000049e-01,3.017130000000000090e-01,7.607420000000000293e-01,2.252079999999999915e-01,7.219799999999999829e-02,6.332339999999999636e-01,-7.183530000000000193e-01,-7.693560000000000398e-01,1.015759000000000079e+00,7.607420000000000293e-01,2.252079999999999915e-01,-1.828180000000000083e-01,6.332339999999999636e-01,4.802239999999999842e-01,-3.103259999999999907e-01,-1.814923000000000064e+00,-1.916929000000000105e+00,1.296276999999999902e+00,1.653299000000000074e+00,1.168768000000000029e+00,4.802239999999999842e-01,8.372469999999999635e-01,3.782179999999999986e-01,-8.968639999999999946e-01,-2.083200000000000052e-01,-1.318149999999999877e-01,-2.338210000000000011e-01,-1.063130000000000047e-01,2.507099999999999884e-01,4.292210000000000192e-01,8.627489999999999881e-01,8.117459999999999676e-01,-6.163459999999999495e-01,2.507099999999999884e-01,-8.081199999999999495e-02,-3.868309999999999804e-01,3.017130000000000090e-01,6.077320000000000499e-01,4.547229999999999883e-01,3.272140000000000049e-01,1.742049999999999987e-01,-1.063130000000000047e-01,9.769999999999999518e-02,-1.318149999999999877e-01,-8.081199999999999495e-02,4.669600000000000140e-02,2.507099999999999884e-01,2.252079999999999915e-01,3.782179999999999986e-01,3.272140000000000049e-01,4.547229999999999883e-01,-4.307000000000000065e-03,-1.024372000000000060e+00,-1.573170000000000124e-01,1.742049999999999987e-01,8.117459999999999676e-01,-1.318149999999999877e-01,5.057260000000000089e-01,1.041260000000000074e+00,4.292210000000000192e-01,-5.143389999999999906e-01,-1.304890000000000105e+00,4.037189999999999945e-01,1.168768000000000029e+00,-6.928509999999999946e-01,-3.103259999999999907e-01,7.607420000000000293e-01,-4.307000000000000065e-03,4.547229999999999883e-01,8.882499999999999840e-01,-1.318149999999999877e-01,-5.143389999999999906e-01,1.232010000000000050e-01,-4.307000000000000065e-03,2.252079999999999915e-01,2.252079999999999915e-01,5.312280000000000335e-01,1.232010000000000050e-01,-1.075374999999999970e+00,-1.828180000000000083e-01,4.802239999999999842e-01,5.312280000000000335e-01,-4.307000000000000065e-03,9.769999999999999518e-02,-2.083200000000000052e-01,5.057260000000000089e-01,1.423785000000000078e+00,8.372469999999999635e-01,-1.318149999999999877e-01,9.769999999999999518e-02,-8.968639999999999946e-01,-9.988700000000000356e-01,6.842369999999999841e-01,1.487030000000000018e-01,-1.126379000000000019e+00,2.762109999999999843e-01,2.507099999999999884e-01,7.862440000000000540e-01,6.332339999999999636e-01,1.066761999999999988e+00,8.372469999999999635e-01,-8.458609999999999740e-01,-8.713619999999999699e-01,-4.633360000000000256e-01,-5.530999999999999805e-02,5.567290000000000294e-01,8.627489999999999881e-01,2.252079999999999915e-01,2.252079999999999915e-01,3.272140000000000049e-01,-4.307000000000000065e-03,9.769999999999999518e-02,1.232010000000000050e-01,-3.868309999999999804e-01,3.527159999999999740e-01,-2.338210000000000011e-01,-3.103259999999999907e-01,4.037189999999999945e-01,2.507099999999999884e-01,-2.980800000000000116e-02,1.321777999999999897e+00,5.057260000000000089e-01,-9.988700000000000356e-01,-5.653430000000000399e-01,5.057260000000000089e-01,7.607420000000000293e-01,-4.378349999999999742e-01,-9.223660000000000192e-01,7.862440000000000540e-01,5.567290000000000294e-01,4.292210000000000192e-01,6.842369999999999841e-01,1.232010000000000050e-01,-5.398410000000000153e-01,7.219799999999999829e-02,-1.406897000000000064e+00,8.627489999999999881e-01,9.137520000000000087e-01,-2.083200000000000052e-01,7.352410000000000334e-01,8.372469999999999635e-01,2.119499999999999856e-02,2.762109999999999843e-01,-2.848249999999999948e-01,-2.083200000000000052e-01,2.507099999999999884e-01,-4.378349999999999742e-01,-2.083200000000000052e-01,2.252079999999999915e-01,3.527159999999999740e-01,3.017130000000000090e-01,4.669600000000000140e-02,3.527159999999999740e-01,4.547229999999999883e-01,-2.980800000000000116e-02,1.997059999999999946e-01,4.802239999999999842e-01,-1.573170000000000124e-01,-4.378349999999999742e-01,2.252079999999999915e-01,1.742049999999999987e-01,9.902570000000000539e-01,-7.438540000000000152e-01,-4.307000000000000065e-03,-4.307000000000000065e-03,5.312280000000000335e-01,3.272140000000000049e-01,-1.024372000000000060e+00,6.587359999999999882e-01,6.077320000000000499e-01,3.017130000000000090e-01,4.037189999999999945e-01,8.117459999999999676e-01,3.782179999999999986e-01,-1.406897000000000064e+00,-7.948570000000000357e-01,-8.081199999999999495e-02,7.352410000000000334e-01,7.352410000000000334e-01,9.137520000000000087e-01,1.232010000000000050e-01,-1.063130000000000047e-01,1.997059999999999946e-01,-2.980800000000000116e-02,7.219799999999999829e-02,7.352410000000000334e-01,1.232010000000000050e-01,-4.633360000000000256e-01,-2.338210000000000011e-01,7.219799999999999829e-02,2.119499999999999856e-02,8.627489999999999881e-01,6.077320000000000499e-01,-1.573170000000000124e-01,-4.888379999999999947e-01,5.057260000000000089e-01,1.219772000000000078e+00,-2.083200000000000052e-01,-9.223660000000000192e-01,-2.083200000000000052e-01,9.902570000000000539e-01,5.312280000000000335e-01,6.332339999999999636e-01,-4.307000000000000065e-03,-2.848249999999999948e-01,1.997059999999999946e-01,3.272140000000000049e-01,9.769999999999999518e-02,-3.868309999999999804e-01,-5.530999999999999805e-02,-1.318149999999999877e-01,5.057260000000000089e-01,-2.980800000000000116e-02,-5.530999999999999805e-02,3.527159999999999740e-01,5.312280000000000335e-01,4.802239999999999842e-01,1.232010000000000050e-01,3.272140000000000049e-01,2.119499999999999856e-02,2.119499999999999856e-02,2.119499999999999856e-02,2.762109999999999843e-01,-3.103259999999999907e-01,1.742049999999999987e-01,-8.081199999999999495e-02,-2.980800000000000116e-02,1.997059999999999946e-01,5.312280000000000335e-01,5.057260000000000089e-01,-4.378349999999999742e-01,2.119499999999999856e-02,1.372781000000000029e+00,-3.868309999999999804e-01,-1.304890000000000105e+00,9.647550000000000292e-01,1.997059999999999946e-01,4.547229999999999883e-01,3.782179999999999986e-01,-6.673489999999999700e-01,2.762109999999999843e-01,1.143267000000000033e+00,1.487030000000000018e-01,-1.063130000000000047e-01,7.352410000000000334e-01,-8.458609999999999740e-01,-1.610910000000000064e+00,4.292210000000000192e-01,6.842369999999999841e-01,4.547229999999999883e-01,5.822310000000000541e-01,9.902570000000000539e-01,3.272140000000000049e-01,-2.083200000000000052e-01,-1.828180000000000083e-01,-8.968639999999999946e-01,-5.908440000000000358e-01,-1.063130000000000047e-01,7.607420000000000293e-01,7.352410000000000334e-01,8.372469999999999635e-01,5.057260000000000089e-01,-5.143389999999999906e-01,9.769999999999999518e-02,1.232010000000000050e-01,-1.063130000000000047e-01,2.507099999999999884e-01,4.292210000000000192e-01,-2.083200000000000052e-01,1.997059999999999946e-01,-8.081199999999999495e-02,-3.103259999999999907e-01,7.352410000000000334e-01,3.782179999999999986e-01,-3.613299999999999845e-01,-1.063130000000000047e-01,4.669600000000000140e-02,3.272140000000000049e-01,1.015759000000000079e+00,-3.868309999999999804e-01,-6.928509999999999946e-01,3.272140000000000049e-01,7.352410000000000334e-01,5.822310000000000541e-01,2.119499999999999856e-02,-7.438540000000000152e-01,-4.307000000000000065e-03,7.862440000000000540e-01,3.782179999999999986e-01,-1.063130000000000047e-01,-4.378349999999999742e-01,1.742049999999999987e-01,1.194269999999999943e+00,8.372469999999999635e-01,-1.406897000000000064e+00,-1.318149999999999877e-01,1.232010000000000050e-01,-4.888379999999999947e-01,9.769999999999999518e-02,4.669600000000000140e-02,7.607420000000000293e-01,8.627489999999999881e-01,6.332339999999999636e-01,3.017130000000000090e-01,-2.593230000000000257e-01,-1.063130000000000047e-01,4.669600000000000140e-02,-1.738418000000000019e+00,9.769999999999999518e-02,8.882499999999999840e-01,9.137520000000000087e-01,9.392540000000000333e-01,2.507099999999999884e-01,-1.432398000000000060e+00,5.057260000000000089e-01,4.037189999999999945e-01,-7.183530000000000193e-01,2.252079999999999915e-01,7.352410000000000334e-01,1.092262999999999984e+00,5.057260000000000089e-01,7.219799999999999829e-02,-3.358280000000000154e-01,1.232010000000000050e-01,-2.338210000000000011e-01,-5.530999999999999805e-02,2.119499999999999856e-02,-9.733690000000000397e-01,-3.103259999999999907e-01,5.057260000000000089e-01,9.902570000000000539e-01,1.525790999999999897e+00,1.997059999999999946e-01,-2.338210000000000011e-01,5.822310000000000541e-01,2.507099999999999884e-01,-8.458609999999999740e-01,-5.398410000000000153e-01,7.219799999999999829e-02,-1.573170000000000124e-01,6.842369999999999841e-01,9.647550000000000292e-01,-1.063130000000000047e-01,3.527159999999999740e-01,3.272140000000000049e-01,4.547229999999999883e-01,-4.888379999999999947e-01,-7.948570000000000357e-01,4.802239999999999842e-01,4.802239999999999842e-01,1.525790999999999897e+00,1.487030000000000018e-01,-1.432398000000000060e+00,-8.081199999999999495e-02,1.487030000000000018e-01,-5.653430000000000399e-01,5.312280000000000335e-01,8.372469999999999635e-01,6.842369999999999841e-01,4.037189999999999945e-01,5.312280000000000335e-01,5.312280000000000335e-01,-2.980800000000000116e-02,-1.573170000000000124e-01,-3.103259999999999907e-01,-1.573170000000000124e-01,2.119499999999999856e-02,-2.083200000000000052e-01,-3.613299999999999845e-01,5.567290000000000294e-01,6.077320000000000499e-01,1.092262999999999984e+00,-3.358280000000000154e-01,-1.508903000000000105e+00,-5.398410000000000153e-01,1.474787999999999988e+00,9.902570000000000539e-01,1.742049999999999987e-01,1.487030000000000018e-01,3.782179999999999986e-01,-5.398410000000000153e-01,-4.633360000000000256e-01,9.769999999999999518e-02,2.252079999999999915e-01,-2.083200000000000052e-01,-4.888379999999999947e-01,2.762109999999999843e-01,5.312280000000000335e-01,6.332339999999999636e-01,9.137520000000000087e-01,6.842369999999999841e-01,-1.063130000000000047e-01,1.997059999999999946e-01,1.487030000000000018e-01,4.669600000000000140e-02,-8.713619999999999699e-01,-6.928509999999999946e-01,-4.307000000000000065e-03,5.822310000000000541e-01,5.567290000000000294e-01,4.292210000000000192e-01,8.882499999999999840e-01,3.782179999999999986e-01,-1.828180000000000083e-01,-8.458609999999999740e-01,4.292210000000000192e-01,5.057260000000000089e-01,7.352410000000000334e-01,-1.573170000000000124e-01,-8.968639999999999946e-01,3.272140000000000049e-01,4.037189999999999945e-01,4.547229999999999883e-01,-5.653430000000000399e-01,2.252079999999999915e-01,-3.868309999999999804e-01,4.292210000000000192e-01,5.057260000000000089e-01,5.312280000000000335e-01,4.292210000000000192e-01,1.066761999999999988e+00,1.232010000000000050e-01,-6.673489999999999700e-01,-4.633360000000000256e-01,3.272140000000000049e-01,2.507099999999999884e-01,-2.848249999999999948e-01,-9.988700000000000356e-01,6.842369999999999841e-01,6.842369999999999841e-01,7.352410000000000334e-01,2.119499999999999856e-02,1.232010000000000050e-01,-6.418479999999999741e-01,3.272140000000000049e-01,4.802239999999999842e-01,3.017130000000000090e-01,1.232010000000000050e-01,2.119499999999999856e-02,-4.307000000000000065e-03,6.077320000000000499e-01,3.527159999999999740e-01,2.762109999999999843e-01,-1.024372000000000060e+00,-4.888379999999999947e-01,-4.123330000000000051e-01,6.077320000000000499e-01,7.352410000000000334e-01,3.782179999999999986e-01,5.822310000000000541e-01,1.997059999999999946e-01,9.137520000000000087e-01,1.066761999999999988e+00,-1.304890000000000105e+00,-7.183530000000000193e-01,-1.828180000000000083e-01,-3.103259999999999907e-01,1.092262999999999984e+00,1.015759000000000079e+00,6.077320000000000499e-01,2.252079999999999915e-01,-3.613299999999999845e-01,-4.633360000000000256e-01,-8.081199999999999495e-02,6.332339999999999636e-01,-2.593230000000000257e-01,-9.478670000000000151e-01,5.312280000000000335e-01,5.312280000000000335e-01,1.232010000000000050e-01,6.077320000000000499e-01,6.587359999999999882e-01,2.507099999999999884e-01,-1.063130000000000047e-01,3.527159999999999740e-01,-2.980800000000000116e-02,-4.888379999999999947e-01,-1.177381999999999929e+00,2.507099999999999884e-01,1.219772000000000078e+00,9.647550000000000292e-01,2.252079999999999915e-01,-4.888379999999999947e-01,-5.530999999999999805e-02,-5.908440000000000358e-01,8.627489999999999881e-01,1.653299000000000074e+00,-1.318149999999999877e-01,-1.304890000000000105e+00,-5.908440000000000358e-01,3.527159999999999740e-01,1.245273000000000074e+00,9.647550000000000292e-01,2.762109999999999843e-01,4.547229999999999883e-01,-1.738418000000000019e+00,-1.534405000000000019e+00,4.669600000000000140e-02,1.117764999999999898e+00,1.296276999999999902e+00,8.117459999999999676e-01,9.137520000000000087e-01,7.219799999999999829e-02,-2.848249999999999948e-01,-8.203589999999999494e-01,5.057260000000000089e-01,6.332339999999999636e-01,5.567290000000000294e-01,-2.338210000000000011e-01,-1.126379000000000019e+00,-2.083200000000000052e-01,5.312280000000000335e-01,6.077320000000000499e-01,4.802239999999999842e-01,1.232010000000000050e-01,2.507099999999999884e-01,2.119499999999999856e-02,2.762109999999999843e-01,-8.081199999999999495e-02,-5.143389999999999906e-01,6.587359999999999882e-01,6.332339999999999636e-01,3.782179999999999986e-01,4.037189999999999945e-01,-3.358280000000000154e-01,2.119499999999999856e-02,-1.573170000000000124e-01,2.119499999999999856e-02,5.567290000000000294e-01,2.762109999999999843e-01,-1.406897000000000064e+00,-2.848249999999999948e-01,8.627489999999999881e-01,1.347280000000000033e+00,7.352410000000000334e-01,1.232010000000000050e-01,-2.593230000000000257e-01,-4.123330000000000051e-01,5.057260000000000089e-01,-4.307000000000000065e-03,1.232010000000000050e-01,3.272140000000000049e-01,4.037189999999999945e-01,-1.534405000000000019e+00,-7.438540000000000152e-01,6.842369999999999841e-01,1.092262999999999984e+00,8.372469999999999635e-01,5.312280000000000335e-01,2.762109999999999843e-01,4.802239999999999842e-01,3.527159999999999740e-01,-2.848249999999999948e-01,-4.307000000000000065e-03,-3.868309999999999804e-01,3.017130000000000090e-01,1.232010000000000050e-01,1.487030000000000018e-01,4.292210000000000192e-01,7.352410000000000334e-01,-8.081199999999999495e-02,-1.508903000000000105e+00,-9.223660000000000192e-01,1.372781000000000029e+00,1.449286000000000074e+00,5.567290000000000294e-01,-1.177381999999999929e+00,3.527159999999999740e-01,6.332339999999999636e-01,-5.908440000000000358e-01,7.607420000000000293e-01,8.372469999999999635e-01,1.321777999999999897e+00,2.252079999999999915e-01,-9.478670000000000151e-01,-1.202884000000000064e+00,7.219799999999999829e-02,7.607420000000000293e-01,1.997059999999999946e-01,6.077320000000000499e-01,-3.358280000000000154e-01,-2.083200000000000052e-01,-8.203589999999999494e-01,-1.573170000000000124e-01,3.782179999999999986e-01,7.607420000000000293e-01,1.168768000000000029e+00,8.372469999999999635e-01,2.762109999999999843e-01,1.487030000000000018e-01,-8.081199999999999495e-02,7.219799999999999829e-02,-3.358280000000000154e-01,-5.908440000000000358e-01,-8.081199999999999495e-02,3.017130000000000090e-01,-4.888379999999999947e-01,-4.888379999999999947e-01,6.332339999999999636e-01,2.762109999999999843e-01,5.567290000000000294e-01,5.567290000000000294e-01,1.449286000000000074e+00,-3.613299999999999845e-01,-5.398410000000000153e-01,-1.318149999999999877e-01,1.015759000000000079e+00,5.312280000000000335e-01,-1.202884000000000064e+00,-8.081199999999999495e-02,4.292210000000000192e-01,-8.081199999999999495e-02,1.742049999999999987e-01,-1.063130000000000047e-01,3.272140000000000049e-01,3.272140000000000049e-01,8.117459999999999676e-01,6.332339999999999636e-01,-7.183530000000000193e-01,-2.848249999999999948e-01,1.997059999999999946e-01,4.669600000000000140e-02,3.272140000000000049e-01,3.272140000000000049e-01,8.117459999999999676e-01,1.487030000000000018e-01,1.487030000000000018e-01,2.507099999999999884e-01,-6.418479999999999741e-01,3.017130000000000090e-01,1.487030000000000018e-01,-4.307000000000000065e-03,-4.633360000000000256e-01,2.507099999999999884e-01,4.037189999999999945e-01,2.507099999999999884e-01,4.802239999999999842e-01,-2.848249999999999948e-01,7.862440000000000540e-01,8.882499999999999840e-01,-2.593230000000000257e-01,-2.593230000000000257e-01,7.607420000000000293e-01,-3.358280000000000154e-01,-4.378349999999999742e-01,4.292210000000000192e-01,1.487030000000000018e-01,-2.083200000000000052e-01,4.802239999999999842e-01,4.292210000000000192e-01,-5.908440000000000358e-01,4.802239999999999842e-01,3.272140000000000049e-01,2.119499999999999856e-02,4.669600000000000140e-02,1.041260000000000074e+00,5.567290000000000294e-01,-1.687415000000000109e+00,-2.593230000000000257e-01,9.137520000000000087e-01,1.143267000000000033e+00,-3.103259999999999907e-01,-6.163459999999999495e-01,5.312280000000000335e-01,9.647550000000000292e-01,9.392540000000000333e-01,-1.573170000000000124e-01,-4.378349999999999742e-01,-5.530999999999999805e-02,4.292210000000000192e-01,-5.398410000000000153e-01,3.782179999999999986e-01,4.802239999999999842e-01,1.742049999999999987e-01,1.997059999999999946e-01,1.997059999999999946e-01,-8.203589999999999494e-01,-4.307000000000000065e-03,2.252079999999999915e-01,6.842369999999999841e-01,6.077320000000000499e-01,-2.593230000000000257e-01,-1.075374999999999970e+00,3.527159999999999740e-01,6.332339999999999636e-01,1.232010000000000050e-01,4.292210000000000192e-01,3.017130000000000090e-01,2.507099999999999884e-01,-2.980800000000000116e-02,-4.123330000000000051e-01,3.782179999999999986e-01,6.332339999999999636e-01,5.822310000000000541e-01,-1.828180000000000083e-01,-1.253886999999999974e+00,1.997059999999999946e-01,6.587359999999999882e-01,5.312280000000000335e-01,1.997059999999999946e-01,1.997059999999999946e-01,1.997059999999999946e-01,1.232010000000000050e-01,-2.848249999999999948e-01,1.487030000000000018e-01,8.627489999999999881e-01,7.097390000000000088e-01,-1.559906000000000015e+00,-2.338210000000000011e-01,4.547229999999999883e-01,5.567290000000000294e-01,4.037189999999999945e-01,-8.081199999999999495e-02,-3.868309999999999804e-01,3.017130000000000090e-01,7.352410000000000334e-01,3.782179999999999986e-01,1.232010000000000050e-01,4.802239999999999842e-01,6.077320000000000499e-01,2.119499999999999856e-02,-7.438540000000000152e-01,-4.633360000000000256e-01,-8.968639999999999946e-01,1.041260000000000074e+00,1.066761999999999988e+00,2.252079999999999915e-01,6.842369999999999841e-01,-2.980800000000000116e-02,-1.828180000000000083e-01,-3.358280000000000154e-01,3.782179999999999986e-01,1.997059999999999946e-01,-1.573170000000000124e-01,2.252079999999999915e-01,9.769999999999999518e-02,-6.673489999999999700e-01,1.232010000000000050e-01,8.882499999999999840e-01,2.507099999999999884e-01,7.862440000000000540e-01,-5.530999999999999805e-02,-6.163459999999999495e-01,1.997059999999999946e-01,4.669600000000000140e-02,-8.968639999999999946e-01,-4.123330000000000051e-01,1.500289999999999901e+00,1.449286000000000074e+00,6.842369999999999841e-01,7.352410000000000334e-01,-1.573170000000000124e-01,-1.279387999999999970e+00,-3.868309999999999804e-01,2.252079999999999915e-01,-1.828180000000000083e-01,4.292210000000000192e-01,-8.081199999999999495e-02,-2.980800000000000116e-02,6.332339999999999636e-01,1.997059999999999946e-01,3.527159999999999740e-01,-5.530999999999999805e-02,5.822310000000000541e-01,-5.143389999999999906e-01,-9.478670000000000151e-01,-2.980800000000000116e-02,5.312280000000000335e-01,1.168768000000000029e+00,5.057260000000000089e-01,6.077320000000000499e-01,8.117459999999999676e-01,6.077320000000000499e-01,-3.868309999999999804e-01,-1.202884000000000064e+00,-8.081199999999999495e-02,3.527159999999999740e-01,3.017130000000000090e-01,-1.318149999999999877e-01,2.119499999999999856e-02,3.017130000000000090e-01,-1.573170000000000124e-01,2.762109999999999843e-01,-3.613299999999999845e-01,9.769999999999999518e-02,-4.633360000000000256e-01,-1.318149999999999877e-01,5.312280000000000335e-01,1.092262999999999984e+00,-1.318149999999999877e-01,3.782179999999999986e-01,5.312280000000000335e-01,4.547229999999999883e-01,3.527159999999999740e-01,-1.318149999999999877e-01,-3.868309999999999804e-01,3.017130000000000090e-01,-5.143389999999999906e-01,3.782179999999999986e-01,2.507099999999999884e-01,9.769999999999999518e-02,2.252079999999999915e-01,1.487030000000000018e-01,-1.573170000000000124e-01,-1.967932999999999932e+00,1.143267000000000033e+00,9.647550000000000292e-01,7.352410000000000334e-01,4.292210000000000192e-01,2.762109999999999843e-01,-8.081199999999999495e-02,-6.928509999999999946e-01,1.997059999999999946e-01,3.782179999999999986e-01,3.017130000000000090e-01,3.527159999999999740e-01,2.252079999999999915e-01,8.882499999999999840e-01,3.527159999999999740e-01,-4.123330000000000051e-01,3.017130000000000090e-01,-3.103259999999999907e-01,3.272140000000000049e-01,-2.980800000000000116e-02,-5.398410000000000153e-01,3.782179999999999986e-01,1.372781000000000029e+00,2.507099999999999884e-01,3.527159999999999740e-01,-2.848249999999999948e-01,-8.203589999999999494e-01,-4.888379999999999947e-01,3.782179999999999986e-01,-1.228385000000000060e+00,-8.081199999999999495e-02,4.802239999999999842e-01,1.372781000000000029e+00,1.780807999999999947e+00,-2.593230000000000257e-01,-1.573170000000000124e-01,1.066761999999999988e+00,7.862440000000000540e-01,-1.828180000000000083e-01,-2.083200000000000052e-01,-3.358280000000000154e-01,-7.438540000000000152e-01,-7.183530000000000193e-01,2.762109999999999843e-01,1.742049999999999987e-01,3.017130000000000090e-01,8.372469999999999635e-01,3.017130000000000090e-01,2.762109999999999843e-01,1.487030000000000018e-01,-3.103259999999999907e-01,8.117459999999999676e-01,1.245273000000000074e+00,-1.279387999999999970e+00,-1.610910000000000064e+00,6.077320000000000499e-01,6.842369999999999841e-01,1.449286000000000074e+00,3.017130000000000090e-01,-1.126379000000000019e+00,-2.848249999999999948e-01,3.017130000000000090e-01,6.587359999999999882e-01,4.547229999999999883e-01,-5.530999999999999805e-02,1.487030000000000018e-01,3.017130000000000090e-01,-4.888379999999999947e-01,-4.123330000000000051e-01,3.782179999999999986e-01,6.842369999999999841e-01,5.312280000000000335e-01,3.272140000000000049e-01,-4.888379999999999947e-01,-4.123330000000000051e-01,4.669600000000000140e-02,-8.713619999999999699e-01,4.802239999999999842e-01,6.587359999999999882e-01,1.742049999999999987e-01,8.372469999999999635e-01,-7.948570000000000357e-01,-1.049873999999999974e+00,9.392540000000000333e-01,9.647550000000000292e-01,8.372469999999999635e-01,4.547229999999999883e-01,3.272140000000000049e-01,1.487030000000000018e-01,-4.888379999999999947e-01,2.119499999999999856e-02,2.762109999999999843e-01,-6.418479999999999741e-01,-1.573170000000000124e-01,-2.848249999999999948e-01,9.392540000000000333e-01,1.270774999999999988e+00,-2.593230000000000257e-01,5.057260000000000089e-01,-7.438540000000000152e-01,-1.355893000000000015e+00,-7.693560000000000398e-01,2.252079999999999915e-01,8.372469999999999635e-01,8.627489999999999881e-01,6.587359999999999882e-01,9.392540000000000333e-01,1.997059999999999946e-01,-2.338210000000000011e-01,-1.828180000000000083e-01,-1.828180000000000083e-01,4.292210000000000192e-01,8.627489999999999881e-01,-1.318149999999999877e-01,-1.585407999999999928e+00,-8.081199999999999495e-02,1.194269999999999943e+00,5.822310000000000541e-01,3.272140000000000049e-01,2.762109999999999843e-01,-8.081199999999999495e-02,4.292210000000000192e-01,-2.593230000000000257e-01,-4.888379999999999947e-01,1.015759000000000079e+00,1.500289999999999901e+00,-1.304890000000000105e+00,-2.732981999999999800e+00,9.392540000000000333e-01,8.882499999999999840e-01,4.292210000000000192e-01,4.802239999999999842e-01,1.997059999999999946e-01,-5.530999999999999805e-02,5.312280000000000335e-01,2.119499999999999856e-02,1.997059999999999946e-01,1.015759000000000079e+00,7.097390000000000088e-01,-7.183530000000000193e-01,-4.378349999999999742e-01,-3.868309999999999804e-01,1.997059999999999946e-01,-4.378349999999999742e-01,-4.888379999999999947e-01,8.117459999999999676e-01,7.352410000000000334e-01,7.607420000000000293e-01,4.292210000000000192e-01,4.037189999999999945e-01,-1.828180000000000083e-01,-1.024372000000000060e+00,-8.081199999999999495e-02,5.312280000000000335e-01,4.037189999999999945e-01,7.607420000000000293e-01,8.882499999999999840e-01,-1.063130000000000047e-01,-3.868309999999999804e-01,-5.530999999999999805e-02,-4.307000000000000065e-03,3.017130000000000090e-01,-1.828180000000000083e-01,-2.848249999999999948e-01,6.332339999999999636e-01,3.527159999999999740e-01,3.272140000000000049e-01,7.097390000000000088e-01,8.627489999999999881e-01,-5.143389999999999906e-01,-7.183530000000000193e-01,-1.100877000000000105e+00,2.252079999999999915e-01,5.312280000000000335e-01,8.882499999999999840e-01,1.015759000000000079e+00,6.842369999999999841e-01,1.232010000000000050e-01,7.219799999999999829e-02,3.782179999999999986e-01,-3.613299999999999845e-01,-5.530999999999999805e-02,-2.083200000000000052e-01,5.567290000000000294e-01,-1.573170000000000124e-01,-8.081199999999999495e-02,9.769999999999999518e-02,2.762109999999999843e-01,2.252079999999999915e-01,1.742049999999999987e-01,-1.573170000000000124e-01,1.487030000000000018e-01,1.487030000000000018e-01,1.997059999999999946e-01,2.252079999999999915e-01,2.762109999999999843e-01,3.017130000000000090e-01,8.627489999999999881e-01,1.487030000000000018e-01,-4.123330000000000051e-01,-6.673489999999999700e-01,1.742049999999999987e-01,5.312280000000000335e-01,8.882499999999999840e-01,-5.398410000000000153e-01,-1.024372000000000060e+00,1.270774999999999988e+00,8.372469999999999635e-01,-1.483402000000000109e+00,-5.143389999999999906e-01,8.882499999999999840e-01,1.168768000000000029e+00,6.332339999999999636e-01,3.782179999999999986e-01,1.232010000000000050e-01,-4.888379999999999947e-01,-2.980800000000000116e-02,6.077320000000000499e-01,-8.081199999999999495e-02,9.769999999999999518e-02,4.669600000000000140e-02,3.272140000000000049e-01,2.119499999999999856e-02,2.119499999999999856e-02,-3.613299999999999845e-01,-3.103259999999999907e-01,7.352410000000000334e-01,7.352410000000000334e-01,1.232010000000000050e-01,-4.307000000000000065e-03,-2.848249999999999948e-01,-4.307000000000000065e-03,4.037189999999999945e-01,2.252079999999999915e-01,-1.828180000000000083e-01,3.272140000000000049e-01,5.822310000000000541e-01,2.252079999999999915e-01,-1.228385000000000060e+00,4.292210000000000192e-01,6.587359999999999882e-01,1.041260000000000074e+00,9.647550000000000292e-01,-4.123330000000000051e-01,-7.948570000000000357e-01,6.587359999999999882e-01,-4.633360000000000256e-01,9.769999999999999518e-02,2.252079999999999915e-01,6.077320000000000499e-01,-5.398410000000000153e-01,-8.968639999999999946e-01,1.997059999999999946e-01,7.352410000000000334e-01,8.372469999999999635e-01,4.547229999999999883e-01,4.037189999999999945e-01,-3.358280000000000154e-01,7.219799999999999829e-02,2.252079999999999915e-01,-8.081199999999999495e-02,1.232010000000000050e-01,5.567290000000000294e-01,1.232010000000000050e-01,-2.980800000000000116e-02,-4.633360000000000256e-01,9.392540000000000333e-01,5.057260000000000089e-01,-1.406897000000000064e+00,1.997059999999999946e-01,5.567290000000000294e-01,5.312280000000000335e-01,4.292210000000000192e-01,4.669600000000000140e-02,-2.338210000000000011e-01,2.252079999999999915e-01,9.647550000000000292e-01,-2.980800000000000116e-02,-4.633360000000000256e-01,2.119499999999999856e-02,-1.318149999999999877e-01,2.762109999999999843e-01,5.057260000000000089e-01,6.077320000000000499e-01,4.292210000000000192e-01,4.802239999999999842e-01,-4.888379999999999947e-01,-8.713619999999999699e-01,3.272140000000000049e-01,1.742049999999999987e-01,-1.318149999999999877e-01,-4.307000000000000065e-03,8.627489999999999881e-01,9.137520000000000087e-01,1.487030000000000018e-01,-1.318149999999999877e-01,2.762109999999999843e-01,7.352410000000000334e-01,-6.163459999999999495e-01,-4.888379999999999947e-01,-1.063130000000000047e-01,2.119499999999999856e-02,2.762109999999999843e-01,2.507099999999999884e-01,2.252079999999999915e-01,-4.307000000000000065e-03,3.527159999999999740e-01,5.567290000000000294e-01,7.219799999999999829e-02,4.547229999999999883e-01,4.547229999999999883e-01,4.669600000000000140e-02,1.232010000000000050e-01,-2.848249999999999948e-01,-1.573170000000000124e-01,-2.338210000000000011e-01,2.119499999999999856e-02,6.842369999999999841e-01,4.292210000000000192e-01,-3.358280000000000154e-01,1.997059999999999946e-01,1.232010000000000050e-01,2.119499999999999856e-02,-8.081199999999999495e-02,-2.593230000000000257e-01,2.762109999999999843e-01,1.500289999999999901e+00,2.252079999999999915e-01,-6.928509999999999946e-01,-4.633360000000000256e-01,2.252079999999999915e-01,1.487030000000000018e-01,3.527159999999999740e-01,6.332339999999999636e-01,7.607420000000000293e-01,2.507099999999999884e-01,-7.438540000000000152e-01,1.232010000000000050e-01,2.119499999999999856e-02,-2.980800000000000116e-02,-2.848249999999999948e-01,4.037189999999999945e-01,3.017130000000000090e-01,-3.103259999999999907e-01,2.507099999999999884e-01,4.547229999999999883e-01,5.057260000000000089e-01,2.252079999999999915e-01,5.312280000000000335e-01,2.507099999999999884e-01,-6.928509999999999946e-01,-9.223660000000000192e-01,7.219799999999999829e-02,4.802239999999999842e-01,4.802239999999999842e-01,6.332339999999999636e-01,2.762109999999999843e-01,-7.438540000000000152e-01,2.252079999999999915e-01,5.567290000000000294e-01,-4.307000000000000065e-03,3.017130000000000090e-01,2.507099999999999884e-01,3.527159999999999740e-01,2.119499999999999856e-02,-1.063130000000000047e-01,4.802239999999999842e-01,6.332339999999999636e-01,1.997059999999999946e-01,-9.988700000000000356e-01,-5.653430000000000399e-01,-1.024372000000000060e+00,-3.103259999999999907e-01,1.245273000000000074e+00,1.117764999999999898e+00,8.372469999999999635e-01,3.272140000000000049e-01,4.037189999999999945e-01,4.547229999999999883e-01,2.762109999999999843e-01,-2.848249999999999948e-01,-9.733690000000000397e-01,-1.318149999999999877e-01,-6.163459999999999495e-01,1.742049999999999987e-01,5.567290000000000294e-01,1.997059999999999946e-01,3.017130000000000090e-01,5.057260000000000089e-01,7.219799999999999829e-02,-4.307000000000000065e-03,-4.307000000000000065e-03,1.232010000000000050e-01,2.762109999999999843e-01,2.507099999999999884e-01,4.037189999999999945e-01,1.232010000000000050e-01,2.119499999999999856e-02,2.119499999999999856e-02,1.997059999999999946e-01,-8.081199999999999495e-02,-2.338210000000000011e-01,3.272140000000000049e-01,1.232010000000000050e-01,-1.828180000000000083e-01,-5.530999999999999805e-02,-4.307000000000000065e-03,9.392540000000000333e-01,7.607420000000000293e-01,-8.713619999999999699e-01,-6.673489999999999700e-01,1.219772000000000078e+00,1.194269999999999943e+00,4.669600000000000140e-02,9.769999999999999518e-02,2.507099999999999884e-01,5.057260000000000089e-01,1.487030000000000018e-01,7.219799999999999829e-02,-1.318149999999999877e-01,-8.203589999999999494e-01,-2.120941999999999883e+00,-5.530999999999999805e-02,5.822310000000000541e-01,1.117764999999999898e+00,1.041260000000000074e+00,7.862440000000000540e-01,7.097390000000000088e-01,-4.307000000000000065e-03,-6.928509999999999946e-01,-1.828180000000000083e-01,3.017130000000000090e-01,4.669600000000000140e-02,3.527159999999999740e-01,2.119499999999999856e-02,2.762109999999999843e-01,2.762109999999999843e-01,1.487030000000000018e-01,1.487030000000000018e-01,-7.948570000000000357e-01,-5.908440000000000358e-01,7.219799999999999829e-02,-2.980800000000000116e-02,8.117459999999999676e-01,1.398282999999999943e+00,5.312280000000000335e-01,3.272140000000000049e-01,-8.458609999999999740e-01,9.769999999999999518e-02,7.352410000000000334e-01,-4.123330000000000051e-01,-8.081199999999999495e-02,-5.143389999999999906e-01,-8.458609999999999740e-01,1.500289999999999901e+00,1.015759000000000079e+00,-5.530999999999999805e-02,4.669600000000000140e-02,-2.338210000000000011e-01,-1.063130000000000047e-01,4.292210000000000192e-01,1.487030000000000018e-01,4.292210000000000192e-01,9.392540000000000333e-01,-5.653430000000000399e-01,-9.223660000000000192e-01,2.507099999999999884e-01,4.292210000000000192e-01,2.119499999999999856e-02,4.292210000000000192e-01,-4.307000000000000065e-03,3.782179999999999986e-01,3.782179999999999986e-01,1.232010000000000050e-01,1.487030000000000018e-01,2.507099999999999884e-01,4.802239999999999842e-01,-2.980800000000000116e-02,1.742049999999999987e-01,-1.063130000000000047e-01,-7.438540000000000152e-01,-2.848249999999999948e-01,5.312280000000000335e-01,1.729803999999999897e+00,-1.828180000000000083e-01,-4.888379999999999947e-01,3.272140000000000049e-01,8.627489999999999881e-01,-7.183530000000000193e-01,-1.508903000000000105e+00,8.117459999999999676e-01,2.112328999999999901e+00,-2.593230000000000257e-01,-1.381394999999999929e+00,-5.530999999999999805e-02,6.587359999999999882e-01,1.347280000000000033e+00,6.077320000000000499e-01,2.507099999999999884e-01,-1.828180000000000083e-01,7.607420000000000293e-01,3.272140000000000049e-01,-2.848249999999999948e-01,-5.143389999999999906e-01,-1.318149999999999877e-01,1.997059999999999946e-01,-2.848249999999999948e-01,-4.888379999999999947e-01,2.119499999999999856e-02,2.507099999999999884e-01,3.782179999999999986e-01,2.507099999999999884e-01,4.037189999999999945e-01,3.017130000000000090e-01,5.312280000000000335e-01,3.782179999999999986e-01,3.527159999999999740e-01,1.997059999999999946e-01,2.507099999999999884e-01,-4.123330000000000051e-01,-2.083200000000000052e-01,2.252079999999999915e-01,-1.573170000000000124e-01,4.802239999999999842e-01,9.392540000000000333e-01,-1.573170000000000124e-01,-4.378349999999999742e-01,-2.848249999999999948e-01,4.547229999999999883e-01,5.057260000000000089e-01,8.882499999999999840e-01,-3.868309999999999804e-01,-1.573170000000000124e-01,-1.318149999999999877e-01,6.587359999999999882e-01,6.332339999999999636e-01,2.119499999999999856e-02,-4.307000000000000065e-03,-2.980800000000000116e-02,2.119499999999999856e-02,7.219799999999999829e-02,2.507099999999999884e-01,3.272140000000000049e-01,4.037189999999999945e-01,-5.530999999999999805e-02,-5.530999999999999805e-02,3.017130000000000090e-01,3.017130000000000090e-01,2.252079999999999915e-01,7.219799999999999829e-02,-2.980800000000000116e-02,2.119499999999999856e-02,-2.980800000000000116e-02,1.232010000000000050e-01,1.997059999999999946e-01,1.742049999999999987e-01,1.742049999999999987e-01,3.782179999999999986e-01,-2.083200000000000052e-01,8.372469999999999635e-01,7.607420000000000293e-01,-3.868309999999999804e-01,-4.378349999999999742e-01,-1.828180000000000083e-01,2.119499999999999856e-02,4.037189999999999945e-01,-2.980800000000000116e-02,-8.968639999999999946e-01,7.862440000000000540e-01,4.669600000000000140e-02,4.037189999999999945e-01,6.842369999999999841e-01,4.292210000000000192e-01,3.017130000000000090e-01,3.782179999999999986e-01,7.219799999999999829e-02,-3.103259999999999907e-01,4.669600000000000140e-02,1.742049999999999987e-01,3.527159999999999740e-01,3.017130000000000090e-01,-7.948570000000000357e-01,-1.916929000000000105e+00,9.392540000000000333e-01,5.822310000000000541e-01,2.762109999999999843e-01,9.647550000000000292e-01,7.862440000000000540e-01,3.017130000000000090e-01,-2.980800000000000116e-02,2.507099999999999884e-01,1.742049999999999987e-01,9.769999999999999518e-02,-2.338210000000000011e-01,2.119499999999999856e-02,7.219799999999999829e-02,4.037189999999999945e-01,-1.828180000000000083e-01,-7.183530000000000193e-01,-2.338210000000000011e-01,6.077320000000000499e-01,4.802239999999999842e-01,4.547229999999999883e-01,9.769999999999999518e-02,1.487030000000000018e-01,-2.980800000000000116e-02,7.352410000000000334e-01,7.352410000000000334e-01,-2.083200000000000052e-01,4.292210000000000192e-01,5.057260000000000089e-01,3.017130000000000090e-01,-5.908440000000000358e-01,-1.100877000000000105e+00,-1.828180000000000083e-01,5.822310000000000541e-01,7.352410000000000334e-01,-2.980800000000000116e-02,1.487030000000000018e-01,5.057260000000000089e-01,1.232010000000000050e-01,2.252079999999999915e-01,2.762109999999999843e-01,1.487030000000000018e-01,-6.163459999999999495e-01,-1.063130000000000047e-01,8.372469999999999635e-01,2.762109999999999843e-01,2.119499999999999856e-02,1.997059999999999946e-01,6.077320000000000499e-01,-2.083200000000000052e-01,-5.143389999999999906e-01,-4.888379999999999947e-01,6.332339999999999636e-01,4.802239999999999842e-01,-1.828180000000000083e-01,1.997059999999999946e-01,6.842369999999999841e-01,2.252079999999999915e-01,6.587359999999999882e-01,-2.083200000000000052e-01,-1.828180000000000083e-01,5.057260000000000089e-01,2.119499999999999856e-02,1.997059999999999946e-01,7.219799999999999829e-02,1.232010000000000050e-01,4.669600000000000140e-02,1.742049999999999987e-01,1.997059999999999946e-01,2.119499999999999856e-02,-2.338210000000000011e-01,-8.081199999999999495e-02,2.119499999999999856e-02,-8.081199999999999495e-02,4.292210000000000192e-01,1.372781000000000029e+00,1.015759000000000079e+00,-4.633360000000000256e-01,-4.378349999999999742e-01,-1.828180000000000083e-01,1.742049999999999987e-01,5.057260000000000089e-01,-1.828180000000000083e-01,3.017130000000000090e-01,-5.530999999999999805e-02,6.332339999999999636e-01,-1.573170000000000124e-01,-2.338210000000000011e-01,-8.081199999999999495e-02,4.037189999999999945e-01,-1.318149999999999877e-01,1.997059999999999946e-01,3.527159999999999740e-01,3.782179999999999986e-01,-1.318149999999999877e-01,9.769999999999999518e-02,3.782179999999999986e-01,4.669600000000000140e-02,-3.613299999999999845e-01,-4.888379999999999947e-01,5.057260000000000089e-01,5.312280000000000335e-01,4.669600000000000140e-02,1.742049999999999987e-01,4.802239999999999842e-01,6.077320000000000499e-01,4.037189999999999945e-01,-2.980800000000000116e-02,-1.063130000000000047e-01,-1.318149999999999877e-01,-2.980800000000000116e-02,-2.593230000000000257e-01,3.272140000000000049e-01,-4.633360000000000256e-01,3.272140000000000049e-01,5.057260000000000089e-01,2.762109999999999843e-01,1.997059999999999946e-01,4.547229999999999883e-01,1.997059999999999946e-01,-2.848249999999999948e-01,1.487030000000000018e-01,4.292210000000000192e-01,1.487030000000000018e-01,3.782179999999999986e-01,2.762109999999999843e-01,-3.613299999999999845e-01,-1.573170000000000124e-01,2.119499999999999856e-02,-5.530999999999999805e-02,6.077320000000000499e-01,9.769999999999999518e-02,-6.163459999999999495e-01,3.272140000000000049e-01,1.997059999999999946e-01,2.252079999999999915e-01,8.117459999999999676e-01,1.194269999999999943e+00,-2.980800000000000116e-02,-6.418479999999999741e-01,3.527159999999999740e-01,2.252079999999999915e-01,-5.530999999999999805e-02,1.742049999999999987e-01,4.547229999999999883e-01,1.232010000000000050e-01,-2.593230000000000257e-01,9.769999999999999518e-02,1.742049999999999987e-01,-2.338210000000000011e-01,1.742049999999999987e-01,4.292210000000000192e-01,5.312280000000000335e-01,9.392540000000000333e-01,-3.358280000000000154e-01,-1.100877000000000105e+00,-3.358280000000000154e-01,6.077320000000000499e-01,2.507099999999999884e-01,6.332339999999999636e-01,4.292210000000000192e-01,4.037189999999999945e-01,1.041260000000000074e+00,1.487030000000000018e-01,-1.063130000000000047e-01,2.507099999999999884e-01,-8.081199999999999495e-02,-8.203589999999999494e-01,-1.279387999999999970e+00,-5.530999999999999805e-02,7.352410000000000334e-01,5.057260000000000089e-01,7.352410000000000334e-01,7.352410000000000334e-01,3.782179999999999986e-01,-2.083200000000000052e-01,-2.083200000000000052e-01,1.232010000000000050e-01,-2.593230000000000257e-01,-2.980800000000000116e-02,3.782179999999999986e-01,4.669600000000000140e-02,4.802239999999999842e-01,4.292210000000000192e-01,3.017130000000000090e-01,-7.948570000000000357e-01,1.232010000000000050e-01,4.037189999999999945e-01,1.372781000000000029e+00,-5.530999999999999805e-02,-4.633360000000000256e-01,-2.083200000000000052e-01,-3.868309999999999804e-01,9.647550000000000292e-01,2.010321999999999942e+00,-5.398410000000000153e-01,-1.202884000000000064e+00,-7.183530000000000193e-01,3.017130000000000090e-01,2.119499999999999856e-02,-7.438540000000000152e-01,8.627489999999999881e-01,1.117764999999999898e+00,5.312280000000000335e-01,4.802239999999999842e-01,4.802239999999999842e-01,1.997059999999999946e-01,-4.378349999999999742e-01,-4.307000000000000065e-03,7.219799999999999829e-02,-2.083200000000000052e-01,-2.593230000000000257e-01,-3.613299999999999845e-01,5.567290000000000294e-01,3.527159999999999740e-01,4.037189999999999945e-01,4.292210000000000192e-01,5.312280000000000335e-01,6.332339999999999636e-01,4.669600000000000140e-02,-4.888379999999999947e-01,1.487030000000000018e-01,-3.868309999999999804e-01,2.252079999999999915e-01,7.352410000000000334e-01,-5.653430000000000399e-01,-4.633360000000000256e-01,5.567290000000000294e-01,8.117459999999999676e-01,4.547229999999999883e-01,7.219799999999999829e-02,3.272140000000000049e-01,3.527159999999999740e-01,-1.228385000000000060e+00,-7.438540000000000152e-01,4.802239999999999842e-01,8.372469999999999635e-01,-2.338210000000000011e-01,1.270774999999999988e+00,-1.063130000000000047e-01,-8.203589999999999494e-01,-8.081199999999999495e-02,9.137520000000000087e-01,-5.530999999999999805e-02,7.352410000000000334e-01,-2.338210000000000011e-01,-2.980800000000000116e-02,2.252079999999999915e-01,4.669600000000000140e-02,-4.633360000000000256e-01,-1.573170000000000124e-01,4.292210000000000192e-01,4.547229999999999883e-01,1.997059999999999946e-01,4.037189999999999945e-01,4.547229999999999883e-01,1.487030000000000018e-01,-1.828180000000000083e-01,-7.438540000000000152e-01,5.567290000000000294e-01,6.332339999999999636e-01,7.219799999999999829e-02,-1.828180000000000083e-01,-1.063130000000000047e-01,7.097390000000000088e-01,1.232010000000000050e-01,-1.573170000000000124e-01,5.057260000000000089e-01,-7.948570000000000357e-01,-2.848249999999999948e-01,3.272140000000000049e-01,6.842369999999999841e-01,2.252079999999999915e-01,3.272140000000000049e-01,5.312280000000000335e-01,5.822310000000000541e-01,-8.081199999999999495e-02,-8.081199999999999495e-02,7.219799999999999829e-02,-4.378349999999999742e-01,2.507099999999999884e-01,8.372469999999999635e-01,-1.828180000000000083e-01,2.252079999999999915e-01,6.842369999999999841e-01,7.219799999999999829e-02,-6.163459999999999495e-01,5.057260000000000089e-01,2.507099999999999884e-01,2.252079999999999915e-01,2.507099999999999884e-01,7.219799999999999829e-02,2.762109999999999843e-01,2.507099999999999884e-01,-8.081199999999999495e-02,-8.713619999999999699e-01,4.037189999999999945e-01,1.997059999999999946e-01,6.842369999999999841e-01,9.769999999999999518e-02,7.352410000000000334e-01,6.587359999999999882e-01,5.822310000000000541e-01,-4.123330000000000051e-01,-1.573170000000000124e-01,6.587359999999999882e-01,-2.338210000000000011e-01,-1.381394999999999929e+00,9.137520000000000087e-01,4.669600000000000140e-02,-4.378349999999999742e-01,-5.143389999999999906e-01,1.423785000000000078e+00,8.117459999999999676e-01,2.252079999999999915e-01,8.372469999999999635e-01,6.077320000000000499e-01,-6.163459999999999495e-01,-1.712916000000000105e+00,2.762109999999999843e-01,6.587359999999999882e-01,7.607420000000000293e-01,7.352410000000000334e-01,-9.733690000000000397e-01,8.882499999999999840e-01,4.037189999999999945e-01,-6.928509999999999946e-01,2.507099999999999884e-01,3.017130000000000090e-01,-1.318149999999999877e-01,5.057260000000000089e-01,2.252079999999999915e-01,4.037189999999999945e-01,-4.307000000000000065e-03,-1.075374999999999970e+00,-2.593230000000000257e-01,1.194269999999999943e+00,-5.530999999999999805e-02,-1.075374999999999970e+00,-5.908440000000000358e-01,1.500289999999999901e+00,4.037189999999999945e-01,9.137520000000000087e-01,-5.530999999999999805e-02,2.252079999999999915e-01,-7.693560000000000398e-01,-6.418479999999999741e-01,2.762109999999999843e-01,1.551293000000000033e+00,2.119499999999999856e-02,7.862440000000000540e-01,3.017130000000000090e-01,-8.713619999999999699e-01,-1.330392000000000019e+00,-4.888379999999999947e-01,6.332339999999999636e-01,-2.338210000000000011e-01,1.742049999999999987e-01,3.272140000000000049e-01,3.782179999999999986e-01,8.882499999999999840e-01,4.292210000000000192e-01,8.372469999999999635e-01,6.587359999999999882e-01,-8.713619999999999699e-01,-7.948570000000000357e-01,1.232010000000000050e-01,6.077320000000000499e-01,4.037189999999999945e-01,5.312280000000000335e-01,4.547229999999999883e-01,-8.081199999999999495e-02,2.119499999999999856e-02,7.219799999999999829e-02,7.219799999999999829e-02,-1.318149999999999877e-01,-8.081199999999999495e-02,2.119499999999999856e-02,-4.307000000000000065e-03,1.742049999999999987e-01,1.232010000000000050e-01,2.252079999999999915e-01,6.077320000000000499e-01,5.567290000000000294e-01,2.119499999999999856e-02,-4.378349999999999742e-01,2.119499999999999856e-02,9.902570000000000539e-01,2.507099999999999884e-01,3.017130000000000090e-01,1.997059999999999946e-01,-7.948570000000000357e-01,7.219799999999999829e-02,1.194269999999999943e+00,4.669600000000000140e-02,-1.916929000000000105e+00,7.219799999999999829e-02,-7.693560000000000398e-01,-3.103259999999999907e-01,1.194269999999999943e+00,1.321777999999999897e+00,7.352410000000000334e-01,9.137520000000000087e-01,-6.928509999999999946e-01,-8.081199999999999495e-02,1.997059999999999946e-01,1.232010000000000050e-01,-1.828180000000000083e-01,1.487030000000000018e-01,7.219799999999999829e-02,4.292210000000000192e-01,-6.928509999999999946e-01,-5.908440000000000358e-01,7.352410000000000334e-01,7.097390000000000088e-01,3.017130000000000090e-01,3.782179999999999986e-01,-1.318149999999999877e-01,-3.358280000000000154e-01,1.487030000000000018e-01,1.487030000000000018e-01,7.097390000000000088e-01,3.782179999999999986e-01,-1.573170000000000124e-01,-2.593230000000000257e-01,4.292210000000000192e-01,3.527159999999999740e-01,7.607420000000000293e-01,-2.980800000000000116e-02,-6.928509999999999946e-01,-1.573170000000000124e-01,1.997059999999999946e-01,-3.358280000000000154e-01,4.037189999999999945e-01,-1.063130000000000047e-01,1.742049999999999987e-01,8.372469999999999635e-01,3.017130000000000090e-01,4.547229999999999883e-01,6.587359999999999882e-01,7.352410000000000334e-01,-7.183530000000000193e-01,-3.358280000000000154e-01,2.119499999999999856e-02,-5.530999999999999805e-02,4.037189999999999945e-01,2.762109999999999843e-01,-1.063130000000000047e-01,-1.573170000000000124e-01,7.219799999999999829e-02,2.762109999999999843e-01,1.742049999999999987e-01,1.232010000000000050e-01,3.782179999999999986e-01,5.822310000000000541e-01,6.077320000000000499e-01,2.119499999999999856e-02,-1.763919000000000015e+00,-9.733690000000000397e-01,1.423785000000000078e+00,9.392540000000000333e-01,-2.593230000000000257e-01,1.041260000000000074e+00,6.077320000000000499e-01,-2.848249999999999948e-01,5.057260000000000089e-01,-1.063130000000000047e-01,-3.103259999999999907e-01,2.507099999999999884e-01,-3.358280000000000154e-01,4.292210000000000192e-01,2.762109999999999843e-01,8.882499999999999840e-01,4.669600000000000140e-02,1.143267000000000033e+00,-3.868309999999999804e-01,-2.299453999999999887e+00,9.769999999999999518e-02,6.332339999999999636e-01,1.487030000000000018e-01,4.547229999999999883e-01
-5.143389999999999906e-01,-5.908440000000000358e-01,-4.307000000000000065e-03,-2.338210000000000011e-01,2.762109999999999843e-01,6.077320000000000499e-01,1.168768000000000029e+00,9.392540000000000333e-01,-1.279387999999999970e+00,-4.633360000000000256e-01,8.117459999999999676e-01,4.292210000000000192e-01,1.143267000000000033e+00,4.292210000000000192e-01,1.143267000000000033e+00,4.292210000000000192e-01,-3.613299999999999845e-01,-8.968639999999999946e-01,-2.980800000000000116e-02,9.647550000000000292e-01,6.587359999999999882e-01,-2.848249999999999948e-01,-1.942431000000000019e+00,-6.418479999999999741e-01,1.066761999999999988e+00,9.647550000000000292e-01,1.015759000000000079e+00,-8.968639999999999946e-01,-1.814923000000000064e+00,3.527159999999999740e-01,1.245273000000000074e+00,7.097390000000000088e-01,4.292210000000000192e-01,2.214335000000000164e+00,5.567290000000000294e-01,-6.163459999999999495e-01,-1.967932999999999932e+00,8.372469999999999635e-01,1.742049999999999987e-01,-2.848249999999999948e-01,3.782179999999999986e-01,6.332339999999999636e-01,8.882499999999999840e-01,7.607420000000000293e-01,-4.307000000000000065e-03,-9.223660000000000192e-01,-3.523531999999999886e+00,1.232010000000000050e-01,5.567290000000000294e-01,1.194269999999999943e+00,1.398282999999999943e+00,1.296276999999999902e+00,1.755306000000000033e+00,5.312280000000000335e-01,-1.024372000000000060e+00,2.252079999999999915e-01,3.782179999999999986e-01,-3.868309999999999804e-01,1.729803999999999897e+00,-3.358280000000000154e-01,-2.579972000000000154e+00,-5.530999999999999805e-02,-4.633360000000000256e-01,6.332339999999999636e-01,7.352410000000000334e-01,3.782179999999999986e-01,7.219799999999999829e-02,5.567290000000000294e-01,2.119499999999999856e-02,-1.828180000000000083e-01,-5.530999999999999805e-02,1.143267000000000033e+00,1.168768000000000029e+00,6.332339999999999636e-01,-2.083200000000000052e-01,3.272140000000000049e-01,-2.980800000000000116e-02,-3.103259999999999907e-01,1.168768000000000029e+00,2.507099999999999884e-01,-1.075374999999999970e+00,-8.203589999999999494e-01,-3.982562000000000157e+00,1.627798000000000078e+00,9.902570000000000539e-01,7.862440000000000540e-01,1.270774999999999988e+00,8.117459999999999676e-01,6.332339999999999636e-01,7.352410000000000334e-01,4.669600000000000140e-02,2.119499999999999856e-02,-9.988700000000000356e-01,8.882499999999999840e-01,-5.398410000000000153e-01,1.143267000000000033e+00,2.119499999999999856e-02,-2.936995000000000022e+00,7.862440000000000540e-01,1.576794999999999947e+00,6.842369999999999841e-01,2.252079999999999915e-01,4.037189999999999945e-01,1.742049999999999987e-01,5.822310000000000541e-01,-4.307000000000000065e-03,-3.613299999999999845e-01,2.252079999999999915e-01,3.017130000000000090e-01,-2.593230000000000257e-01,7.352410000000000334e-01,6.842369999999999841e-01,1.232010000000000050e-01,-8.713619999999999699e-01,-2.120941999999999883e+00,-4.123330000000000051e-01,1.232010000000000050e-01,1.321777999999999897e+00,1.653299000000000074e+00,9.392540000000000333e-01,2.443849999999999856e+00,1.143267000000000033e+00,-2.273951999999999973e+00,-2.860489999999999977e+00,1.092262999999999984e+00,1.933816999999999897e+00,9.392540000000000333e-01,-3.868309999999999804e-01,1.997059999999999946e-01,1.551293000000000033e+00,-8.081199999999999495e-02,-6.163459999999999495e-01,-5.908440000000000358e-01,-2.758483000000000018e+00,-3.868309999999999804e-01,1.245273000000000074e+00,5.312280000000000335e-01,1.321777999999999897e+00,1.449286000000000074e+00,1.232010000000000050e-01,-2.980800000000000116e-02,1.232010000000000050e-01,6.332339999999999636e-01,-5.530999999999999805e-02,-7.438540000000000152e-01,-1.049873999999999974e+00,1.742049999999999987e-01,5.312280000000000335e-01,4.037189999999999945e-01,1.831811000000000078e+00,-1.063130000000000047e-01,-2.248451000000000199e+00,-4.123330000000000051e-01,1.423785000000000078e+00,1.678800999999999988e+00,-5.143389999999999906e-01,-6.928509999999999946e-01,4.037189999999999945e-01,1.245273000000000074e+00,7.219799999999999829e-02,2.252079999999999915e-01,-1.100877000000000105e+00,-6.928509999999999946e-01,4.292210000000000192e-01,2.119499999999999856e-02,4.037189999999999945e-01,1.500289999999999901e+00,1.857312000000000074e+00,-1.585407999999999928e+00,-1.406897000000000064e+00,1.092262999999999984e+00,-4.633360000000000256e-01,7.607420000000000293e-01,3.017130000000000090e-01,8.372469999999999635e-01,5.822310000000000541e-01,-1.330392000000000019e+00,-1.573170000000000124e-01,7.219799999999999829e-02,7.219799999999999829e-02,4.037189999999999945e-01,-1.687415000000000109e+00,8.627489999999999881e-01,2.724368000000000123e+00,7.219799999999999829e-02,-2.860489999999999977e+00,-2.222948999999999842e+00,1.398282999999999943e+00,2.188833999999999946e+00,9.392540000000000333e-01,2.214335000000000164e+00,3.272140000000000049e-01,-2.860489999999999977e+00,9.769999999999999518e-02,2.762109999999999843e-01,3.527159999999999740e-01,2.119499999999999856e-02,5.057260000000000089e-01,1.066761999999999988e+00,-7.438540000000000152e-01,1.245273000000000074e+00,4.292210000000000192e-01,-2.299453999999999887e+00,-7.948570000000000357e-01,8.117459999999999676e-01,1.245273000000000074e+00,7.862440000000000540e-01,6.842369999999999841e-01,-1.151880000000000015e+00,-1.508903000000000105e+00,9.902570000000000539e-01,9.137520000000000087e-01,1.245273000000000074e+00,1.245273000000000074e+00,6.077320000000000499e-01,-9.223660000000000192e-01,-8.081199999999999495e-02,6.842369999999999841e-01,-7.183530000000000193e-01,-1.483402000000000109e+00,-1.279387999999999970e+00,-2.083200000000000052e-01,1.959319000000000033e+00,2.647863000000000078e+00,1.092262999999999984e+00,-2.681977999999999973e+00,-1.406897000000000064e+00,-3.613299999999999845e-01,5.312280000000000335e-01,1.755306000000000033e+00,9.902570000000000539e-01,1.117764999999999898e+00,1.997059999999999946e-01,-1.304890000000000105e+00,-1.318149999999999877e-01,-5.398410000000000153e-01,-4.123330000000000051e-01,-2.848249999999999948e-01,2.119499999999999856e-02,7.219799999999999829e-02,1.831811000000000078e+00,1.041260000000000074e+00,7.097390000000000088e-01,-1.483402000000000109e+00,3.782179999999999986e-01,1.742049999999999987e-01,-1.202884000000000064e+00,-1.828180000000000083e-01,1.143267000000000033e+00,9.769999999999999518e-02,-5.143389999999999906e-01,7.352410000000000334e-01,7.607420000000000293e-01,1.143267000000000033e+00,4.037189999999999945e-01,-2.528967999999999883e+00,-8.081199999999999495e-02,8.882499999999999840e-01,-3.613299999999999845e-01,9.902570000000000539e-01,1.398282999999999943e+00,4.292210000000000192e-01,-9.478670000000000151e-01,2.086826999999999988e+00,-4.123330000000000051e-01,-1.712916000000000105e+00,-1.318149999999999877e-01,-2.732981999999999800e+00,1.168768000000000029e+00,2.367344999999999811e+00,-1.432398000000000060e+00,1.882813999999999988e+00,1.143267000000000033e+00,8.372469999999999635e-01,1.347280000000000033e+00,9.392540000000000333e-01,-1.610910000000000064e+00,-1.942431000000000019e+00,-2.338210000000000011e-01,-1.559906000000000015e+00,6.587359999999999882e-01,5.312280000000000335e-01,2.392847000000000168e+00,1.092262999999999984e+00,-1.202884000000000064e+00,-6.163459999999999495e-01,5.822310000000000541e-01,1.997059999999999946e-01,9.392540000000000333e-01,1.117764999999999898e+00,-3.103259999999999907e-01,-1.432398000000000060e+00,-5.143389999999999906e-01,7.219799999999999829e-02,1.041260000000000074e+00,8.882499999999999840e-01,6.842369999999999841e-01,-6.928509999999999946e-01,-7.183530000000000193e-01,1.219772000000000078e+00,5.312280000000000335e-01,5.567290000000000294e-01,-4.633360000000000256e-01,1.143267000000000033e+00,8.627489999999999881e-01,-7.183530000000000193e-01,-2.171946000000000154e+00,-6.928509999999999946e-01,2.762109999999999843e-01,3.527159999999999740e-01,4.669600000000000140e-02,2.507099999999999884e-01,9.902570000000000539e-01,1.143267000000000033e+00,6.332339999999999636e-01,-2.848249999999999948e-01,-1.814923000000000064e+00,7.219799999999999829e-02,7.607420000000000293e-01,5.057260000000000089e-01,2.252079999999999915e-01,9.647550000000000292e-01,1.449286000000000074e+00,-1.151880000000000015e+00,-9.733690000000000397e-01,-2.528967999999999883e+00,8.372469999999999635e-01,9.392540000000000333e-01,7.219799999999999829e-02,4.669600000000000140e-02,1.092262999999999984e+00,5.312280000000000335e-01,9.902570000000000539e-01,2.119499999999999856e-02,5.567290000000000294e-01,-9.223660000000000192e-01,-4.888379999999999947e-01,7.097390000000000088e-01,-1.432398000000000060e+00,-7.693560000000000398e-01,2.507099999999999884e-01,6.842369999999999841e-01,1.092262999999999984e+00,1.729803999999999897e+00,1.347280000000000033e+00,-1.063130000000000047e-01,-1.024372000000000060e+00,-5.908440000000000358e-01,1.997059999999999946e-01,9.647550000000000292e-01,-9.988700000000000356e-01,-2.324955000000000105e+00,-4.378349999999999742e-01,1.857312000000000074e+00,1.551293000000000033e+00,1.487030000000000018e-01,3.272140000000000049e-01,-8.081199999999999495e-02,1.653299000000000074e+00,1.041260000000000074e+00,-9.988700000000000356e-01,-1.865925999999999974e+00,1.487030000000000018e-01,-2.338210000000000011e-01,6.077320000000000499e-01,6.332339999999999636e-01,7.862440000000000540e-01,1.653299000000000074e+00,-1.126379000000000019e+00,-3.931557999999999886e+00,9.392540000000000333e-01,1.602295999999999943e+00,1.551293000000000033e+00,1.729803999999999897e+00,2.762109999999999843e-01,-5.908440000000000358e-01,1.780807999999999947e+00,-1.279387999999999970e+00,-3.039000999999999841e+00,-8.968639999999999946e-01,1.321777999999999897e+00,1.474787999999999988e+00,1.092262999999999984e+00,-1.318149999999999877e-01,-1.828180000000000083e-01,9.137520000000000087e-01,1.602295999999999943e+00,-1.304890000000000105e+00,-9.988700000000000356e-01,-2.593230000000000257e-01,9.647550000000000292e-01,5.312280000000000335e-01,7.862440000000000540e-01,-1.063130000000000047e-01,-2.171946000000000154e+00,-3.358280000000000154e-01,1.041260000000000074e+00,-3.613299999999999845e-01,1.449286000000000074e+00,7.097390000000000088e-01,-4.123330000000000051e-01,1.232010000000000050e-01,2.826375000000000082e+00,-2.980800000000000116e-02,-2.426962000000000064e+00,-7.693560000000000398e-01,4.547229999999999883e-01,1.487030000000000018e-01,9.137520000000000087e-01,7.352410000000000334e-01,1.194269999999999943e+00,1.398282999999999943e+00,2.252079999999999915e-01,-1.789420999999999928e+00,-2.477965000000000195e+00,4.292210000000000192e-01,6.587359999999999882e-01,7.607420000000000293e-01,4.037189999999999945e-01,3.527159999999999740e-01,-1.738418000000000019e+00,-2.848249999999999948e-01,2.112328999999999901e+00,7.097390000000000088e-01,-1.636411000000000060e+00,3.017130000000000090e-01,1.449286000000000074e+00,5.822310000000000541e-01,7.097390000000000088e-01,3.782179999999999986e-01,1.551293000000000033e+00,3.527159999999999740e-01,-3.319519000000000108e+00,-1.406897000000000064e+00,-6.163459999999999495e-01,7.862440000000000540e-01,1.168768000000000029e+00,1.245273000000000074e+00,4.292210000000000192e-01,3.527159999999999740e-01,8.627489999999999881e-01,-2.593230000000000257e-01,-1.559906000000000015e+00,4.669600000000000140e-02,3.017130000000000090e-01,7.862440000000000540e-01,6.077320000000000499e-01,-4.307000000000000065e-03,1.474787999999999988e+00,1.755306000000000033e+00,-2.962495999999999796e+00,-4.977125000000000021e+00,2.673364999999999991e+00,2.443849999999999856e+00,5.312280000000000335e-01,-2.222948999999999842e+00,7.352410000000000334e-01,9.902570000000000539e-01,1.232010000000000050e-01,1.576794999999999947e+00,1.232010000000000050e-01,2.622361000000000164e+00,-1.916929000000000105e+00,-2.962495999999999796e+00,9.647550000000000292e-01,-4.633360000000000256e-01,8.882499999999999840e-01,1.627798000000000078e+00,-5.653430000000000399e-01,1.245273000000000074e+00,1.780807999999999947e+00,-2.120941999999999883e+00,-2.630974999999999842e+00,1.704302999999999901e+00,8.117459999999999676e-01,-5.530999999999999805e-02,8.627489999999999881e-01,7.219799999999999829e-02,6.332339999999999636e-01,-8.203589999999999494e-01,-6.163459999999999495e-01,-1.330392000000000019e+00,-7.438540000000000152e-01,1.474787999999999988e+00,2.035823999999999856e+00,-1.573170000000000124e-01,-6.928509999999999946e-01,4.037189999999999945e-01,8.882499999999999840e-01,1.347280000000000033e+00,-4.888379999999999947e-01,-6.163459999999999495e-01,-5.653430000000000399e-01,1.041260000000000074e+00,1.245273000000000074e+00,1.168768000000000029e+00,-1.661912999999999974e+00,-2.146443999999999797e+00,4.547229999999999883e-01,4.037189999999999945e-01,5.312280000000000335e-01,2.252079999999999915e-01,1.041260000000000074e+00,1.143267000000000033e+00,4.547229999999999883e-01,-5.908440000000000358e-01,3.272140000000000049e-01,6.332339999999999636e-01,-2.338210000000000011e-01,-2.980800000000000116e-02,1.487030000000000018e-01,-2.980800000000000116e-02,-1.355893000000000015e+00,1.092262999999999984e+00,-4.378349999999999742e-01,-1.942431000000000019e+00,5.312280000000000335e-01,9.647550000000000292e-01,9.769999999999999518e-02,1.487030000000000018e-01,2.647863000000000078e+00,9.902570000000000539e-01,-3.103259999999999907e-01,7.352410000000000334e-01,3.782179999999999986e-01,-1.202884000000000064e+00,-2.338210000000000011e-01,1.117764999999999898e+00,-2.044436999999999838e+00,-3.064503000000000199e+00,1.882813999999999988e+00,-1.318149999999999877e-01,7.352410000000000334e-01,8.882499999999999840e-01,-9.988700000000000356e-01,1.576794999999999947e+00,8.882499999999999840e-01,2.252079999999999915e-01,-4.888379999999999947e-01,4.547229999999999883e-01,-1.318149999999999877e-01,3.017130000000000090e-01,1.194269999999999943e+00,6.587359999999999882e-01,4.292210000000000192e-01,-3.358280000000000154e-01,1.232010000000000050e-01,-1.126379000000000019e+00,-5.143389999999999906e-01,6.587359999999999882e-01,-5.530999999999999805e-02,-4.633360000000000256e-01,4.802239999999999842e-01,9.392540000000000333e-01,-6.928509999999999946e-01,1.041260000000000074e+00,1.678800999999999988e+00,-3.064503000000000199e+00,-5.530999999999999805e-02,2.252079999999999915e-01,1.270774999999999988e+00,2.188833999999999946e+00,-5.398410000000000153e-01,-1.573170000000000124e-01,5.312280000000000335e-01,2.762109999999999843e-01,7.219799999999999829e-02,-6.928509999999999946e-01,7.097390000000000088e-01,4.037189999999999945e-01,-4.888379999999999947e-01,-8.081199999999999495e-02,-2.338210000000000011e-01,-8.458609999999999740e-01,3.272140000000000049e-01,2.119499999999999856e-02,-4.888379999999999947e-01,7.352410000000000334e-01,9.392540000000000333e-01,5.312280000000000335e-01,4.802239999999999842e-01,-3.613299999999999845e-01,-7.183530000000000193e-01,-8.081199999999999495e-02,4.547229999999999883e-01,1.398282999999999943e+00,-3.613299999999999845e-01,2.119499999999999856e-02,5.057260000000000089e-01,1.219772000000000078e+00,9.137520000000000087e-01,-2.783984999999999932e+00,-6.673489999999999700e-01,1.296276999999999902e+00,1.831811000000000078e+00,-2.095441000000000109e+00,-3.345021000000000022e+00,1.219772000000000078e+00,1.117764999999999898e+00,4.292210000000000192e-01,1.704302999999999901e+00,1.576794999999999947e+00,8.372469999999999635e-01,1.092262999999999984e+00,-1.177381999999999929e+00,-1.738418000000000019e+00,5.057260000000000089e-01,7.097390000000000088e-01,-1.406897000000000064e+00,-5.398410000000000153e-01,-4.633360000000000256e-01,-8.081199999999999495e-02,1.372781000000000029e+00,8.882499999999999840e-01,9.902570000000000539e-01,6.077320000000000499e-01,5.057260000000000089e-01,-2.593230000000000257e-01,-6.163459999999999495e-01,4.802239999999999842e-01,-8.081199999999999495e-02,-4.888379999999999947e-01,1.232010000000000050e-01,7.219799999999999829e-02,-1.063130000000000047e-01,9.137520000000000087e-01,-4.307000000000000065e-03,1.232010000000000050e-01,4.547229999999999883e-01,3.285404000000000213e+00,-1.712916000000000105e+00,-7.935315000000000119e+00,1.500289999999999901e+00,1.653299000000000074e+00,1.525790999999999897e+00,1.194269999999999943e+00,1.831811000000000078e+00,1.678800999999999988e+00,-1.967932999999999932e+00,3.527159999999999740e-01,2.367344999999999811e+00,-2.911493000000000109e+00,-3.064503000000000199e+00,1.143267000000000033e+00,5.312280000000000335e-01,4.292210000000000192e-01,1.423785000000000078e+00,2.035823999999999856e+00,6.077320000000000499e-01,-2.848249999999999948e-01,6.077320000000000499e-01,-2.593230000000000257e-01,-7.438540000000000152e-01,-2.980800000000000116e-02,4.037189999999999945e-01,-9.988700000000000356e-01,-5.398410000000000153e-01,-5.653430000000000399e-01,1.602295999999999943e+00,3.017130000000000090e-01,-2.980800000000000116e-02,8.882499999999999840e-01,7.352410000000000334e-01,3.017130000000000090e-01,9.769999999999999518e-02,3.183396999999999810e+00,-3.103259999999999907e-01,-7.195767000000000024e+00,-6.673489999999999700e-01,1.576794999999999947e+00,7.607420000000000293e-01,9.392540000000000333e-01,2.469352000000000213e+00,3.336406999999999901e+00,4.292210000000000192e-01,-2.630974999999999842e+00,-1.840424000000000060e+00,1.232010000000000050e-01,6.332339999999999636e-01,1.296276999999999902e+00,-4.307000000000000065e-03,9.769999999999999518e-02,-5.908440000000000358e-01,-3.868309999999999804e-01,4.037189999999999945e-01,9.647550000000000292e-01,-5.143389999999999906e-01,3.017130000000000090e-01,1.168768000000000029e+00,-1.202884000000000064e+00,-2.375958999999999932e+00,3.017130000000000090e-01,1.780807999999999947e+00,1.219772000000000078e+00,5.312280000000000335e-01,9.392540000000000333e-01,-2.980800000000000116e-02,-6.418479999999999741e-01,-4.123330000000000051e-01,3.782179999999999986e-01,4.292210000000000192e-01,-1.304890000000000105e+00,3.272140000000000049e-01,7.862440000000000540e-01,1.321777999999999897e+00,1.015759000000000079e+00,-3.868309999999999804e-01,-3.358280000000000154e-01,-1.024372000000000060e+00,5.057260000000000089e-01,6.842369999999999841e-01,9.769999999999999518e-02,-7.438540000000000152e-01,-5.398410000000000153e-01,-2.980800000000000116e-02,2.119499999999999856e-02,3.272140000000000049e-01,8.882499999999999840e-01,5.312280000000000335e-01,-1.063130000000000047e-01,6.332339999999999636e-01,9.769999999999999518e-02,2.290840000000000209e+00,1.232010000000000050e-01,-4.212075999999999709e+00,-3.600036999999999932e+00,2.188833999999999946e+00,1.525790999999999897e+00,1.168768000000000029e+00,1.602295999999999943e+00,1.576794999999999947e+00,1.321777999999999897e+00,3.527159999999999740e-01,-1.024372000000000060e+00,-2.083200000000000052e-01,-2.848249999999999948e-01,2.762109999999999843e-01,-2.593230000000000257e-01,-1.304890000000000105e+00,-2.579972000000000154e+00,-4.123330000000000051e-01,1.041260000000000074e+00,1.117764999999999898e+00,1.602295999999999943e+00,6.842369999999999841e-01,1.742049999999999987e-01,5.822310000000000541e-01,-4.888379999999999947e-01,-7.948570000000000357e-01,1.984820999999999946e+00,4.547229999999999883e-01,-2.273951999999999973e+00,-7.948570000000000357e-01,1.041260000000000074e+00,8.117459999999999676e-01,1.704302999999999901e+00,1.742049999999999987e-01,8.117459999999999676e-01,-7.948570000000000357e-01,-1.318149999999999877e-01,1.143267000000000033e+00,-1.789420999999999928e+00,-1.508903000000000105e+00,9.137520000000000087e-01,1.296276999999999902e+00,7.097390000000000088e-01,8.627489999999999881e-01,-9.988700000000000356e-01,-4.888379999999999947e-01,9.137520000000000087e-01,1.168768000000000029e+00,-8.081199999999999495e-02,1.997059999999999946e-01,1.487030000000000018e-01,4.547229999999999883e-01,5.057260000000000089e-01,7.219799999999999829e-02,-1.738418000000000019e+00,5.312280000000000335e-01,7.097390000000000088e-01,1.487030000000000018e-01,-2.324955000000000105e+00,3.527159999999999740e-01,4.802239999999999842e-01,1.092262999999999984e+00,1.092262999999999984e+00,4.292210000000000192e-01,4.037189999999999945e-01,4.802239999999999842e-01,6.587359999999999882e-01,6.587359999999999882e-01,-8.458609999999999740e-01,-1.381394999999999929e+00,-8.458609999999999740e-01,-1.202884000000000064e+00,1.755306000000000033e+00,4.802239999999999842e-01,-6.673489999999999700e-01,-5.653430000000000399e-01,1.143267000000000033e+00,1.449286000000000074e+00,3.527159999999999740e-01,-9.733690000000000397e-01,9.392540000000000333e-01,1.372781000000000029e+00,-4.378349999999999742e-01,-2.083200000000000052e-01,2.119499999999999856e-02,7.097390000000000088e-01,-1.828180000000000083e-01,9.769999999999999518e-02,7.219799999999999829e-02,-2.426962000000000064e+00,-7.693560000000000398e-01,1.627798000000000078e+00,1.449286000000000074e+00,6.077320000000000499e-01,2.252079999999999915e-01,3.527159999999999740e-01,4.037189999999999945e-01,2.252079999999999915e-01,1.232010000000000050e-01,-1.318149999999999877e-01,-8.081199999999999495e-02,2.119499999999999856e-02,4.669600000000000140e-02,2.252079999999999915e-01,7.352410000000000334e-01,-8.081199999999999495e-02,-8.203589999999999494e-01,-3.103259999999999907e-01,1.372781000000000029e+00,-3.613299999999999845e-01,-5.653430000000000399e-01,-8.968639999999999946e-01,-1.049873999999999974e+00,2.010321999999999942e+00,2.252079999999999915e-01,-2.593230000000000257e-01,1.449286000000000074e+00,1.729803999999999897e+00,4.547229999999999883e-01,-2.980800000000000116e-02,-3.103259999999999907e-01,1.742049999999999987e-01,-5.653430000000000399e-01,-5.908440000000000358e-01,-5.653430000000000399e-01,-4.888379999999999947e-01,-1.355893000000000015e+00,1.627798000000000078e+00,9.902570000000000539e-01,-3.358280000000000154e-01,4.802239999999999842e-01,1.015759000000000079e+00,1.729803999999999897e+00,-1.738418000000000019e+00,-1.151880000000000015e+00,6.587359999999999882e-01,9.647550000000000292e-01,1.219772000000000078e+00,9.769999999999999518e-02,2.507099999999999884e-01,-1.828180000000000083e-01,2.252079999999999915e-01,4.037189999999999945e-01,-1.573170000000000124e-01,-1.457899999999999974e+00,-1.228385000000000060e+00,7.862440000000000540e-01,5.057260000000000089e-01,1.232010000000000050e-01,2.119499999999999856e-02,7.352410000000000334e-01,1.984820999999999946e+00,5.567290000000000294e-01,-1.508903000000000105e+00,1.997059999999999946e-01,9.769999999999999518e-02,9.647550000000000292e-01,5.057260000000000089e-01,2.252079999999999915e-01,-8.081199999999999495e-02,1.997059999999999946e-01,-1.828180000000000083e-01,3.782179999999999986e-01,1.742049999999999987e-01,-1.063130000000000047e-01,-3.358280000000000154e-01,-3.868309999999999804e-01,-2.593230000000000257e-01,5.057260000000000089e-01,-2.338210000000000011e-01,5.312280000000000335e-01,1.729803999999999897e+00,-1.828180000000000083e-01,-2.083200000000000052e-01,2.252079999999999915e-01,-3.358280000000000154e-01,-1.304890000000000105e+00,9.137520000000000087e-01,6.077320000000000499e-01,4.802239999999999842e-01,9.647550000000000292e-01,1.398282999999999943e+00,1.245273000000000074e+00,-1.177381999999999929e+00,-1.304890000000000105e+00,-1.318149999999999877e-01,-1.840424000000000060e+00,-4.888379999999999947e-01,1.398282999999999943e+00,4.547229999999999883e-01,-5.143389999999999906e-01,6.077320000000000499e-01,4.669600000000000140e-02,4.669600000000000140e-02,8.627489999999999881e-01,9.137520000000000087e-01,6.332339999999999636e-01,7.862440000000000540e-01,-5.653430000000000399e-01,-1.636411000000000060e+00,-6.163459999999999495e-01,7.607420000000000293e-01,1.143267000000000033e+00,1.117764999999999898e+00,1.232010000000000050e-01,-8.081199999999999495e-02,-8.081199999999999495e-02,1.742049999999999987e-01,3.272140000000000049e-01,-6.163459999999999495e-01,-4.307000000000000065e-03,-1.828180000000000083e-01,1.232010000000000050e-01,-4.307000000000000065e-03,9.647550000000000292e-01,3.782179999999999986e-01,6.842369999999999841e-01,6.077320000000000499e-01,4.292210000000000192e-01,1.168768000000000029e+00,-6.928509999999999946e-01,-1.814923000000000064e+00,-8.968639999999999946e-01,5.822310000000000541e-01,1.092262999999999984e+00,7.097390000000000088e-01,-1.063130000000000047e-01,8.117459999999999676e-01,9.769999999999999518e-02,-7.948570000000000357e-01,8.627489999999999881e-01,7.862440000000000540e-01,-1.318149999999999877e-01,-4.633360000000000256e-01,-5.143389999999999906e-01,6.587359999999999882e-01,7.352410000000000334e-01,9.769999999999999518e-02,-2.848249999999999948e-01,4.802239999999999842e-01,1.997059999999999946e-01,-1.063130000000000047e-01,-5.530999999999999805e-02,3.527159999999999740e-01,5.312280000000000335e-01,5.312280000000000335e-01,1.232010000000000050e-01,-4.888379999999999947e-01,6.842369999999999841e-01,5.312280000000000335e-01,-4.123330000000000051e-01,3.272140000000000049e-01,3.527159999999999740e-01,4.669600000000000140e-02,2.119499999999999856e-02,4.802239999999999842e-01,5.567290000000000294e-01,7.219799999999999829e-02,-1.100877000000000105e+00,7.607420000000000293e-01,1.997059999999999946e-01,1.041260000000000074e+00,-8.968639999999999946e-01,-2.732981999999999800e+00,7.097390000000000088e-01,1.551293000000000033e+00,5.057260000000000089e-01,4.292210000000000192e-01,1.143267000000000033e+00,1.168768000000000029e+00,7.219799999999999829e-02,-2.848249999999999948e-01,3.527159999999999740e-01,-8.458609999999999740e-01,-5.908440000000000358e-01,5.057260000000000089e-01,9.769999999999999518e-02,3.017130000000000090e-01,6.077320000000000499e-01,3.527159999999999740e-01,-2.338210000000000011e-01,4.802239999999999842e-01,3.017130000000000090e-01,-2.018936000000000064e+00,3.782179999999999986e-01,1.959319000000000033e+00,-1.483402000000000109e+00,-1.202884000000000064e+00,6.842369999999999841e-01,1.780807999999999947e+00,1.041260000000000074e+00,-1.063130000000000047e-01,9.392540000000000333e-01,1.997059999999999946e-01,-1.508903000000000105e+00,4.669600000000000140e-02,1.232010000000000050e-01,8.117459999999999676e-01,5.822310000000000541e-01,6.332339999999999636e-01,9.647550000000000292e-01,-8.081199999999999495e-02,-1.661912999999999974e+00,4.669600000000000140e-02,1.232010000000000050e-01,-1.304890000000000105e+00,4.037189999999999945e-01,2.507099999999999884e-01,4.802239999999999842e-01,1.066761999999999988e+00,-2.593230000000000257e-01,5.567290000000000294e-01,9.647550000000000292e-01,-1.063130000000000047e-01,-7.438540000000000152e-01,-2.848249999999999948e-01,1.423785000000000078e+00,1.474787999999999988e+00,-3.103259999999999907e-01,-7.693560000000000398e-01,4.547229999999999883e-01,-1.318149999999999877e-01,5.567290000000000294e-01,-3.868309999999999804e-01,1.232010000000000050e-01,-1.318149999999999877e-01,-2.593230000000000257e-01,-2.593230000000000257e-01,2.035823999999999856e+00,7.607420000000000293e-01,-9.733690000000000397e-01,-5.908440000000000358e-01,8.882499999999999840e-01,1.117764999999999898e+00,1.232010000000000050e-01,-1.381394999999999929e+00,7.219799999999999829e-02,8.117459999999999676e-01,1.015759000000000079e+00,-4.888379999999999947e-01,4.669600000000000140e-02,3.272140000000000049e-01,1.678800999999999988e+00,7.219799999999999829e-02,-7.183530000000000193e-01,-1.865925999999999974e+00,1.487030000000000018e-01,7.607420000000000293e-01,1.347280000000000033e+00,-9.988700000000000356e-01,-4.888379999999999947e-01,8.117459999999999676e-01,8.627489999999999881e-01,6.332339999999999636e-01,1.997059999999999946e-01,-4.633360000000000256e-01,-3.358280000000000154e-01,4.292210000000000192e-01,6.332339999999999636e-01,2.252079999999999915e-01,-3.613299999999999845e-01,4.547229999999999883e-01,-1.828180000000000083e-01,-2.980800000000000116e-02,-8.968639999999999946e-01,3.527159999999999740e-01,7.862440000000000540e-01,-4.123330000000000051e-01,1.742049999999999987e-01,8.372469999999999635e-01,2.762109999999999843e-01,9.647550000000000292e-01,4.802239999999999842e-01,-2.848249999999999948e-01,4.802239999999999842e-01,5.312280000000000335e-01,-1.457899999999999974e+00,-2.338210000000000011e-01,9.392540000000000333e-01,8.627489999999999881e-01,4.802239999999999842e-01,-9.223660000000000192e-01,-8.081199999999999495e-02,1.117764999999999898e+00,6.842369999999999841e-01,-8.713619999999999699e-01,-5.143389999999999906e-01,-1.828180000000000083e-01,6.077320000000000499e-01,1.194269999999999943e+00,-1.177381999999999929e+00,1.500289999999999901e+00,4.802239999999999842e-01,2.119499999999999856e-02,9.769999999999999518e-02,2.252079999999999915e-01,4.292210000000000192e-01,1.487030000000000018e-01,1.742049999999999987e-01,7.862440000000000540e-01,-3.358280000000000154e-01,-1.763919000000000015e+00,-6.418479999999999741e-01,1.602295999999999943e+00,4.802239999999999842e-01,-1.318149999999999877e-01,4.669600000000000140e-02,6.842369999999999841e-01,2.762109999999999843e-01,7.219799999999999829e-02,8.882499999999999840e-01,-4.123330000000000051e-01,-2.324955000000000105e+00,6.077320000000000499e-01,1.066761999999999988e+00,4.292210000000000192e-01,-2.980800000000000116e-02,1.321777999999999897e+00,-4.123330000000000051e-01,4.669600000000000140e-02,7.352410000000000334e-01,1.117764999999999898e+00,1.117764999999999898e+00,-5.908440000000000358e-01,-1.967932999999999932e+00,-1.126379000000000019e+00,-2.848249999999999948e-01,5.312280000000000335e-01,7.607420000000000293e-01,1.653299000000000074e+00,8.882499999999999840e-01,-1.508903000000000105e+00,-1.304890000000000105e+00,7.219799999999999829e-02,8.882499999999999840e-01,8.372469999999999635e-01,8.627489999999999881e-01,6.842369999999999841e-01,4.292210000000000192e-01,7.097390000000000088e-01,-1.573170000000000124e-01,-1.330392000000000019e+00,2.119499999999999856e-02,2.762109999999999843e-01,-9.478670000000000151e-01,6.842369999999999841e-01,7.219799999999999829e-02,-4.633360000000000256e-01,6.077320000000000499e-01,7.607420000000000293e-01,7.352410000000000334e-01,1.041260000000000074e+00,2.119499999999999856e-02,-4.123330000000000051e-01,-1.151880000000000015e+00,-7.948570000000000357e-01,4.669600000000000140e-02,-3.868309999999999804e-01,1.474787999999999988e+00,1.092262999999999984e+00,2.010321999999999942e+00,1.321777999999999897e+00,-2.273951999999999973e+00,-3.396024000000000154e+00,9.137520000000000087e-01,1.321777999999999897e+00,4.292210000000000192e-01,1.347280000000000033e+00,-5.143389999999999906e-01,-5.530999999999999805e-02,8.372469999999999635e-01,3.527159999999999740e-01,-3.358280000000000154e-01,-2.083200000000000052e-01,-3.868309999999999804e-01,2.762109999999999843e-01,-2.593230000000000257e-01,-1.573170000000000124e-01,3.272140000000000049e-01,4.292210000000000192e-01,5.312280000000000335e-01,2.762109999999999843e-01,2.762109999999999843e-01,1.232010000000000050e-01,6.332339999999999636e-01,-2.083200000000000052e-01,-6.673489999999999700e-01,4.669600000000000140e-02,6.332339999999999636e-01,6.332339999999999636e-01,4.669600000000000140e-02,4.802239999999999842e-01,3.017130000000000090e-01,6.587359999999999882e-01,1.474787999999999988e+00,-2.324955000000000105e+00,-3.268515999999999977e+00,3.017130000000000090e-01,2.035823999999999856e+00,1.678800999999999988e+00,9.769999999999999518e-02,-1.573170000000000124e-01,6.587359999999999882e-01,-5.530999999999999805e-02,3.527159999999999740e-01,1.092262999999999984e+00,-1.126379000000000019e+00,-9.223660000000000192e-01,3.017130000000000090e-01,-8.081199999999999495e-02,-1.406897000000000064e+00,1.321777999999999897e+00,6.332339999999999636e-01,-2.980800000000000116e-02,7.097390000000000088e-01,1.194269999999999943e+00,-7.948570000000000357e-01,-9.223660000000000192e-01,9.392540000000000333e-01,3.527159999999999740e-01,-2.848249999999999948e-01,1.372781000000000029e+00,7.097390000000000088e-01,-6.928509999999999946e-01,-3.358280000000000154e-01,-4.888379999999999947e-01,9.769999999999999518e-02,7.862440000000000540e-01,-2.083200000000000052e-01,2.252079999999999915e-01,6.842369999999999841e-01,9.902570000000000539e-01,-3.103259999999999907e-01,-1.279387999999999970e+00,2.252079999999999915e-01,4.292210000000000192e-01,-2.338210000000000011e-01,7.097390000000000088e-01,6.077320000000000499e-01,4.802239999999999842e-01,-4.123330000000000051e-01,1.232010000000000050e-01,-4.633360000000000256e-01,1.487030000000000018e-01,2.507099999999999884e-01,4.292210000000000192e-01,5.312280000000000335e-01,2.252079999999999915e-01,2.762109999999999843e-01,-1.100877000000000105e+00,-2.593230000000000257e-01,1.143267000000000033e+00,1.015759000000000079e+00,-1.573170000000000124e-01,2.119499999999999856e-02,5.567290000000000294e-01,4.292210000000000192e-01,-9.223660000000000192e-01,-2.848249999999999948e-01,1.194269999999999943e+00,5.822310000000000541e-01,-6.418479999999999741e-01,-3.103259999999999907e-01,-1.228385000000000060e+00,-2.848249999999999948e-01,2.252079999999999915e-01,5.312280000000000335e-01,1.015759000000000079e+00,1.194269999999999943e+00,1.041260000000000074e+00,-4.307000000000000065e-03,-9.733690000000000397e-01,-1.318149999999999877e-01,-2.338210000000000011e-01,-8.081199999999999495e-02,4.292210000000000192e-01,-1.318149999999999877e-01,9.769999999999999518e-02,5.312280000000000335e-01,1.270774999999999988e+00,1.015759000000000079e+00,-7.693560000000000398e-01,3.272140000000000049e-01,-6.928509999999999946e-01,-5.653430000000000399e-01,1.742049999999999987e-01,-1.318149999999999877e-01,1.997059999999999946e-01,8.117459999999999676e-01,9.647550000000000292e-01,9.137520000000000087e-01,-1.100877000000000105e+00,-7.183530000000000193e-01,4.292210000000000192e-01,9.647550000000000292e-01,9.137520000000000087e-01,-1.100877000000000105e+00,-6.163459999999999495e-01,5.567290000000000294e-01,6.587359999999999882e-01,-4.123330000000000051e-01,2.762109999999999843e-01,1.066761999999999988e+00,1.882813999999999988e+00,1.232010000000000050e-01,-1.661912999999999974e+00,-1.789420999999999928e+00,4.292210000000000192e-01,4.037189999999999945e-01,1.143267000000000033e+00,1.321777999999999897e+00,-1.573170000000000124e-01,-8.713619999999999699e-01,-1.063130000000000047e-01,-4.307000000000000065e-03,-6.163459999999999495e-01,1.296276999999999902e+00,-2.593230000000000257e-01,-5.530999999999999805e-02,2.762109999999999843e-01,1.321777999999999897e+00,1.347280000000000033e+00,8.117459999999999676e-01,6.332339999999999636e-01,-4.123330000000000051e-01,-7.183530000000000193e-01,-1.100877000000000105e+00,-2.120941999999999883e+00,8.117459999999999676e-01,4.547229999999999883e-01,1.143267000000000033e+00,8.882499999999999840e-01,8.372469999999999635e-01,-8.968639999999999946e-01,-2.222948999999999842e+00,5.822310000000000541e-01,6.842369999999999841e-01,7.862440000000000540e-01,1.882813999999999988e+00,7.219799999999999829e-02,-1.063130000000000047e-01,3.782179999999999986e-01,7.219799999999999829e-02,-5.908440000000000358e-01,1.997059999999999946e-01,1.487030000000000018e-01,5.567290000000000294e-01,3.782179999999999986e-01,-1.828180000000000083e-01,-1.381394999999999929e+00,-3.868309999999999804e-01,2.252079999999999915e-01,-4.633360000000000256e-01,1.449286000000000074e+00,4.292210000000000192e-01,7.352410000000000334e-01,7.862440000000000540e-01,1.831811000000000078e+00,-5.908440000000000358e-01,-2.528967999999999883e+00,-5.143389999999999906e-01,2.724368000000000123e+00,1.372781000000000029e+00,-2.656477000000000199e+00,-1.865925999999999974e+00,9.902570000000000539e-01,7.862440000000000540e-01,1.245273000000000074e+00,5.567290000000000294e-01,6.587359999999999882e-01,2.507099999999999884e-01,-6.163459999999999495e-01,-1.063130000000000047e-01,2.119499999999999856e-02,-9.223660000000000192e-01,-3.103259999999999907e-01,2.119499999999999856e-02,1.015759000000000079e+00,4.037189999999999945e-01,2.119499999999999856e-02,9.902570000000000539e-01,6.587359999999999882e-01,-2.848249999999999948e-01,-1.814923000000000064e+00,-6.163459999999999495e-01,1.398282999999999943e+00,1.168768000000000029e+00,-9.223660000000000192e-01,-4.123330000000000051e-01,1.627798000000000078e+00,7.219799999999999829e-02,1.449286000000000074e+00,7.862440000000000540e-01,2.762109999999999843e-01,-2.681977999999999973e+00,-1.661912999999999974e+00,5.312280000000000335e-01,1.398282999999999943e+00,1.742049999999999987e-01,2.252079999999999915e-01,1.015759000000000079e+00,4.292210000000000192e-01,-1.304890000000000105e+00,8.117459999999999676e-01,1.372781000000000029e+00,-1.063130000000000047e-01,-6.163459999999999495e-01,3.782179999999999986e-01,2.762109999999999843e-01,4.292210000000000192e-01,3.782179999999999986e-01,-4.378349999999999742e-01,1.742049999999999987e-01,3.017130000000000090e-01,9.769999999999999518e-02,6.842369999999999841e-01,5.312280000000000335e-01,-1.508903000000000105e+00,-1.228385000000000060e+00,8.117459999999999676e-01,1.168768000000000029e+00,1.168768000000000029e+00,2.252079999999999915e-01,1.232010000000000050e-01,3.782179999999999986e-01,7.352410000000000334e-01,-4.378349999999999742e-01,-1.100877000000000105e+00,-4.123330000000000051e-01,9.769999999999999518e-02,9.902570000000000539e-01,8.372469999999999635e-01,-8.081199999999999495e-02,-5.398410000000000153e-01,5.822310000000000541e-01,8.117459999999999676e-01,4.802239999999999842e-01,1.232010000000000050e-01,4.292210000000000192e-01,5.567290000000000294e-01,-3.868309999999999804e-01,-8.458609999999999740e-01,-4.378349999999999742e-01,-1.063130000000000047e-01,4.292210000000000192e-01,4.669600000000000140e-02,-4.633360000000000256e-01,1.742049999999999987e-01,1.143267000000000033e+00,9.137520000000000087e-01,1.500289999999999901e+00,-1.279387999999999970e+00,-5.143389999999999906e-01,8.117459999999999676e-01,-1.318149999999999877e-01,1.742049999999999987e-01,1.997059999999999946e-01,-8.081199999999999495e-02,-4.307000000000000065e-03,3.272140000000000049e-01,8.882499999999999840e-01,-2.083200000000000052e-01,-1.661912999999999974e+00,-4.307000000000000065e-03,4.292210000000000192e-01,6.842369999999999841e-01,8.627489999999999881e-01,-2.848249999999999948e-01,6.842369999999999841e-01,-1.828180000000000083e-01,4.547229999999999883e-01,4.802239999999999842e-01,-4.307000000000000065e-03,-1.075374999999999970e+00,7.097390000000000088e-01,2.061326000000000214e+00,1.117764999999999898e+00,-3.880555000000000199e+00,-1.687415000000000109e+00,7.607420000000000293e-01,1.296276999999999902e+00,1.755306000000000033e+00,7.352410000000000334e-01,-1.828180000000000083e-01,1.487030000000000018e-01,6.587359999999999882e-01,1.232010000000000050e-01,-9.733690000000000397e-01,4.037189999999999945e-01,9.769999999999999518e-02,-1.318149999999999877e-01,4.669600000000000140e-02,-8.081199999999999495e-02,-2.980800000000000116e-02,-1.318149999999999877e-01,4.669600000000000140e-02,4.292210000000000192e-01,8.627489999999999881e-01,1.066761999999999988e+00,2.265338999999999992e+00,-1.202884000000000064e+00,-5.308646999999999672e+00,-2.593230000000000257e-01,7.862440000000000540e-01,9.392540000000000333e-01,1.882813999999999988e+00,2.520354999999999901e+00,1.092262999999999984e+00,-4.307000000000000065e-03,4.547229999999999883e-01,5.057260000000000089e-01,-4.633360000000000256e-01,-1.177381999999999929e+00,-2.707479999999999887e+00,-1.228385000000000060e+00,1.117764999999999898e+00,1.755306000000000033e+00,4.292210000000000192e-01,-1.573170000000000124e-01,1.041260000000000074e+00,5.057260000000000089e-01,5.822310000000000541e-01,1.997059999999999946e-01,-2.848249999999999948e-01,-3.103259999999999907e-01,4.669600000000000140e-02,-2.848249999999999948e-01,1.232010000000000050e-01,2.252079999999999915e-01,-4.378349999999999742e-01,2.762109999999999843e-01,9.902570000000000539e-01,-4.888379999999999947e-01,4.292210000000000192e-01,1.487030000000000018e-01,7.862440000000000540e-01,-7.183530000000000193e-01,4.292210000000000192e-01,3.782179999999999986e-01,-2.044436999999999838e+00,6.587359999999999882e-01,1.143267000000000033e+00,8.372469999999999635e-01,3.017130000000000090e-01,3.017130000000000090e-01,8.117459999999999676e-01,-3.868309999999999804e-01,-1.100877000000000105e+00,1.487030000000000018e-01,6.842369999999999841e-01,6.077320000000000499e-01,-8.081199999999999495e-02,-8.203589999999999494e-01,-2.083200000000000052e-01,-5.530999999999999805e-02,5.822310000000000541e-01,-4.633360000000000256e-01,8.117459999999999676e-01,9.769999999999999518e-02,1.742049999999999987e-01,6.842369999999999841e-01,3.782179999999999986e-01,3.782179999999999986e-01,1.487030000000000018e-01,4.669600000000000140e-02,6.587359999999999882e-01,1.232010000000000050e-01,-1.828180000000000083e-01,-4.123330000000000051e-01,2.507099999999999884e-01,2.762109999999999843e-01,-1.573170000000000124e-01,-5.530999999999999805e-02,9.769999999999999518e-02,2.119499999999999856e-02,8.117459999999999676e-01,-4.888379999999999947e-01,-4.888379999999999947e-01,6.077320000000000499e-01,1.015759000000000079e+00,1.015759000000000079e+00,-9.478670000000000151e-01,2.119499999999999856e-02,1.232010000000000050e-01,3.272140000000000049e-01,1.270774999999999988e+00,4.292210000000000192e-01,-1.279387999999999970e+00,3.272140000000000049e-01,1.092262999999999984e+00,2.507099999999999884e-01,-6.928509999999999946e-01,-3.613299999999999845e-01,2.252079999999999915e-01,5.567290000000000294e-01,2.762109999999999843e-01,3.272140000000000049e-01,-2.980800000000000116e-02,-5.143389999999999906e-01,4.669600000000000140e-02,3.272140000000000049e-01,1.015759000000000079e+00,-2.980800000000000116e-02,-1.151880000000000015e+00,1.232010000000000050e-01,-9.733690000000000397e-01,-1.828180000000000083e-01,2.239837000000000078e+00,1.245273000000000074e+00,2.119499999999999856e-02,-2.069939000000000195e+00,6.077320000000000499e-01,1.398282999999999943e+00,1.500289999999999901e+00,-1.177381999999999929e+00,-8.081199999999999495e-02,1.168768000000000029e+00,-5.398410000000000153e-01,-1.508903000000000105e+00,-2.848249999999999948e-01,-4.888379999999999947e-01,5.057260000000000089e-01,1.780807999999999947e+00,6.077320000000000499e-01,-2.083200000000000052e-01,-4.123330000000000051e-01,1.487030000000000018e-01,6.587359999999999882e-01,4.547229999999999883e-01,2.252079999999999915e-01,2.119499999999999856e-02,8.117459999999999676e-01,-2.848249999999999948e-01,-1.865925999999999974e+00,-2.593230000000000257e-01,9.647550000000000292e-01,1.041260000000000074e+00,5.822310000000000541e-01,-1.063130000000000047e-01,3.272140000000000049e-01,1.487030000000000018e-01,2.119499999999999856e-02,6.587359999999999882e-01,9.769999999999999518e-02,-6.418479999999999741e-01,8.117459999999999676e-01,2.252079999999999915e-01,-8.203589999999999494e-01,1.487030000000000018e-01,-8.081199999999999495e-02,-2.338210000000000011e-01,1.678800999999999988e+00,1.347280000000000033e+00,-2.980800000000000116e-02,-5.530999999999999805e-02,-2.338210000000000011e-01,6.332339999999999636e-01,-1.573170000000000124e-01,1.041260000000000074e+00,-9.988700000000000356e-01,-1.304890000000000105e+00,1.347280000000000033e+00,5.312280000000000335e-01,-3.613299999999999845e-01,-4.888379999999999947e-01,3.017130000000000090e-01,3.017130000000000090e-01,1.117764999999999898e+00,-3.868309999999999804e-01,-5.908440000000000358e-01,1.066761999999999988e+00,5.312280000000000335e-01,7.097390000000000088e-01,-1.828180000000000083e-01,1.742049999999999987e-01,2.762109999999999843e-01,9.769999999999999518e-02,-5.653430000000000399e-01,-1.063130000000000047e-01,3.017130000000000090e-01,-8.081199999999999495e-02,4.669600000000000140e-02,1.997059999999999946e-01,-8.081199999999999495e-02,7.219799999999999829e-02,2.252079999999999915e-01,4.802239999999999842e-01,3.272140000000000049e-01,4.669600000000000140e-02,2.119499999999999856e-02,8.882499999999999840e-01,9.392540000000000333e-01,-1.432398000000000060e+00,-1.279387999999999970e+00,7.352410000000000334e-01,3.017130000000000090e-01,1.041260000000000074e+00,1.806308999999999942e+00,-1.202884000000000064e+00,-9.733690000000000397e-01,1.092262999999999984e+00,5.567290000000000294e-01,5.312280000000000335e-01,9.769999999999999518e-02,-1.075374999999999970e+00,-5.530999999999999805e-02,8.882499999999999840e-01,2.252079999999999915e-01,-4.307000000000000065e-03,4.547229999999999883e-01,9.769999999999999518e-02,-1.304890000000000105e+00,3.017130000000000090e-01,3.272140000000000049e-01,3.782179999999999986e-01,9.392540000000000333e-01,9.392540000000000333e-01,-6.163459999999999495e-01,-2.980800000000000116e-02,4.547229999999999883e-01,-8.081199999999999495e-02,6.077320000000000499e-01,1.997059999999999946e-01,-7.438540000000000152e-01,5.312280000000000335e-01,-2.593230000000000257e-01,-2.083200000000000052e-01,1.742049999999999987e-01,-1.100877000000000105e+00,-2.083200000000000052e-01,1.168768000000000029e+00,1.015759000000000079e+00,5.822310000000000541e-01,-8.081199999999999495e-02,-4.307000000000000065e-03,2.252079999999999915e-01,3.017130000000000090e-01,7.862440000000000540e-01,9.392540000000000333e-01,-6.418479999999999741e-01,-1.075374999999999970e+00,-1.279387999999999970e+00,9.769999999999999518e-02,8.117459999999999676e-01,4.292210000000000192e-01,1.143267000000000033e+00,1.232010000000000050e-01,5.312280000000000335e-01,3.782179999999999986e-01,-2.095441000000000109e+00,-7.693560000000000398e-01,8.882499999999999840e-01,1.066761999999999988e+00,8.627489999999999881e-01,7.352410000000000334e-01,4.292210000000000192e-01,-4.307000000000000065e-03,-3.868309999999999804e-01,-1.318149999999999877e-01,2.762109999999999843e-01,-4.888379999999999947e-01,5.057260000000000089e-01,-2.338210000000000011e-01,-9.478670000000000151e-01,5.312280000000000335e-01,6.842369999999999841e-01,1.194269999999999943e+00,3.782179999999999986e-01,-2.146443999999999797e+00,1.372781000000000029e+00,4.802239999999999842e-01,-2.936995000000000022e+00,7.862440000000000540e-01,1.729803999999999897e+00,9.392540000000000333e-01,7.097390000000000088e-01,2.252079999999999915e-01,2.252079999999999915e-01,6.842369999999999841e-01,-1.063130000000000047e-01,1.997059999999999946e-01,-8.203589999999999494e-01,-2.848249999999999948e-01,-3.358280000000000154e-01,-9.223660000000000192e-01,3.272140000000000049e-01,1.168768000000000029e+00,5.057260000000000089e-01,7.862440000000000540e-01,3.017130000000000090e-01,-8.968639999999999946e-01,1.232010000000000050e-01,7.607420000000000293e-01,2.507099999999999884e-01,-2.848249999999999948e-01,-6.418479999999999741e-01,3.782179999999999986e-01,6.842369999999999841e-01,2.762109999999999843e-01,-8.081199999999999495e-02,8.372469999999999635e-01,9.769999999999999518e-02,8.117459999999999676e-01,1.742049999999999987e-01,-7.438540000000000152e-01,-1.406897000000000064e+00,5.057260000000000089e-01,1.742049999999999987e-01,4.547229999999999883e-01,1.576794999999999947e+00,8.627489999999999881e-01,-6.163459999999999495e-01,-6.928509999999999946e-01,8.627489999999999881e-01,-1.100877000000000105e+00,7.352410000000000334e-01,9.647550000000000292e-01,8.372469999999999635e-01,4.547229999999999883e-01,2.252079999999999915e-01,2.507099999999999884e-01,-1.828180000000000083e-01,-6.418479999999999741e-01,2.119499999999999856e-02,-3.358280000000000154e-01,-1.318149999999999877e-01,3.272140000000000049e-01,3.017130000000000090e-01,6.587359999999999882e-01,6.587359999999999882e-01,-3.358280000000000154e-01,-3.613299999999999845e-01,2.507099999999999884e-01,9.769999999999999518e-02,1.742049999999999987e-01,8.372469999999999635e-01,2.119499999999999856e-02,4.292210000000000192e-01,1.755306000000000033e+00,-2.980800000000000116e-02,-2.936995000000000022e+00,-1.661912999999999974e+00,1.117764999999999898e+00,2.137830000000000119e+00,1.015759000000000079e+00,7.352410000000000334e-01,1.997059999999999946e-01,-2.593230000000000257e-01,-5.908440000000000358e-01,1.997059999999999946e-01,2.119499999999999856e-02,-8.081199999999999495e-02,-8.081199999999999495e-02,-1.828180000000000083e-01,-1.318149999999999877e-01,6.077320000000000499e-01,7.352410000000000334e-01,9.769999999999999518e-02,7.219799999999999829e-02,5.312280000000000335e-01,3.272140000000000049e-01,-2.083200000000000052e-01,-4.123330000000000051e-01,5.822310000000000541e-01,4.037189999999999945e-01,-7.693560000000000398e-01,5.822310000000000541e-01,9.137520000000000087e-01,-5.143389999999999906e-01,-1.151880000000000015e+00,1.066761999999999988e+00,1.245273000000000074e+00,-1.573170000000000124e-01,-8.713619999999999699e-01,2.762109999999999843e-01,3.272140000000000049e-01,6.587359999999999882e-01,8.882499999999999840e-01,-6.928509999999999946e-01,-5.398410000000000153e-01,5.057260000000000089e-01,8.372469999999999635e-01,-7.183530000000000193e-01,-3.358280000000000154e-01,-4.378349999999999742e-01,1.487030000000000018e-01,1.041260000000000074e+00,1.041260000000000074e+00,-2.083200000000000052e-01,-8.081199999999999495e-02,7.097390000000000088e-01,-8.458609999999999740e-01,-1.202884000000000064e+00,-1.318149999999999877e-01,9.902570000000000539e-01,7.607420000000000293e-01,7.352410000000000334e-01,8.627489999999999881e-01,1.997059999999999946e-01,-6.163459999999999495e-01,1.117764999999999898e+00,-7.948570000000000357e-01,-1.585407999999999928e+00,1.997059999999999946e-01,4.547229999999999883e-01,7.862440000000000540e-01,5.312280000000000335e-01,4.669600000000000140e-02,3.017130000000000090e-01,2.252079999999999915e-01,8.372469999999999635e-01,2.507099999999999884e-01,-3.358280000000000154e-01,-1.075374999999999970e+00,6.332339999999999636e-01,-6.673489999999999700e-01,-1.202884000000000064e+00,1.219772000000000078e+00,3.782179999999999986e-01,7.352410000000000334e-01,1.296276999999999902e+00,6.587359999999999882e-01,-5.908440000000000358e-01,9.902570000000000539e-01,4.802239999999999842e-01,4.037189999999999945e-01,-1.712916000000000105e+00,-9.478670000000000151e-01,5.057260000000000089e-01,7.862440000000000540e-01,1.997059999999999946e-01,1.015759000000000079e+00,4.802239999999999842e-01,-1.304890000000000105e+00,-1.318149999999999877e-01,6.077320000000000499e-01,6.077320000000000499e-01,-1.151880000000000015e+00,1.398282999999999943e+00,-8.081199999999999495e-02,-6.418479999999999741e-01,5.057260000000000089e-01,1.742049999999999987e-01,8.117459999999999676e-01,3.527159999999999740e-01,-6.163459999999999495e-01,-2.593230000000000257e-01,9.392540000000000333e-01,9.137520000000000087e-01,-1.814923000000000064e+00,4.669600000000000140e-02,4.547229999999999883e-01,6.842369999999999841e-01,1.015759000000000079e+00,9.647550000000000292e-01,-6.418479999999999741e-01,-1.432398000000000060e+00,-4.378349999999999742e-01,3.782179999999999986e-01,3.527159999999999740e-01,-8.081199999999999495e-02,7.352410000000000334e-01,5.312280000000000335e-01,-8.081199999999999495e-02,3.782179999999999986e-01,3.782179999999999986e-01,9.769999999999999518e-02,4.037189999999999945e-01,5.822310000000000541e-01,5.057260000000000089e-01,-2.707479999999999887e+00,-9.733690000000000397e-01,1.347280000000000033e+00,1.602295999999999943e+00,1.117764999999999898e+00,3.017130000000000090e-01,4.802239999999999842e-01,-3.103259999999999907e-01,-5.530999999999999805e-02,-1.318149999999999877e-01,-4.633360000000000256e-01,2.507099999999999884e-01,-7.948570000000000357e-01,5.822310000000000541e-01,4.802239999999999842e-01,3.782179999999999986e-01,5.057260000000000089e-01,-4.307000000000000065e-03,-1.712916000000000105e+00,7.219799999999999829e-02,1.066761999999999988e+00,1.449286000000000074e+00,3.782179999999999986e-01,-3.613299999999999845e-01,2.762109999999999843e-01,-9.478670000000000151e-01,3.782179999999999986e-01,5.057260000000000089e-01,6.332339999999999636e-01,6.077320000000000499e-01,-2.593230000000000257e-01,-3.103259999999999907e-01,3.272140000000000049e-01,-2.848249999999999948e-01,-2.338210000000000011e-01,1.997059999999999946e-01,-8.081199999999999495e-02,9.769999999999999518e-02,3.272140000000000049e-01,3.272140000000000049e-01,-1.573170000000000124e-01,6.842369999999999841e-01,6.587359999999999882e-01,9.769999999999999518e-02,-5.398410000000000153e-01,4.802239999999999842e-01,5.567290000000000294e-01,-6.928509999999999946e-01,-5.530999999999999805e-02,8.117459999999999676e-01,9.137520000000000087e-01,-4.307000000000000065e-03,-6.418479999999999741e-01,1.449286000000000074e+00,-6.928509999999999946e-01,-3.421526000000000067e+00,8.117459999999999676e-01,5.822310000000000541e-01,9.392540000000000333e-01,7.097390000000000088e-01,1.321777999999999897e+00,4.037189999999999945e-01,-8.081199999999999495e-02,-3.103259999999999907e-01,-3.358280000000000154e-01,-5.398410000000000153e-01,3.782179999999999986e-01,-1.318149999999999877e-01,3.272140000000000049e-01,3.017130000000000090e-01,1.742049999999999987e-01,2.507099999999999884e-01,-1.828180000000000083e-01,9.769999999999999518e-02,-1.318149999999999877e-01,3.017130000000000090e-01,4.037189999999999945e-01,4.547229999999999883e-01,3.272140000000000049e-01,-1.573170000000000124e-01,5.822310000000000541e-01,-5.653430000000000399e-01,-6.163459999999999495e-01,1.997059999999999946e-01,1.041260000000000074e+00,-8.081199999999999495e-02,-3.868309999999999804e-01,5.057260000000000089e-01,8.117459999999999676e-01,5.057260000000000089e-01,-1.024372000000000060e+00,-2.593230000000000257e-01,4.802239999999999842e-01,-5.530999999999999805e-02,9.902570000000000539e-01,4.547229999999999883e-01,3.017130000000000090e-01,1.487030000000000018e-01,-4.378349999999999742e-01,-5.653430000000000399e-01,-1.318149999999999877e-01,-8.081199999999999495e-02,7.862440000000000540e-01,6.842369999999999841e-01,3.017130000000000090e-01,6.077320000000000499e-01,-2.338210000000000011e-01,9.769999999999999518e-02,-8.713619999999999699e-01,-3.613299999999999845e-01,7.607420000000000293e-01,1.423785000000000078e+00,5.312280000000000335e-01,9.392540000000000333e-01,-8.968639999999999946e-01,-1.330392000000000019e+00,1.997059999999999946e-01,3.017130000000000090e-01,-2.083200000000000052e-01,7.219799999999999829e-02,1.117764999999999898e+00,2.252079999999999915e-01,4.292210000000000192e-01,-2.083200000000000052e-01,1.232010000000000050e-01,2.252079999999999915e-01,-1.318149999999999877e-01,-8.081199999999999495e-02,4.669600000000000140e-02,-1.318149999999999877e-01,3.017130000000000090e-01,1.041260000000000074e+00,-4.378349999999999742e-01,-8.203589999999999494e-01,7.097390000000000088e-01,3.272140000000000049e-01,2.762109999999999843e-01,5.057260000000000089e-01,-1.828180000000000083e-01,6.332339999999999636e-01,5.822310000000000541e-01,7.219799999999999829e-02,-5.530999999999999805e-02,-2.338210000000000011e-01,-3.868309999999999804e-01,-5.530999999999999805e-02,-4.888379999999999947e-01,1.487030000000000018e-01,3.527159999999999740e-01,7.862440000000000540e-01,5.822310000000000541e-01,6.077320000000000499e-01,3.782179999999999986e-01,-2.593230000000000257e-01,-3.613299999999999845e-01,-2.848249999999999948e-01,1.742049999999999987e-01,1.487030000000000018e-01,3.527159999999999740e-01,-8.081199999999999495e-02,3.527159999999999740e-01,3.017130000000000090e-01,9.769999999999999518e-02,6.587359999999999882e-01,4.037189999999999945e-01,-2.848249999999999948e-01,-8.968639999999999946e-01,-3.103259999999999907e-01,-4.378349999999999742e-01,8.627489999999999881e-01,7.862440000000000540e-01,1.602295999999999943e+00,3.527159999999999740e-01,-1.559906000000000015e+00,3.017130000000000090e-01,7.352410000000000334e-01,4.037189999999999945e-01,-3.358280000000000154e-01,5.567290000000000294e-01,5.057260000000000089e-01,6.077320000000000499e-01,-5.530999999999999805e-02,-9.223660000000000192e-01,-8.081199999999999495e-02,3.527159999999999740e-01,-1.049873999999999974e+00,1.487030000000000018e-01,1.117764999999999898e+00,7.607420000000000293e-01,2.507099999999999884e-01,7.352410000000000334e-01,8.117459999999999676e-01,-5.398410000000000153e-01,-8.203589999999999494e-01,4.802239999999999842e-01,3.017130000000000090e-01,1.742049999999999987e-01,-5.530999999999999805e-02,1.742049999999999987e-01,1.742049999999999987e-01,2.119499999999999856e-02,-8.081199999999999495e-02,1.742049999999999987e-01,1.487030000000000018e-01,6.842369999999999841e-01,6.077320000000000499e-01,-1.318149999999999877e-01,-3.613299999999999845e-01,9.769999999999999518e-02,1.997059999999999946e-01,2.119499999999999856e-02,2.119499999999999856e-02,2.119499999999999856e-02,4.547229999999999883e-01,1.742049999999999987e-01,-1.573170000000000124e-01,1.742049999999999987e-01,7.862440000000000540e-01,1.232010000000000050e-01,7.219799999999999829e-02,4.669600000000000140e-02,2.252079999999999915e-01,2.507099999999999884e-01,2.119499999999999856e-02,-6.673489999999999700e-01,2.119499999999999856e-02,1.168768000000000029e+00,5.822310000000000541e-01,-2.083200000000000052e-01,4.547229999999999883e-01,2.119499999999999856e-02,-1.573170000000000124e-01,-1.318149999999999877e-01,-1.355893000000000015e+00,-2.338210000000000011e-01,9.902570000000000539e-01,7.607420000000000293e-01,5.822310000000000541e-01,-3.358280000000000154e-01,1.321777999999999897e+00,1.296276999999999902e+00,-8.713619999999999699e-01,4.802239999999999842e-01,3.527159999999999740e-01,-1.063130000000000047e-01,-3.613299999999999845e-01,1.997059999999999946e-01,4.547229999999999883e-01,1.232010000000000050e-01,-8.081199999999999495e-02,3.272140000000000049e-01,-1.177381999999999929e+00,-7.438540000000000152e-01,4.292210000000000192e-01,4.037189999999999945e-01,4.547229999999999883e-01,3.782179999999999986e-01,2.762109999999999843e-01,6.077320000000000499e-01,4.802239999999999842e-01,1.041260000000000074e+00,5.057260000000000089e-01,-8.081199999999999495e-02,-2.083200000000000052e-01,-1.661912999999999974e+00,-1.151880000000000015e+00,7.862440000000000540e-01,9.392540000000000333e-01,7.862440000000000540e-01,8.117459999999999676e-01,2.507099999999999884e-01,-6.928509999999999946e-01,4.037189999999999945e-01,3.272140000000000049e-01,-8.968639999999999946e-01,4.802239999999999842e-01,1.487030000000000018e-01,9.769999999999999518e-02,5.057260000000000089e-01,1.997059999999999946e-01,5.312280000000000335e-01,1.742049999999999987e-01,-2.593230000000000257e-01,-8.968639999999999946e-01,-2.593230000000000257e-01,4.802239999999999842e-01,1.997059999999999946e-01,3.527159999999999740e-01,1.143267000000000033e+00,-2.338210000000000011e-01,-7.183530000000000193e-01,2.762109999999999843e-01,8.117459999999999676e-01,7.097390000000000088e-01,9.769999999999999518e-02,-8.081199999999999495e-02,6.077320000000000499e-01,4.547229999999999883e-01,-7.693560000000000398e-01,-5.143389999999999906e-01,2.507099999999999884e-01,1.742049999999999987e-01,5.057260000000000089e-01,-5.530999999999999805e-02,-5.908440000000000358e-01,6.587359999999999882e-01,4.037189999999999945e-01,3.017130000000000090e-01,5.312280000000000335e-01,1.742049999999999987e-01,5.312280000000000335e-01,4.547229999999999883e-01,-1.279387999999999970e+00,-1.789420999999999928e+00,-5.398410000000000153e-01,4.802239999999999842e-01,1.117764999999999898e+00,8.372469999999999635e-01,1.143267000000000033e+00,9.137520000000000087e-01,-2.980800000000000116e-02,3.272140000000000049e-01,-8.081199999999999495e-02,6.077320000000000499e-01,-3.868309999999999804e-01,-1.573170000000000124e-01,-1.318149999999999877e-01,-4.307000000000000065e-03,1.232010000000000050e-01,-3.358280000000000154e-01,-3.358280000000000154e-01,-2.980800000000000116e-02,5.822310000000000541e-01,9.902570000000000539e-01,-4.633360000000000256e-01,-1.406897000000000064e+00,3.272140000000000049e-01,1.066761999999999988e+00,7.352410000000000334e-01,7.352410000000000334e-01,-3.868309999999999804e-01,5.567290000000000294e-01,2.252079999999999915e-01,1.232010000000000050e-01,8.117459999999999676e-01,1.487030000000000018e-01,-9.733690000000000397e-01,-7.183530000000000193e-01,1.742049999999999987e-01,6.077320000000000499e-01,9.647550000000000292e-01,-4.888379999999999947e-01,-8.203589999999999494e-01,4.547229999999999883e-01,7.097390000000000088e-01,1.232010000000000050e-01,-4.307000000000000065e-03,4.669600000000000140e-02,-4.307000000000000065e-03,2.119499999999999856e-02,4.802239999999999842e-01,9.392540000000000333e-01,8.882499999999999840e-01,-5.530999999999999805e-02,2.762109999999999843e-01,-6.418479999999999741e-01,-1.355893000000000015e+00,-4.307000000000000065e-03,4.292210000000000192e-01,3.017130000000000090e-01,6.332339999999999636e-01,2.762109999999999843e-01,3.782179999999999986e-01,8.372469999999999635e-01,7.607420000000000293e-01,2.507099999999999884e-01,-1.330392000000000019e+00,-1.304890000000000105e+00,3.272140000000000049e-01,1.398282999999999943e+00,1.092262999999999984e+00,-6.163459999999999495e-01,1.487030000000000018e-01,4.802239999999999842e-01,-4.123330000000000051e-01,-1.381394999999999929e+00,5.822310000000000541e-01,-3.613299999999999845e-01,-5.398410000000000153e-01,1.551293000000000033e+00,2.112328999999999901e+00,2.596859999999999946e+00,-4.123330000000000051e-01,-1.687415000000000109e+00,-3.358280000000000154e-01,-2.848249999999999948e-01,1.487030000000000018e-01,-4.307000000000000065e-03,1.487030000000000018e-01,1.742049999999999987e-01,2.119499999999999856e-02,8.627489999999999881e-01,5.822310000000000541e-01,-4.633360000000000256e-01,-5.653430000000000399e-01,-3.103259999999999907e-01,-1.063130000000000047e-01,5.822310000000000541e-01,5.567290000000000294e-01,4.802239999999999842e-01,7.862440000000000540e-01,8.117459999999999676e-01,4.292210000000000192e-01,-1.483402000000000109e+00,-1.279387999999999970e+00,5.057260000000000089e-01,5.822310000000000541e-01,1.232010000000000050e-01,1.194269999999999943e+00,-4.378349999999999742e-01,8.627489999999999881e-01,1.232010000000000050e-01,5.057260000000000089e-01,1.232010000000000050e-01,-4.378349999999999742e-01,-1.024372000000000060e+00,4.037189999999999945e-01,1.997059999999999946e-01,1.423785000000000078e+00,-3.103259999999999907e-01,-7.183530000000000193e-01,1.372781000000000029e+00,-2.083200000000000052e-01,-1.318149999999999877e-01,-1.063130000000000047e-01,-1.063130000000000047e-01,-2.848249999999999948e-01,6.332339999999999636e-01,1.997059999999999946e-01,-4.123330000000000051e-01,1.232010000000000050e-01,9.769999999999999518e-02,7.352410000000000334e-01,5.057260000000000089e-01,1.997059999999999946e-01,9.769999999999999518e-02,2.252079999999999915e-01,2.762109999999999843e-01,7.219799999999999829e-02,-2.848249999999999948e-01,1.015759000000000079e+00,2.119499999999999856e-02,-1.100877000000000105e+00,-3.358280000000000154e-01,2.252079999999999915e-01,4.292210000000000192e-01,7.862440000000000540e-01,1.015759000000000079e+00,8.117459999999999676e-01,-1.381394999999999929e+00,-1.789420999999999928e+00,7.607420000000000293e-01,9.137520000000000087e-01,5.312280000000000335e-01,3.272140000000000049e-01,3.527159999999999740e-01,8.372469999999999635e-01,-1.318149999999999877e-01,-1.457899999999999974e+00,1.117764999999999898e+00,3.782179999999999986e-01,7.219799999999999829e-02,2.507099999999999884e-01,3.017130000000000090e-01,-8.081199999999999495e-02,-3.358280000000000154e-01,3.017130000000000090e-01,-3.103259999999999907e-01,-6.418479999999999741e-01,5.567290000000000294e-01,1.015759000000000079e+00,-2.083200000000000052e-01,3.782179999999999986e-01,2.507099999999999884e-01,2.252079999999999915e-01,4.802239999999999842e-01,-2.083200000000000052e-01,-4.123330000000000051e-01,5.312280000000000335e-01,4.547229999999999883e-01,6.587359999999999882e-01,1.525790999999999897e+00,-3.103259999999999907e-01,-1.049873999999999974e+00,-1.828180000000000083e-01,-1.279387999999999970e+00,-1.585407999999999928e+00,1.117764999999999898e+00,1.678800999999999988e+00,1.729803999999999897e+00,1.041260000000000074e+00,-1.534405000000000019e+00,-1.828180000000000083e-01,5.057260000000000089e-01,3.782179999999999986e-01,4.037189999999999945e-01,-3.613299999999999845e-01,-2.848249999999999948e-01,5.057260000000000089e-01,-1.151880000000000015e+00,-2.980800000000000116e-02,2.010321999999999942e+00,1.296276999999999902e+00,-2.044436999999999838e+00,1.487030000000000018e-01,5.057260000000000089e-01,2.762109999999999843e-01,8.372469999999999635e-01,7.352410000000000334e-01,-8.968639999999999946e-01,-4.307000000000000065e-03,-2.083200000000000052e-01,-2.338210000000000011e-01,6.332339999999999636e-01,3.527159999999999740e-01,2.119499999999999856e-02,1.997059999999999946e-01,6.587359999999999882e-01,1.742049999999999987e-01,-7.693560000000000398e-01,-2.593230000000000257e-01,2.119499999999999856e-02,3.272140000000000049e-01,3.017130000000000090e-01,6.332339999999999636e-01,-2.980800000000000116e-02,-5.398410000000000153e-01,9.392540000000000333e-01,1.041260000000000074e+00,-8.458609999999999740e-01,4.669600000000000140e-02,6.587359999999999882e-01,6.842369999999999841e-01,-5.530999999999999805e-02,-1.828180000000000083e-01,-3.358280000000000154e-01,1.742049999999999987e-01,2.119499999999999856e-02,-4.888379999999999947e-01,-7.183530000000000193e-01,-3.613299999999999845e-01,1.245273000000000074e+00,1.041260000000000074e+00,7.097390000000000088e-01,-4.888379999999999947e-01,-4.307000000000000065e-03,4.292210000000000192e-01,-3.358280000000000154e-01,5.567290000000000294e-01,3.272140000000000049e-01,7.219799999999999829e-02,2.762109999999999843e-01,-4.888379999999999947e-01,-1.318149999999999877e-01,6.842369999999999841e-01,1.487030000000000018e-01,-6.928509999999999946e-01,6.332339999999999636e-01,5.312280000000000335e-01,9.392540000000000333e-01,-1.063130000000000047e-01,-9.223660000000000192e-01,-4.378349999999999742e-01,9.769999999999999518e-02,1.487030000000000018e-01,-4.888379999999999947e-01,1.780807999999999947e+00,5.312280000000000335e-01,-1.636411000000000060e+00,7.607420000000000293e-01,2.762109999999999843e-01,4.292210000000000192e-01,-7.693560000000000398e-01,-1.573170000000000124e-01,1.742049999999999987e-01,-1.828180000000000083e-01,-3.103259999999999907e-01,9.392540000000000333e-01,3.017130000000000090e-01,3.782179999999999986e-01,1.908315999999999901e+00,6.332339999999999636e-01,-1.063130000000000047e-01,-5.908440000000000358e-01,-3.358280000000000154e-01,-4.888379999999999947e-01,-5.398410000000000153e-01,-1.573170000000000124e-01,2.507099999999999884e-01,-4.307000000000000065e-03,5.312280000000000335e-01,7.607420000000000293e-01,5.312280000000000335e-01,7.219799999999999829e-02,-2.848249999999999948e-01,-3.613299999999999845e-01,1.066761999999999988e+00,-3.868309999999999804e-01,-9.988700000000000356e-01,1.347280000000000033e+00,1.041260000000000074e+00,-2.338210000000000011e-01,-6.673489999999999700e-01,2.119499999999999856e-02,3.527159999999999740e-01,7.862440000000000540e-01,-7.948570000000000357e-01,9.769999999999999518e-02,6.842369999999999841e-01,8.882499999999999840e-01,-5.908440000000000358e-01,-1.075374999999999970e+00,3.527159999999999740e-01,7.607420000000000293e-01,2.762109999999999843e-01,-2.980800000000000116e-02,8.117459999999999676e-01,5.057260000000000089e-01,-9.223660000000000192e-01,-1.202884000000000064e+00,5.822310000000000541e-01,6.587359999999999882e-01,1.270774999999999988e+00,6.332339999999999636e-01,-1.916929000000000105e+00,-1.304890000000000105e+00,8.372469999999999635e-01,6.077320000000000499e-01,1.219772000000000078e+00,1.742049999999999987e-01,7.607420000000000293e-01,6.077320000000000499e-01,9.769999999999999518e-02,-2.593230000000000257e-01,2.762109999999999843e-01,1.232010000000000050e-01,-1.049873999999999974e+00,-4.633360000000000256e-01,1.997059999999999946e-01,6.842369999999999841e-01,3.527159999999999740e-01,7.607420000000000293e-01,-2.083200000000000052e-01,-1.126379000000000019e+00,-2.338210000000000011e-01,3.272140000000000049e-01,3.782179999999999986e-01,1.092262999999999984e+00,6.842369999999999841e-01,-8.081199999999999495e-02,-8.458609999999999740e-01,7.607420000000000293e-01,1.015759000000000079e+00,-4.888379999999999947e-01,1.232010000000000050e-01,1.742049999999999987e-01,-5.653430000000000399e-01,1.117764999999999898e+00,1.296276999999999902e+00,-1.318149999999999877e-01,2.119499999999999856e-02,3.782179999999999986e-01,-3.358280000000000154e-01,-2.848249999999999948e-01,-2.338210000000000011e-01,-8.458609999999999740e-01,-1.318149999999999877e-01,-2.980800000000000116e-02,7.097390000000000088e-01,1.117764999999999898e+00,5.312280000000000335e-01,1.232010000000000050e-01,1.742049999999999987e-01,1.487030000000000018e-01,-5.398410000000000153e-01,-1.063130000000000047e-01,5.567290000000000294e-01,8.117459999999999676e-01,-4.123330000000000051e-01,-1.828180000000000083e-01,3.017130000000000090e-01,3.017130000000000090e-01,4.669600000000000140e-02,-2.083200000000000052e-01,2.507099999999999884e-01,3.527159999999999740e-01,-2.593230000000000257e-01,1.742049999999999987e-01,5.312280000000000335e-01,7.352410000000000334e-01,-1.063130000000000047e-01,4.292210000000000192e-01,2.119499999999999856e-02,-2.018936000000000064e+00,-1.063130000000000047e-01,1.487030000000000018e-01,9.902570000000000539e-01,6.332339999999999636e-01,8.372469999999999635e-01,2.119499999999999856e-02,2.762109999999999843e-01,-1.828180000000000083e-01,9.769999999999999518e-02,4.292210000000000192e-01,5.312280000000000335e-01,-5.530999999999999805e-02,-7.693560000000000398e-01,5.312280000000000335e-01,4.547229999999999883e-01,-8.713619999999999699e-01,1.742049999999999987e-01,4.292210000000000192e-01,4.802239999999999842e-01,6.332339999999999636e-01,-4.123330000000000051e-01,-4.633360000000000256e-01,5.312280000000000335e-01,-1.318149999999999877e-01,6.077320000000000499e-01,5.057260000000000089e-01,2.762109999999999843e-01,4.292210000000000192e-01,-2.980800000000000116e-02,-1.573170000000000124e-01,-5.530999999999999805e-02,4.547229999999999883e-01,-8.081199999999999495e-02,8.627489999999999881e-01,1.487030000000000018e-01,-3.613299999999999845e-01,3.272140000000000049e-01,-6.928509999999999946e-01,-1.100877000000000105e+00,-4.123330000000000051e-01,9.902570000000000539e-01,5.567290000000000294e-01,1.168768000000000029e+00,1.806308999999999942e+00,-2.980800000000000116e-02,-4.888379999999999947e-01,-5.530999999999999805e-02,-1.828180000000000083e-01,-2.848249999999999948e-01,5.057260000000000089e-01,-2.980800000000000116e-02,9.647550000000000292e-01,7.352410000000000334e-01,8.882499999999999840e-01,-1.279387999999999970e+00,-1.253886999999999974e+00,-3.358280000000000154e-01,3.272140000000000049e-01,8.882499999999999840e-01,1.194269999999999943e+00,3.782179999999999986e-01,-6.928509999999999946e-01,-9.223660000000000192e-01,7.097390000000000088e-01,5.312280000000000335e-01,1.742049999999999987e-01,-8.081199999999999495e-02,6.077320000000000499e-01,-2.980800000000000116e-02,2.252079999999999915e-01,2.252079999999999915e-01,7.219799999999999829e-02,7.352410000000000334e-01,1.487030000000000018e-01,-1.063130000000000047e-01,-1.828180000000000083e-01,7.219799999999999829e-02,7.862440000000000540e-01,-4.123330000000000051e-01,-1.508903000000000105e+00,-7.693560000000000398e-01,1.449286000000000074e+00,1.092262999999999984e+00,-1.573170000000000124e-01,9.647550000000000292e-01,-4.378349999999999742e-01,-6.163459999999999495e-01,1.232010000000000050e-01,2.137830000000000119e+00,1.015759000000000079e+00,-4.123330000000000051e-01,-1.318149999999999877e-01,9.647550000000000292e-01,5.822310000000000541e-01,-1.151880000000000015e+00,-1.432398000000000060e+00,-3.103259999999999907e-01,-7.438540000000000152e-01,1.092262999999999984e+00,1.194269999999999943e+00,1.742049999999999987e-01,-3.868309999999999804e-01,9.392540000000000333e-01,8.372469999999999635e-01,4.547229999999999883e-01,3.527159999999999740e-01,1.245273000000000074e+00,-4.123330000000000051e-01,-9.223660000000000192e-01,-1.828180000000000083e-01,5.312280000000000335e-01,-2.593230000000000257e-01,-8.458609999999999740e-01,9.647550000000000292e-01,-2.083200000000000052e-01,-4.307000000000000065e-03,1.296276999999999902e+00,-8.203589999999999494e-01,1.997059999999999946e-01,9.392540000000000333e-01,6.842369999999999841e-01,4.037189999999999945e-01,-1.063130000000000047e-01,-1.610910000000000064e+00,6.077320000000000499e-01,7.219799999999999829e-02,1.742049999999999987e-01,2.252079999999999915e-01,1.066761999999999988e+00,-6.928509999999999946e-01,-2.083200000000000052e-01,-1.712916000000000105e+00,1.997059999999999946e-01,1.729803999999999897e+00,1.525790999999999897e+00,-2.980800000000000116e-02,-4.378349999999999742e-01,3.017130000000000090e-01,4.547229999999999883e-01,-7.438540000000000152e-01,-8.458609999999999740e-01,3.017130000000000090e-01,4.292210000000000192e-01,2.119499999999999856e-02,4.669600000000000140e-02,1.219772000000000078e+00,2.163332000000000033e+00,-5.908440000000000358e-01,-1.993433999999999928e+00,6.842369999999999841e-01,-1.024372000000000060e+00,-7.948570000000000357e-01,8.372469999999999635e-01,1.321777999999999897e+00,1.882813999999999988e+00,1.232010000000000050e-01,-1.151880000000000015e+00,-1.318149999999999877e-01,8.117459999999999676e-01,-1.573170000000000124e-01,2.507099999999999884e-01,9.392540000000000333e-01,5.057260000000000089e-01,-1.483402000000000109e+00,-8.968639999999999946e-01,7.352410000000000334e-01,1.015759000000000079e+00,7.607420000000000293e-01,-3.613299999999999845e-01,1.232010000000000050e-01,3.782179999999999986e-01,-3.358280000000000154e-01,-8.968639999999999946e-01,1.245273000000000074e+00,9.769999999999999518e-02,3.272140000000000049e-01,3.782179999999999986e-01,9.392540000000000333e-01,8.117459999999999676e-01,-9.988700000000000356e-01,-1.318149999999999877e-01,-8.081199999999999495e-02,-9.478670000000000151e-01,-2.338210000000000011e-01,9.902570000000000539e-01,1.729803999999999897e+00,-1.381394999999999929e+00,-6.928509999999999946e-01,1.143267000000000033e+00,1.398282999999999943e+00,-8.081199999999999495e-02,8.372469999999999635e-01,5.567290000000000294e-01,-1.636411000000000060e+00,-3.358280000000000154e-01,9.392540000000000333e-01,1.232010000000000050e-01,6.077320000000000499e-01,5.057260000000000089e-01,3.782179999999999986e-01,-2.980800000000000116e-02,-2.593230000000000257e-01,4.547229999999999883e-01,-3.868309999999999804e-01,7.219799999999999829e-02,-1.318149999999999877e-01,9.902570000000000539e-01,-3.358280000000000154e-01,-4.123330000000000051e-01,1.066761999999999988e+00,-1.049873999999999974e+00,-3.868309999999999804e-01,1.474787999999999988e+00,-8.081199999999999495e-02,4.669600000000000140e-02,5.822310000000000541e-01,1.576794999999999947e+00,1.704302999999999901e+00,-3.868309999999999804e-01,-6.163459999999999495e-01,-5.908440000000000358e-01,-1.318149999999999877e-01,6.332339999999999636e-01,9.769999999999999518e-02,-2.980800000000000116e-02,1.997059999999999946e-01,-2.593230000000000257e-01,-8.203589999999999494e-01,1.997059999999999946e-01,4.669600000000000140e-02,4.292210000000000192e-01,8.627489999999999881e-01,6.332339999999999636e-01,-1.993433999999999928e+00,-1.049873999999999974e+00,6.332339999999999636e-01,1.066761999999999988e+00,1.296276999999999902e+00,1.653299000000000074e+00,5.567290000000000294e-01,-5.530999999999999805e-02,-8.081199999999999495e-02,1.742049999999999987e-01,-1.573170000000000124e-01,1.232010000000000050e-01,-4.307000000000000065e-03,1.487030000000000018e-01,3.782179999999999986e-01,-1.100877000000000105e+00,3.527159999999999740e-01,-2.980800000000000116e-02,-1.253886999999999974e+00,-2.848249999999999948e-01,1.092262999999999984e+00,2.252079999999999915e-01,-5.530999999999999805e-02,1.143267000000000033e+00,8.627489999999999881e-01,6.587359999999999882e-01,3.782179999999999986e-01,-4.123330000000000051e-01,-1.100877000000000105e+00,4.292210000000000192e-01,-2.593230000000000257e-01,-7.948570000000000357e-01,7.097390000000000088e-01,6.332339999999999636e-01,9.137520000000000087e-01,1.449286000000000074e+00,-6.163459999999999495e-01,-1.381394999999999929e+00,3.527159999999999740e-01,6.332339999999999636e-01,1.232010000000000050e-01,1.232010000000000050e-01,3.272140000000000049e-01,-6.163459999999999495e-01,2.252079999999999915e-01,-4.307000000000000065e-03,-1.573170000000000124e-01,5.312280000000000335e-01,-5.653430000000000399e-01,-2.338210000000000011e-01,1.742049999999999987e-01,2.418347999999999942e+00,3.272140000000000049e-01,-2.197446999999999928e+00,2.507099999999999884e-01,1.857312000000000074e+00,1.602295999999999943e+00,1.487030000000000018e-01,-1.508903000000000105e+00,-4.633360000000000256e-01,-5.530999999999999805e-02,1.321777999999999897e+00,5.822310000000000541e-01,2.119499999999999856e-02,9.769999999999999518e-02,5.057260000000000089e-01,2.119499999999999856e-02,-1.126379000000000019e+00,-3.358280000000000154e-01,3.527159999999999740e-01
2.507099999999999884e-01,2.762109999999999843e-01,4.669600000000000140e-02,-2.980800000000000116e-02,2.119499999999999856e-02,-8.081199999999999495e-02,7.219799999999999829e-02,1.487030000000000018e-01,1.487030000000000018e-01,3.017130000000000090e-01,3.527159999999999740e-01,2.252079999999999915e-01,2.507099999999999884e-01,1.232010000000000050e-01,-8.081199999999999495e-02,2.119499999999999856e-02,4.669600000000000140e-02,7.219799999999999829e-02,1.487030000000000018e-01,1.997059999999999946e-01,2.762109999999999843e-01,2.252079999999999915e-01,1.487030000000000018e-01,9.769999999999999518e-02,2.119499999999999856e-02,9.769999999999999518e-02,4.037189999999999945e-01,2.762109999999999843e-01,2.119499999999999856e-02,-2.980800000000000116e-02,-1.063130000000000047e-01,2.252079999999999915e-01,2.762109999999999843e-01,2.762109999999999843e-01,1.232010000000000050e-01,-1.573170000000000124e-01,4.669600000000000140e-02,4.037189999999999945e-01,1.742049999999999987e-01,-1.318149999999999877e-01,4.802239999999999842e-01,5.057260000000000089e-01,1.232010000000000050e-01,1.487030000000000018e-01,4.669600000000000140e-02,-1.318149999999999877e-01,-8.081199999999999495e-02,3.272140000000000049e-01,2.252079999999999915e-01,2.762109999999999843e-01,3.782179999999999986e-01,-8.081199999999999495e-02,-4.633360000000000256e-01,2.762109999999999843e-01,3.017130000000000090e-01,2.252079999999999915e-01,3.017130000000000090e-01,-2.980800000000000116e-02,1.232010000000000050e-01,1.487030000000000018e-01,1.742049999999999987e-01,2.507099999999999884e-01,3.272140000000000049e-01,9.769999999999999518e-02,1.232010000000000050e-01,4.669600000000000140e-02,1.232010000000000050e-01,3.527159999999999740e-01,1.232010000000000050e-01,1.742049999999999987e-01,-2.980800000000000116e-02,9.769999999999999518e-02,1.997059999999999946e-01,4.669600000000000140e-02,4.669600000000000140e-02,2.252079999999999915e-01,2.252079999999999915e-01,-8.081199999999999495e-02,7.219799999999999829e-02,1.742049999999999987e-01,2.762109999999999843e-01,3.527159999999999740e-01,5.057260000000000089e-01,2.762109999999999843e-01,-1.828180000000000083e-01,-2.338210000000000011e-01,-1.063130000000000047e-01,3.527159999999999740e-01,3.527159999999999740e-01,-1.063130000000000047e-01,2.119499999999999856e-02,4.292210000000000192e-01,1.232010000000000050e-01,1.487030000000000018e-01,-3.868309999999999804e-01,-8.081199999999999495e-02,3.272140000000000049e-01,1.997059999999999946e-01,4.547229999999999883e-01,4.669600000000000140e-02,7.097390000000000088e-01,3.272140000000000049e-01,-5.530999999999999805e-02,1.742049999999999987e-01,1.742049999999999987e-01,-4.307000000000000065e-03,4.669600000000000140e-02,-3.358280000000000154e-01,1.997059999999999946e-01,1.997059999999999946e-01,4.292210000000000192e-01,1.487030000000000018e-01,3.017130000000000090e-01,-3.613299999999999845e-01,3.782179999999999986e-01,-3.358280000000000154e-01,-4.123330000000000051e-01,-8.081199999999999495e-02,5.057260000000000089e-01,1.092262999999999984e+00,1.015759000000000079e+00,5.822310000000000541e-01,-2.338210000000000011e-01,-1.573170000000000124e-01,7.219799999999999829e-02,1.997059999999999946e-01,-1.063130000000000047e-01,-1.828180000000000083e-01,-1.228385000000000060e+00,-1.573170000000000124e-01,1.321777999999999897e+00,1.627798000000000078e+00,8.117459999999999676e-01,-1.573170000000000124e-01,-8.458609999999999740e-01,-7.438540000000000152e-01,-6.673489999999999700e-01,8.372469999999999635e-01,1.627798000000000078e+00,1.423785000000000078e+00,-1.253886999999999974e+00,-5.908440000000000358e-01,3.527159999999999740e-01,1.066761999999999988e+00,1.487030000000000018e-01,-4.307000000000000065e-03,-2.083200000000000052e-01,-2.044436999999999838e+00,-3.103259999999999907e-01,9.137520000000000087e-01,1.092262999999999984e+00,6.587359999999999882e-01,7.607420000000000293e-01,2.252079999999999915e-01,7.219799999999999829e-02,-4.123330000000000051e-01,-6.418479999999999741e-01,-2.338210000000000011e-01,9.769999999999999518e-02,2.163332000000000033e+00,-1.100877000000000105e+00,-1.381394999999999929e+00,-4.123330000000000051e-01,9.647550000000000292e-01,7.352410000000000334e-01,3.272140000000000049e-01,1.602295999999999943e+00,-2.452463999999999977e+00,-4.123330000000000051e-01,1.729803999999999897e+00,1.729803999999999897e+00,1.092262999999999984e+00,4.669600000000000140e-02,-2.338210000000000011e-01,-8.458609999999999740e-01,-8.458609999999999740e-01,8.372469999999999635e-01,5.312280000000000335e-01,-3.358280000000000154e-01,-6.418479999999999741e-01,-1.508903000000000105e+00,-5.143389999999999906e-01,2.443849999999999856e+00,8.627489999999999881e-01,-1.330392000000000019e+00,6.332339999999999636e-01,8.882499999999999840e-01,-2.980800000000000116e-02,-4.307000000000000065e-03,-2.980800000000000116e-02,5.057260000000000089e-01,1.997059999999999946e-01,4.037189999999999945e-01,1.704302999999999901e+00,7.607420000000000293e-01,-9.223660000000000192e-01,-3.141007999999999800e+00,2.507099999999999884e-01,5.312280000000000335e-01,1.551293000000000033e+00,1.232010000000000050e-01,4.669600000000000140e-02,-3.868309999999999804e-01,1.219772000000000078e+00,1.984820999999999946e+00,-1.573170000000000124e-01,-1.687415000000000109e+00,-1.063130000000000047e-01,-4.378349999999999742e-01,1.423785000000000078e+00,-2.848249999999999948e-01,5.822310000000000541e-01,3.527159999999999740e-01,-2.848249999999999948e-01,7.607420000000000293e-01,2.507099999999999884e-01,-1.024372000000000060e+00,-1.049873999999999974e+00,-2.083200000000000052e-01,8.627489999999999881e-01,8.627489999999999881e-01,9.647550000000000292e-01,9.769999999999999518e-02,1.742049999999999987e-01,1.041260000000000074e+00,-1.381394999999999929e+00,-2.299453999999999887e+00,-1.202884000000000064e+00,2.469352000000000213e+00,1.602295999999999943e+00,1.245273000000000074e+00,1.092262999999999984e+00,1.041260000000000074e+00,3.527159999999999740e-01,-1.865925999999999974e+00,-3.613299999999999845e-01,-1.253886999999999974e+00,-2.980800000000000116e-02,2.507099999999999884e-01,-2.605472999999999928e+00,1.653299000000000074e+00,1.806308999999999942e+00,1.576794999999999947e+00,2.214335000000000164e+00,-9.478670000000000151e-01,-2.477965000000000195e+00,1.245273000000000074e+00,1.143267000000000033e+00,-6.163459999999999495e-01,-5.908440000000000358e-01,8.627489999999999881e-01,9.647550000000000292e-01,4.669600000000000140e-02,5.057260000000000089e-01,-6.673489999999999700e-01,-5.143389999999999906e-01,4.292210000000000192e-01,9.392540000000000333e-01,-1.559906000000000015e+00,-1.202884000000000064e+00,9.392540000000000333e-01,1.347280000000000033e+00,9.647550000000000292e-01,-7.438540000000000152e-01,4.669600000000000140e-02,9.137520000000000087e-01,-2.171946000000000154e+00,1.398282999999999943e+00,1.015759000000000079e+00,7.097390000000000088e-01,9.392540000000000333e-01,-1.318149999999999877e-01,-2.018936000000000064e+00,-1.610910000000000064e+00,-8.081199999999999495e-02,4.547229999999999883e-01,-1.063130000000000047e-01,1.474787999999999988e+00,1.398282999999999943e+00,8.882499999999999840e-01,1.232010000000000050e-01,-1.228385000000000060e+00,1.194269999999999943e+00,-3.358280000000000154e-01,-2.083200000000000052e-01,-6.928509999999999946e-01,-4.888379999999999947e-01,8.627489999999999881e-01,-3.103259999999999907e-01,4.802239999999999842e-01,-1.063130000000000047e-01,-1.942431000000000019e+00,-8.081199999999999495e-02,1.780807999999999947e+00,1.117764999999999898e+00,1.997059999999999946e-01,3.017130000000000090e-01,9.902570000000000539e-01,5.822310000000000541e-01,-2.848249999999999948e-01,2.762109999999999843e-01,-6.418479999999999741e-01,-1.814923000000000064e+00,-3.358280000000000154e-01,7.862440000000000540e-01,9.392540000000000333e-01,3.782179999999999986e-01,1.372781000000000029e+00,1.423785000000000078e+00,-2.248451000000000199e+00,-1.355893000000000015e+00,1.143267000000000033e+00,7.219799999999999829e-02,-3.358280000000000154e-01,1.449286000000000074e+00,-2.593230000000000257e-01,1.245273000000000074e+00,6.332339999999999636e-01,-2.593230000000000257e-01,-4.123330000000000051e-01,-5.530999999999999805e-02,9.392540000000000333e-01,4.669600000000000140e-02,-4.888379999999999947e-01,-2.338210000000000011e-01,1.398282999999999943e+00,1.168768000000000029e+00,-2.069939000000000195e+00,-1.508903000000000105e+00,3.527159999999999740e-01,1.296276999999999902e+00,1.041260000000000074e+00,7.352410000000000334e-01,6.587359999999999882e-01,1.997059999999999946e-01,-3.358280000000000154e-01,5.567290000000000294e-01,1.270774999999999988e+00,-4.888379999999999947e-01,-2.299453999999999887e+00,-2.452463999999999977e+00,1.092262999999999984e+00,1.959319000000000033e+00,1.780807999999999947e+00,9.902570000000000539e-01,1.487030000000000018e-01,-3.613299999999999845e-01,-2.338210000000000011e-01,-4.307000000000000065e-03,2.137830000000000119e+00,-3.103259999999999907e-01,-3.868309999999999804e-01,-9.988700000000000356e-01,-5.530999999999999805e-02,-1.177381999999999929e+00,-9.988700000000000356e-01,8.627489999999999881e-01,2.953882999999999814e+00,-1.304890000000000105e+00,-2.044436999999999838e+00,-4.123330000000000051e-01,1.296276999999999902e+00,1.194269999999999943e+00,7.607420000000000293e-01,1.143267000000000033e+00,3.527159999999999740e-01,-1.318149999999999877e-01,4.292210000000000192e-01,-1.828180000000000083e-01,-5.908440000000000358e-01,-1.318149999999999877e-01,1.742049999999999987e-01,-2.980800000000000116e-02,-5.908440000000000358e-01,-2.083200000000000052e-01,-5.143389999999999906e-01,-6.163459999999999495e-01,-6.673489999999999700e-01,3.336406999999999901e+00,3.208899000000000168e+00,-1.840424000000000060e+00,-2.299453999999999887e+00,1.627798000000000078e+00,1.449286000000000074e+00,2.252079999999999915e-01,-4.307000000000000065e-03,2.112328999999999901e+00,2.507099999999999884e-01,-4.186575000000000379e+00,-7.438540000000000152e-01,1.092262999999999984e+00,1.143267000000000033e+00,1.117764999999999898e+00,8.117459999999999676e-01,-2.980800000000000116e-02,-6.673489999999999700e-01,-5.908440000000000358e-01,-5.653430000000000399e-01,-2.083200000000000052e-01,-2.848249999999999948e-01,3.782179999999999986e-01,8.882499999999999840e-01,4.292210000000000192e-01,4.292210000000000192e-01,-1.318149999999999877e-01,7.607420000000000293e-01,5.312280000000000335e-01,-1.432398000000000060e+00,8.372469999999999635e-01,3.527159999999999740e-01,-1.508903000000000105e+00,-2.338210000000000011e-01,9.392540000000000333e-01,1.449286000000000074e+00,-2.593230000000000257e-01,3.527159999999999740e-01,6.077320000000000499e-01,-1.228385000000000060e+00,7.352410000000000334e-01,1.984820999999999946e+00,-1.585407999999999928e+00,-2.338210000000000011e-01,1.347280000000000033e+00,1.678800999999999988e+00,-4.633360000000000256e-01,-1.126379000000000019e+00,-1.381394999999999929e+00,-2.248451000000000199e+00,1.219772000000000078e+00,2.647863000000000078e+00,1.194269999999999943e+00,2.507099999999999884e-01,5.567290000000000294e-01,4.802239999999999842e-01,5.312280000000000335e-01,-1.228385000000000060e+00,-1.318149999999999877e-01,-8.081199999999999495e-02,6.332339999999999636e-01,-2.083200000000000052e-01,-5.398410000000000153e-01,-2.083200000000000052e-01,1.168768000000000029e+00,1.219772000000000078e+00,-1.304890000000000105e+00,-1.865925999999999974e+00,7.352410000000000334e-01,-2.980800000000000116e-02,4.547229999999999883e-01,2.137830000000000119e+00,1.704302999999999901e+00,-1.610910000000000064e+00,-1.661912999999999974e+00,6.332339999999999636e-01,4.802239999999999842e-01,3.782179999999999986e-01,4.802239999999999842e-01,1.500289999999999901e+00,8.882499999999999840e-01,3.527159999999999740e-01,-1.916929000000000105e+00,-2.426962000000000064e+00,1.194269999999999943e+00,3.017130000000000090e-01,-4.378349999999999742e-01,1.857312000000000074e+00,1.602295999999999943e+00,-4.123330000000000051e-01,-2.732981999999999800e+00,1.066761999999999988e+00,5.312280000000000335e-01,4.802239999999999842e-01,1.066761999999999988e+00,7.097390000000000088e-01,-2.980800000000000116e-02,1.742049999999999987e-01,2.507099999999999884e-01,-2.980800000000000116e-02,-7.438540000000000152e-01,4.802239999999999842e-01,-7.183530000000000193e-01,-2.980800000000000116e-02,7.097390000000000088e-01,9.392540000000000333e-01,-3.868309999999999804e-01,-8.203589999999999494e-01,-4.307000000000000065e-03,6.842369999999999841e-01,1.742049999999999987e-01,1.857312000000000074e+00,7.097390000000000088e-01,-7.948570000000000357e-01,9.902570000000000539e-01,-1.063130000000000047e-01,-4.378349999999999742e-01,-5.653430000000000399e-01,-6.418479999999999741e-01,2.119499999999999856e-02,4.669600000000000140e-02,1.908315999999999901e+00,9.392540000000000333e-01,-9.478670000000000151e-01,1.487030000000000018e-01,8.627489999999999881e-01,7.219799999999999829e-02,1.015759000000000079e+00,-2.338210000000000011e-01,-1.712916000000000105e+00,2.252079999999999915e-01,7.097390000000000088e-01,7.097390000000000088e-01,3.017130000000000090e-01,7.219799999999999829e-02,-1.828180000000000083e-01,-3.358280000000000154e-01,-5.530999999999999805e-02,-8.081199999999999495e-02,5.312280000000000335e-01,1.487030000000000018e-01,3.017130000000000090e-01,-2.980800000000000116e-02,4.669600000000000140e-02,9.769999999999999518e-02,-6.163459999999999495e-01,-1.253886999999999974e+00,8.882499999999999840e-01,1.066761999999999988e+00,5.822310000000000541e-01,1.347280000000000033e+00,1.347280000000000033e+00,6.587359999999999882e-01,-4.307000000000000065e-03,-1.024372000000000060e+00,-2.630974999999999842e+00,4.292210000000000192e-01,6.587359999999999882e-01,-4.888379999999999947e-01,1.168768000000000029e+00,1.168768000000000029e+00,6.587359999999999882e-01,-2.083200000000000052e-01,-1.100877000000000105e+00,6.077320000000000499e-01,9.769999999999999518e-02,1.232010000000000050e-01,2.252079999999999915e-01,2.762109999999999843e-01,1.232010000000000050e-01,2.507099999999999884e-01,1.066761999999999988e+00,8.117459999999999676e-01,-1.253886999999999974e+00,-1.942431000000000019e+00,4.292210000000000192e-01,5.567290000000000294e-01,1.398282999999999943e+00,3.782179999999999986e-01,9.902570000000000539e-01,1.143267000000000033e+00,-1.636411000000000060e+00,-1.712916000000000105e+00,3.527159999999999740e-01,-3.103259999999999907e-01,1.653299000000000074e+00,1.219772000000000078e+00,6.332339999999999636e-01,2.119499999999999856e-02,-6.163459999999999495e-01,-5.398410000000000153e-01,7.352410000000000334e-01,6.587359999999999882e-01,7.352410000000000334e-01,-2.018936000000000064e+00,-8.713619999999999699e-01,-7.948570000000000357e-01,1.015759000000000079e+00,5.822310000000000541e-01,9.137520000000000087e-01,1.576794999999999947e+00,9.647550000000000292e-01,6.842369999999999841e-01,7.097390000000000088e-01,-1.573170000000000124e-01,-1.610910000000000064e+00,-7.438540000000000152e-01,-1.828180000000000083e-01,4.547229999999999883e-01,1.487030000000000018e-01,4.669600000000000140e-02,9.392540000000000333e-01,9.902570000000000539e-01,-1.049873999999999974e+00,-1.126379000000000019e+00,9.769999999999999518e-02,3.782179999999999986e-01,9.392540000000000333e-01,7.607420000000000293e-01,6.842369999999999841e-01,-4.307000000000000065e-03,1.232010000000000050e-01,-3.358280000000000154e-01,6.332339999999999636e-01,6.077320000000000499e-01,-3.217512999999999845e+00,7.219799999999999829e-02,1.245273000000000074e+00,8.882499999999999840e-01,7.607420000000000293e-01,2.762109999999999843e-01,2.252079999999999915e-01,7.097390000000000088e-01,7.219799999999999829e-02,1.831811000000000078e+00,-1.228385000000000060e+00,-3.574535000000000018e+00,-1.573170000000000124e-01,9.392540000000000333e-01,1.729803999999999897e+00,-3.358280000000000154e-01,6.077320000000000499e-01,-8.203589999999999494e-01,-5.530999999999999805e-02,4.037189999999999945e-01,8.627489999999999881e-01,8.372469999999999635e-01,4.037189999999999945e-01,1.232010000000000050e-01,-1.828180000000000083e-01,-1.063130000000000047e-01,1.742049999999999987e-01,7.352410000000000334e-01,-7.693560000000000398e-01,-6.673489999999999700e-01,9.137520000000000087e-01,2.119499999999999856e-02,2.252079999999999915e-01,-4.307000000000000065e-03,-8.081199999999999495e-02,-3.868309999999999804e-01,1.997059999999999946e-01,5.057260000000000089e-01,2.119499999999999856e-02,8.117459999999999676e-01,5.567290000000000294e-01,-1.063130000000000047e-01,1.474787999999999988e+00,-5.653430000000000399e-01,-3.625538999999999845e+00,1.194269999999999943e+00,4.802239999999999842e-01,1.015759000000000079e+00,8.627489999999999881e-01,8.117459999999999676e-01,9.137520000000000087e-01,-5.398410000000000153e-01,-6.928509999999999946e-01,7.862440000000000540e-01,-8.081199999999999495e-02,-5.143389999999999906e-01,9.392540000000000333e-01,-2.980800000000000116e-02,-2.375958999999999932e+00,-1.253886999999999974e+00,1.168768000000000029e+00,1.041260000000000074e+00,1.398282999999999943e+00,7.607420000000000293e-01,-4.123330000000000051e-01,-8.081199999999999495e-02,3.272140000000000049e-01,4.037189999999999945e-01,9.769999999999999518e-02,-2.980800000000000116e-02,1.487030000000000018e-01,-1.318149999999999877e-01,-8.081199999999999495e-02,1.232010000000000050e-01,7.219799999999999829e-02,1.742049999999999987e-01,1.232010000000000050e-01,-3.358280000000000154e-01,1.742049999999999987e-01,1.232010000000000050e-01,6.842369999999999841e-01,4.037189999999999945e-01,1.296276999999999902e+00,1.232010000000000050e-01,-3.549033999999999800e+00,-7.948570000000000357e-01,1.168768000000000029e+00,1.525790999999999897e+00,1.041260000000000074e+00,-8.081199999999999495e-02,-9.988700000000000356e-01,8.372469999999999635e-01,9.137520000000000087e-01,6.587359999999999882e-01,1.015759000000000079e+00,9.769999999999999518e-02,-9.733690000000000397e-01,-1.573170000000000124e-01,1.372781000000000029e+00,-9.988700000000000356e-01,6.842369999999999841e-01,-6.163459999999999495e-01,-4.671105999999999980e+00,-5.908440000000000358e-01,9.647550000000000292e-01,2.265338999999999992e+00,1.755306000000000033e+00,9.769999999999999518e-02,1.296276999999999902e+00,9.392540000000000333e-01,5.312280000000000335e-01,4.669600000000000140e-02,-8.968639999999999946e-01,-4.888379999999999947e-01,-7.438540000000000152e-01,-1.573170000000000124e-01,4.669600000000000140e-02,2.762109999999999843e-01,4.292210000000000192e-01,1.347280000000000033e+00,-2.980800000000000116e-02,-1.177381999999999929e+00,7.097390000000000088e-01,2.507099999999999884e-01,-2.630974999999999842e+00,1.742049999999999987e-01,1.474787999999999988e+00,2.137830000000000119e+00,-5.653430000000000399e-01,-7.948570000000000357e-01,1.092262999999999984e+00,8.117459999999999676e-01,9.902570000000000539e-01,2.252079999999999915e-01,-1.610910000000000064e+00,-2.593230000000000257e-01,2.762109999999999843e-01,4.802239999999999842e-01,-1.318149999999999877e-01,-5.653430000000000399e-01,2.119499999999999856e-02,3.272140000000000049e-01,3.782179999999999986e-01,7.862440000000000540e-01,9.769999999999999518e-02,1.742049999999999987e-01,-6.928509999999999946e-01,5.822310000000000541e-01,7.607420000000000293e-01,1.487030000000000018e-01,1.232010000000000050e-01,4.669600000000000140e-02,2.762109999999999843e-01,9.769999999999999518e-02,5.567290000000000294e-01,-2.980800000000000116e-02,-1.228385000000000060e+00,-3.613299999999999845e-01,1.041260000000000074e+00,1.449286000000000074e+00,-9.988700000000000356e-01,-9.223660000000000192e-01,7.097390000000000088e-01,1.780807999999999947e+00,9.769999999999999518e-02,-1.738418000000000019e+00,-9.223660000000000192e-01,1.245273000000000074e+00,2.443849999999999856e+00,6.842369999999999841e-01,-1.304890000000000105e+00,-4.888379999999999947e-01,4.037189999999999945e-01,1.742049999999999987e-01,7.862440000000000540e-01,2.507099999999999884e-01,-4.307000000000000065e-03,1.997059999999999946e-01,-4.633360000000000256e-01,-1.024372000000000060e+00,-2.980800000000000116e-02,3.017130000000000090e-01,7.352410000000000334e-01,9.137520000000000087e-01,1.487030000000000018e-01,7.219799999999999829e-02,9.769999999999999518e-02,-5.530999999999999805e-02,-4.307000000000000065e-03,9.769999999999999518e-02,7.352410000000000334e-01,3.527159999999999740e-01,4.669600000000000140e-02,-2.338210000000000011e-01,-7.438540000000000152e-01,1.487030000000000018e-01,8.117459999999999676e-01,5.312280000000000335e-01,-1.063130000000000047e-01,-5.530999999999999805e-02,-4.307000000000000065e-03,3.782179999999999986e-01,2.119499999999999856e-02,-1.828180000000000083e-01,5.312280000000000335e-01,-8.968639999999999946e-01,1.997059999999999946e-01,5.057260000000000089e-01,7.607420000000000293e-01,2.061326000000000214e+00,2.252079999999999915e-01,-3.243014000000000063e+00,5.057260000000000089e-01,5.057260000000000089e-01,3.527159999999999740e-01,6.587359999999999882e-01,4.802239999999999842e-01,-1.573170000000000124e-01,6.332339999999999636e-01,5.822310000000000541e-01,1.487030000000000018e-01,4.669600000000000140e-02,-5.143389999999999906e-01,-8.713619999999999699e-01,-8.081199999999999495e-02,8.882499999999999840e-01,7.097390000000000088e-01,-1.330392000000000019e+00,-5.143389999999999906e-01,7.607420000000000293e-01,6.332339999999999636e-01,5.312280000000000335e-01,3.272140000000000049e-01,7.219799999999999829e-02,9.769999999999999518e-02,9.137520000000000087e-01,4.292210000000000192e-01,-1.177381999999999929e+00,-8.713619999999999699e-01,1.321777999999999897e+00,-4.123330000000000051e-01,-6.928509999999999946e-01,8.627489999999999881e-01,9.769999999999999518e-02,6.332339999999999636e-01,1.487030000000000018e-01,-1.063130000000000047e-01,-1.573170000000000124e-01,1.602295999999999943e+00,-1.508903000000000105e+00,-1.508903000000000105e+00,-6.928509999999999946e-01,8.372469999999999635e-01,1.245273000000000074e+00,1.168768000000000029e+00,9.137520000000000087e-01,5.312280000000000335e-01,3.017130000000000090e-01,6.587359999999999882e-01,7.219799999999999829e-02,-4.307000000000000065e-03,-1.559906000000000015e+00,-1.024372000000000060e+00,3.272140000000000049e-01,5.057260000000000089e-01,-4.307000000000000065e-03,6.077320000000000499e-01,1.245273000000000074e+00,-3.103259999999999907e-01,3.017130000000000090e-01,5.057260000000000089e-01,-7.438540000000000152e-01,-1.177381999999999929e+00,-1.318149999999999877e-01,1.347280000000000033e+00,-1.828180000000000083e-01,8.882499999999999840e-01,9.392540000000000333e-01,5.057260000000000089e-01,5.822310000000000541e-01,-2.083200000000000052e-01,4.037189999999999945e-01,-9.988700000000000356e-01,-1.840424000000000060e+00,-2.338210000000000011e-01,8.882499999999999840e-01,9.392540000000000333e-01,5.312280000000000335e-01,2.119499999999999856e-02,-1.063130000000000047e-01,7.352410000000000334e-01,4.669600000000000140e-02,-9.988700000000000356e-01,7.219799999999999829e-02,8.372469999999999635e-01,-1.063130000000000047e-01,3.527159999999999740e-01,6.842369999999999841e-01,9.769999999999999518e-02,-5.398410000000000153e-01,1.742049999999999987e-01,1.742049999999999987e-01,7.352410000000000334e-01,3.272140000000000049e-01,-1.610910000000000064e+00,-2.338210000000000011e-01,1.270774999999999988e+00,-3.868309999999999804e-01,-6.163459999999999495e-01,2.239837000000000078e+00,1.729803999999999897e+00,-4.123330000000000051e-01,-1.279387999999999970e+00,-2.083200000000000052e-01,6.587359999999999882e-01,4.547229999999999883e-01,6.332339999999999636e-01,2.507099999999999884e-01,-6.163459999999999495e-01,1.742049999999999987e-01,-4.307000000000000065e-03,1.742049999999999987e-01,2.762109999999999843e-01,-6.163459999999999495e-01,-4.888379999999999947e-01,4.802239999999999842e-01,-2.593230000000000257e-01,6.332339999999999636e-01,1.487030000000000018e-01,4.802239999999999842e-01,7.352410000000000334e-01,4.802239999999999842e-01,-8.081199999999999495e-02,3.017130000000000090e-01,1.066761999999999988e+00,-5.653430000000000399e-01,-7.693560000000000398e-01,-2.593230000000000257e-01,1.997059999999999946e-01,1.232010000000000050e-01,1.232010000000000050e-01,7.219799999999999829e-02,-4.378349999999999742e-01,1.500289999999999901e+00,5.057260000000000089e-01,-3.868309999999999804e-01,-5.143389999999999906e-01,-1.573170000000000124e-01,1.066761999999999988e+00,1.742049999999999987e-01,-2.848249999999999948e-01,1.525790999999999897e+00,-3.868309999999999804e-01,-2.350457000000000019e+00,-2.083200000000000052e-01,1.959319000000000033e+00,1.653299000000000074e+00,-8.081199999999999495e-02,2.119499999999999856e-02,2.762109999999999843e-01,4.292210000000000192e-01,4.547229999999999883e-01,-8.203589999999999494e-01,-1.279387999999999970e+00,3.272140000000000049e-01,3.272140000000000049e-01,-4.307000000000000065e-03,2.762109999999999843e-01,5.312280000000000335e-01,9.769999999999999518e-02,1.997059999999999946e-01,1.997059999999999946e-01,1.997059999999999946e-01,-8.081199999999999495e-02,1.487030000000000018e-01,6.332339999999999636e-01,1.143267000000000033e+00,-3.358280000000000154e-01,-1.304890000000000105e+00,1.015759000000000079e+00,6.842369999999999841e-01,-9.223660000000000192e-01,-1.457899999999999974e+00,-6.163459999999999495e-01,1.321777999999999897e+00,1.423785000000000078e+00,9.392540000000000333e-01,1.449286000000000074e+00,-2.083200000000000052e-01,-6.673489999999999700e-01,9.769999999999999518e-02,-5.530999999999999805e-02,2.507099999999999884e-01,-6.928509999999999946e-01,-4.123330000000000051e-01,9.392540000000000333e-01,-6.928509999999999946e-01,-1.636411000000000060e+00,1.245273000000000074e+00,7.862440000000000540e-01,1.500289999999999901e+00,6.332339999999999636e-01,-5.653430000000000399e-01,7.219799999999999829e-02,5.312280000000000335e-01,3.017130000000000090e-01,-5.143389999999999906e-01,3.782179999999999986e-01,9.769999999999999518e-02,-2.848249999999999948e-01,3.017130000000000090e-01,2.119499999999999856e-02,-1.573170000000000124e-01,4.669600000000000140e-02,4.802239999999999842e-01,-1.063130000000000047e-01,-4.123330000000000051e-01,4.292210000000000192e-01,6.077320000000000499e-01,2.252079999999999915e-01,1.232010000000000050e-01,-4.123330000000000051e-01,7.352410000000000334e-01,3.527159999999999740e-01,-2.197446999999999928e+00,-5.143389999999999906e-01,9.647550000000000292e-01,1.270774999999999988e+00,9.137520000000000087e-01,1.117764999999999898e+00,1.041260000000000074e+00,2.252079999999999915e-01,-8.458609999999999740e-01,-8.458609999999999740e-01,1.232010000000000050e-01,3.017130000000000090e-01,-2.980800000000000116e-02,-4.307000000000000065e-03,2.762109999999999843e-01,-4.378349999999999742e-01,7.219799999999999829e-02,1.092262999999999984e+00,3.272140000000000049e-01,7.219799999999999829e-02,-8.458609999999999740e-01,9.769999999999999518e-02,1.487030000000000018e-01,6.587359999999999882e-01,8.117459999999999676e-01,1.232010000000000050e-01,-6.418479999999999741e-01,6.077320000000000499e-01,8.627489999999999881e-01,1.742049999999999987e-01,1.997059999999999946e-01,2.119499999999999856e-02,9.769999999999999518e-02,-2.980800000000000116e-02,-5.530999999999999805e-02,2.119499999999999856e-02,-4.307000000000000065e-03,7.219799999999999829e-02,-1.063130000000000047e-01,1.232010000000000050e-01,1.742049999999999987e-01,1.742049999999999987e-01,9.769999999999999518e-02,4.037189999999999945e-01,2.507099999999999884e-01,-2.083200000000000052e-01,4.292210000000000192e-01,1.245273000000000074e+00,1.997059999999999946e-01,-1.432398000000000060e+00,-3.358280000000000154e-01,6.332339999999999636e-01,4.802239999999999842e-01,9.902570000000000539e-01,1.296276999999999902e+00,7.862440000000000540e-01,-1.763919000000000015e+00,-1.712916000000000105e+00,6.842369999999999841e-01,1.015759000000000079e+00,-1.318149999999999877e-01,-9.988700000000000356e-01,-2.338210000000000011e-01,1.245273000000000074e+00,1.194269999999999943e+00,1.143267000000000033e+00,2.507099999999999884e-01,-2.338210000000000011e-01,7.219799999999999829e-02,4.669600000000000140e-02,-7.948570000000000357e-01,-4.378349999999999742e-01,2.119499999999999856e-02,8.117459999999999676e-01,4.547229999999999883e-01,-5.143389999999999906e-01,3.272140000000000049e-01,-1.318149999999999877e-01,-1.828180000000000083e-01,2.507099999999999884e-01,5.567290000000000294e-01,3.527159999999999740e-01,7.219799999999999829e-02,-3.358280000000000154e-01,1.997059999999999946e-01,1.232010000000000050e-01,1.232010000000000050e-01,9.902570000000000539e-01,2.252079999999999915e-01,-6.418479999999999741e-01,7.219799999999999829e-02,3.017130000000000090e-01,1.232010000000000050e-01,-3.358280000000000154e-01,4.547229999999999883e-01,-4.123330000000000051e-01,-5.530999999999999805e-02,1.015759000000000079e+00,9.769999999999999518e-02,-5.908440000000000358e-01,4.802239999999999842e-01,9.902570000000000539e-01,-2.848249999999999948e-01,1.232010000000000050e-01,3.272140000000000049e-01,1.015759000000000079e+00,-1.063130000000000047e-01,-1.253886999999999974e+00,7.219799999999999829e-02,2.119499999999999856e-02,1.168768000000000029e+00,8.117459999999999676e-01,-1.406897000000000064e+00,-1.063130000000000047e-01,3.272140000000000049e-01,3.272140000000000049e-01,6.332339999999999636e-01,6.587359999999999882e-01,-7.948570000000000357e-01,-7.183530000000000193e-01,4.547229999999999883e-01,-2.338210000000000011e-01,1.449286000000000074e+00,8.117459999999999676e-01,-8.081199999999999495e-02,-2.083200000000000052e-01,1.232010000000000050e-01,9.769999999999999518e-02,-6.163459999999999495e-01,4.292210000000000192e-01,9.137520000000000087e-01,2.507099999999999884e-01,6.842369999999999841e-01,2.507099999999999884e-01,-1.304890000000000105e+00,-2.980800000000000116e-02,4.037189999999999945e-01,2.507099999999999884e-01,3.017130000000000090e-01,1.551293000000000033e+00,7.607420000000000293e-01,-2.848249999999999948e-01,-1.534405000000000019e+00,-7.693560000000000398e-01,8.372469999999999635e-01,1.194269999999999943e+00,-2.593230000000000257e-01,-5.530999999999999805e-02,1.066761999999999988e+00,5.312280000000000335e-01,2.119499999999999856e-02,7.607420000000000293e-01,1.372781000000000029e+00,-6.163459999999999495e-01,-7.438540000000000152e-01,7.352410000000000334e-01,-5.908440000000000358e-01,-6.928509999999999946e-01,-5.653430000000000399e-01,-6.928509999999999946e-01,5.567290000000000294e-01,1.882813999999999988e+00,-1.828180000000000083e-01,-2.860489999999999977e+00,1.066761999999999988e+00,1.678800999999999988e+00,1.372781000000000029e+00,1.742049999999999987e-01,-2.338210000000000011e-01,1.066761999999999988e+00,8.882499999999999840e-01,1.232010000000000050e-01,-8.713619999999999699e-01,-2.338210000000000011e-01,-3.103259999999999907e-01,-2.848249999999999948e-01,1.742049999999999987e-01,-7.693560000000000398e-01,7.219799999999999829e-02,3.782179999999999986e-01,8.117459999999999676e-01,3.272140000000000049e-01,4.669600000000000140e-02,3.272140000000000049e-01,-4.307000000000000065e-03,1.015759000000000079e+00,7.352410000000000334e-01,6.587359999999999882e-01,-1.202884000000000064e+00,-4.123330000000000051e-01,1.487030000000000018e-01,1.997059999999999946e-01,6.587359999999999882e-01,-5.398410000000000153e-01,3.017130000000000090e-01,7.607420000000000293e-01,1.627798000000000078e+00,-5.530999999999999805e-02,4.037189999999999945e-01,4.037189999999999945e-01,-4.307000000000000065e-03,-7.183530000000000193e-01,3.272140000000000049e-01,-1.828180000000000083e-01,-1.075374999999999970e+00,3.527159999999999740e-01,2.762109999999999843e-01,-2.083200000000000052e-01,5.057260000000000089e-01,6.332339999999999636e-01,8.627489999999999881e-01,8.882499999999999840e-01,-9.988700000000000356e-01,-2.083200000000000052e-01,9.137520000000000087e-01,5.312280000000000335e-01,5.312280000000000335e-01,-1.063130000000000047e-01,-1.304890000000000105e+00,8.117459999999999676e-01,-4.378349999999999742e-01,4.292210000000000192e-01,3.527159999999999740e-01,6.587359999999999882e-01,8.372469999999999635e-01,-1.202884000000000064e+00,-6.928509999999999946e-01,7.862440000000000540e-01,4.292210000000000192e-01,6.842369999999999841e-01,6.332339999999999636e-01,1.742049999999999987e-01,3.782179999999999986e-01,-5.908440000000000358e-01,-1.304890000000000105e+00,8.372469999999999635e-01,5.057260000000000089e-01,3.017130000000000090e-01,-2.980800000000000116e-02,-4.888379999999999947e-01,1.066761999999999988e+00,1.487030000000000018e-01,-1.828180000000000083e-01,4.802239999999999842e-01,8.627489999999999881e-01,2.252079999999999915e-01,6.587359999999999882e-01,2.507099999999999884e-01,-1.828180000000000083e-01,-9.478670000000000151e-01,4.547229999999999883e-01,4.037189999999999945e-01,-3.868309999999999804e-01,2.252079999999999915e-01,-4.307000000000000065e-03,-1.063130000000000047e-01,6.077320000000000499e-01,1.296276999999999902e+00,7.097390000000000088e-01,-8.081199999999999495e-02,-3.613299999999999845e-01,3.017130000000000090e-01,-6.673489999999999700e-01,-1.610910000000000064e+00,2.762109999999999843e-01,8.372469999999999635e-01,6.332339999999999636e-01,5.057260000000000089e-01,7.862440000000000540e-01,-8.081199999999999495e-02,-6.673489999999999700e-01,3.017130000000000090e-01,3.017130000000000090e-01,5.822310000000000541e-01,4.802239999999999842e-01,-5.398410000000000153e-01,-8.081199999999999495e-02,-1.063130000000000047e-01,2.762109999999999843e-01,1.194269999999999943e+00,1.755306000000000033e+00,-1.636411000000000060e+00,-1.304890000000000105e+00,4.292210000000000192e-01,5.567290000000000294e-01,1.742049999999999987e-01,8.627489999999999881e-01,5.312280000000000335e-01,-1.126379000000000019e+00,-1.828180000000000083e-01,1.296276999999999902e+00,1.015759000000000079e+00,5.567290000000000294e-01,-1.814923000000000064e+00,-1.828180000000000083e-01,9.902570000000000539e-01,7.097390000000000088e-01,1.742049999999999987e-01,-8.458609999999999740e-01,-7.693560000000000398e-01,2.507099999999999884e-01,7.607420000000000293e-01,1.321777999999999897e+00,3.527159999999999740e-01,-5.653430000000000399e-01,-1.573170000000000124e-01,6.077320000000000499e-01,8.882499999999999840e-01,-2.338210000000000011e-01,-2.848249999999999948e-01,-1.828180000000000083e-01,4.292210000000000192e-01,-2.848249999999999948e-01,4.037189999999999945e-01,9.769999999999999518e-02,4.802239999999999842e-01,1.232010000000000050e-01,7.352410000000000334e-01,5.057260000000000089e-01,-1.534405000000000019e+00,-2.083200000000000052e-01,9.137520000000000087e-01,6.332339999999999636e-01,1.117764999999999898e+00,9.769999999999999518e-02,1.487030000000000018e-01,-1.100877000000000105e+00,1.232010000000000050e-01,1.742049999999999987e-01,3.527159999999999740e-01,6.587359999999999882e-01,-2.338210000000000011e-01,-4.307000000000000065e-03,3.272140000000000049e-01,6.842369999999999841e-01,1.194269999999999943e+00,-9.988700000000000356e-01,-1.559906000000000015e+00,7.862440000000000540e-01,4.292210000000000192e-01,-4.888379999999999947e-01,4.292210000000000192e-01,6.842369999999999841e-01,4.037189999999999945e-01,1.487030000000000018e-01,-7.948570000000000357e-01,4.292210000000000192e-01,1.143267000000000033e+00,6.842369999999999841e-01,-4.378349999999999742e-01,-2.980800000000000116e-02,-4.633360000000000256e-01,-5.398410000000000153e-01,1.997059999999999946e-01,-5.530999999999999805e-02,-8.081199999999999495e-02,5.822310000000000541e-01,-2.980800000000000116e-02,6.332339999999999636e-01,5.312280000000000335e-01,7.219799999999999829e-02,-7.948570000000000357e-01,8.117459999999999676e-01,1.487030000000000018e-01,3.527159999999999740e-01,1.449286000000000074e+00,-1.063130000000000047e-01,-2.732981999999999800e+00,3.782179999999999986e-01,8.627489999999999881e-01,2.762109999999999843e-01,-2.338210000000000011e-01,1.066761999999999988e+00,1.232010000000000050e-01,-8.203589999999999494e-01,3.272140000000000049e-01,8.882499999999999840e-01,5.057260000000000089e-01,-4.307000000000000065e-03,-2.980800000000000116e-02,9.769999999999999518e-02,2.762109999999999843e-01,3.272140000000000049e-01,-2.338210000000000011e-01,-6.163459999999999495e-01,1.997059999999999946e-01,-1.828180000000000083e-01,5.312280000000000335e-01,6.332339999999999636e-01,-7.438540000000000152e-01,4.292210000000000192e-01,-1.573170000000000124e-01,-1.318149999999999877e-01,8.627489999999999881e-01,1.194269999999999943e+00,1.041260000000000074e+00,-7.438540000000000152e-01,-1.253886999999999974e+00,1.704302999999999901e+00,1.245273000000000074e+00,-3.868309999999999804e-01,-3.613299999999999845e-01,-1.828180000000000083e-01,-4.378349999999999742e-01,-8.081199999999999495e-02,-3.613299999999999845e-01,-5.143389999999999906e-01,2.252079999999999915e-01,2.762109999999999843e-01,4.802239999999999842e-01,3.527159999999999740e-01,1.742049999999999987e-01,3.782179999999999986e-01,4.547229999999999883e-01,8.372469999999999635e-01,-3.868309999999999804e-01,-1.100877000000000105e+00,5.057260000000000089e-01,1.551293000000000033e+00,5.567290000000000294e-01,9.769999999999999518e-02,-3.358280000000000154e-01,-2.593230000000000257e-01,-2.593230000000000257e-01,1.742049999999999987e-01,6.077320000000000499e-01,-8.081199999999999495e-02,5.057260000000000089e-01,-5.398410000000000153e-01,-2.120941999999999883e+00,-5.653430000000000399e-01,1.653299000000000074e+00,1.704302999999999901e+00,8.372469999999999635e-01,-6.673489999999999700e-01,-8.968639999999999946e-01,7.607420000000000293e-01,2.137830000000000119e+00,-4.888379999999999947e-01,-2.120941999999999883e+00,-3.358280000000000154e-01,7.607420000000000293e-01,9.392540000000000333e-01,7.607420000000000293e-01,5.312280000000000335e-01,1.997059999999999946e-01,-9.223660000000000192e-01,-5.530999999999999805e-02,4.669600000000000140e-02,-4.888379999999999947e-01,-1.573170000000000124e-01,1.997059999999999946e-01,6.332339999999999636e-01,7.097390000000000088e-01,9.902570000000000539e-01,2.119499999999999856e-02,-1.279387999999999970e+00,-8.081199999999999495e-02,3.527159999999999740e-01,1.487030000000000018e-01,7.607420000000000293e-01,5.312280000000000335e-01,7.219799999999999829e-02,3.527159999999999740e-01,-5.143389999999999906e-01,4.292210000000000192e-01,3.527159999999999740e-01,3.527159999999999740e-01,-1.828180000000000083e-01,-7.438540000000000152e-01,-6.163459999999999495e-01,4.669600000000000140e-02,4.037189999999999945e-01,1.066761999999999988e+00,3.527159999999999740e-01,8.627489999999999881e-01,1.270774999999999988e+00,-2.848249999999999948e-01,-1.253886999999999974e+00,1.487030000000000018e-01,3.017130000000000090e-01,-5.908440000000000358e-01,8.117459999999999676e-01,9.769999999999999518e-02,1.742049999999999987e-01,-5.530999999999999805e-02,4.547229999999999883e-01,4.802239999999999842e-01,-9.478670000000000151e-01,-5.908440000000000358e-01,6.332339999999999636e-01,1.219772000000000078e+00,1.092262999999999984e+00,-5.908440000000000358e-01,9.769999999999999518e-02,2.119499999999999856e-02,9.137520000000000087e-01,1.232010000000000050e-01,-5.530999999999999805e-02,-2.980800000000000116e-02,-2.338210000000000011e-01,2.507099999999999884e-01,-4.307000000000000065e-03,-2.083200000000000052e-01,3.017130000000000090e-01,4.669600000000000140e-02,-2.848249999999999948e-01,-3.613299999999999845e-01,2.119499999999999856e-02,9.392540000000000333e-01,1.908315999999999901e+00,-4.307000000000000065e-03,-2.018936000000000064e+00,-1.228385000000000060e+00,-4.307000000000000065e-03,6.077320000000000499e-01,9.902570000000000539e-01,1.908315999999999901e+00,1.933816999999999897e+00,-4.888379999999999947e-01,-8.968639999999999946e-01,-9.988700000000000356e-01,2.119499999999999856e-02,3.017130000000000090e-01,9.769999999999999518e-02,4.547229999999999883e-01,-8.081199999999999495e-02,-4.307000000000000065e-03,-4.307000000000000065e-03,3.527159999999999740e-01,9.769999999999999518e-02,2.507099999999999884e-01,4.802239999999999842e-01,3.527159999999999740e-01,-5.398410000000000153e-01,-2.848249999999999948e-01,7.862440000000000540e-01,1.627798000000000078e+00,1.232010000000000050e-01,-2.809486000000000150e+00,6.587359999999999882e-01,4.292210000000000192e-01,1.117764999999999898e+00,1.092262999999999984e+00,4.292210000000000192e-01,7.352410000000000334e-01,5.057260000000000089e-01,-1.330392000000000019e+00,-1.151880000000000015e+00,-9.223660000000000192e-01,8.882499999999999840e-01,4.547229999999999883e-01,2.252079999999999915e-01,1.117764999999999898e+00,-2.980800000000000116e-02,-3.868309999999999804e-01,5.567290000000000294e-01,-8.081199999999999495e-02,-5.530999999999999805e-02,8.117459999999999676e-01,-4.123330000000000051e-01,-1.304890000000000105e+00,5.567290000000000294e-01,1.423785000000000078e+00,5.312280000000000335e-01,5.312280000000000335e-01,2.762109999999999843e-01,2.252079999999999915e-01,-8.081199999999999495e-02,-2.848249999999999948e-01,-1.063130000000000047e-01,-4.123330000000000051e-01,-2.593230000000000257e-01,9.137520000000000087e-01,-2.338210000000000011e-01,-4.633360000000000256e-01,5.312280000000000335e-01,3.017130000000000090e-01,4.669600000000000140e-02,-2.338210000000000011e-01,7.352410000000000334e-01,1.742049999999999987e-01,-1.063130000000000047e-01,4.547229999999999883e-01,1.933816999999999897e+00,5.822310000000000541e-01,-2.044436999999999838e+00,-5.530999999999999805e-02,4.292210000000000192e-01,9.769999999999999518e-02,4.802239999999999842e-01,8.882499999999999840e-01,4.547229999999999883e-01,-7.183530000000000193e-01,-1.100877000000000105e+00,-2.083200000000000052e-01,8.627489999999999881e-01,9.137520000000000087e-01,5.567290000000000294e-01,4.547229999999999883e-01,7.219799999999999829e-02,-8.081199999999999495e-02,-4.307000000000000065e-03,1.997059999999999946e-01,-1.279387999999999970e+00,-4.307000000000000065e-03,8.882499999999999840e-01,1.041260000000000074e+00,7.862440000000000540e-01,-4.378349999999999742e-01,-1.279387999999999970e+00,2.762109999999999843e-01,1.245273000000000074e+00,6.842369999999999841e-01,2.252079999999999915e-01,-4.307000000000000065e-03,1.576794999999999947e+00,-2.083200000000000052e-01,-9.988700000000000356e-01,-4.633360000000000256e-01,-1.738418000000000019e+00,7.607420000000000293e-01,1.347280000000000033e+00,9.647550000000000292e-01,7.097390000000000088e-01,-8.081199999999999495e-02,2.762109999999999843e-01,-6.163459999999999495e-01,-1.075374999999999970e+00,8.117459999999999676e-01,1.959319000000000033e+00,-4.123330000000000051e-01,-1.318149999999999877e-01,2.762109999999999843e-01,-6.163459999999999495e-01,-6.673489999999999700e-01,6.332339999999999636e-01,2.507099999999999884e-01,-3.613299999999999845e-01,8.117459999999999676e-01,-2.980800000000000116e-02,4.547229999999999883e-01,2.119499999999999856e-02,1.487030000000000018e-01,9.902570000000000539e-01,5.057260000000000089e-01,8.372469999999999635e-01,-1.457899999999999974e+00,-1.712916000000000105e+00,1.653299000000000074e+00,6.077320000000000499e-01,2.762109999999999843e-01,1.831811000000000078e+00,-4.307000000000000065e-03,-2.120941999999999883e+00,-1.151880000000000015e+00,5.057260000000000089e-01,1.194269999999999943e+00,8.627489999999999881e-01,4.669600000000000140e-02,5.057260000000000089e-01,-1.573170000000000124e-01,-4.123330000000000051e-01,-8.081199999999999495e-02,3.017130000000000090e-01,1.321777999999999897e+00,-1.573170000000000124e-01,-1.202884000000000064e+00,2.119499999999999856e-02,8.117459999999999676e-01,1.194269999999999943e+00,4.669600000000000140e-02,-3.358280000000000154e-01,-5.653430000000000399e-01,-2.338210000000000011e-01,9.392540000000000333e-01,8.882499999999999840e-01,-1.828180000000000083e-01,-1.828180000000000083e-01,7.352410000000000334e-01,9.137520000000000087e-01,-4.888379999999999947e-01,-4.123330000000000051e-01,-1.573170000000000124e-01,4.292210000000000192e-01,1.232010000000000050e-01,2.119499999999999856e-02,-3.358280000000000154e-01,7.352410000000000334e-01,7.097390000000000088e-01,-8.968639999999999946e-01,-7.438540000000000152e-01,-4.307000000000000065e-03,4.292210000000000192e-01,-5.908440000000000358e-01,6.077320000000000499e-01,1.347280000000000033e+00,9.647550000000000292e-01,-2.338210000000000011e-01,1.997059999999999946e-01,1.015759000000000079e+00,-8.203589999999999494e-01,4.292210000000000192e-01,-3.613299999999999845e-01,-5.653430000000000399e-01,9.769999999999999518e-02,-1.100877000000000105e+00,7.097390000000000088e-01,2.252079999999999915e-01,-6.673489999999999700e-01,1.296276999999999902e+00,9.769999999999999518e-02,3.527159999999999740e-01,6.077320000000000499e-01,7.352410000000000334e-01,-2.980800000000000116e-02,-8.081199999999999495e-02,8.372469999999999635e-01,1.487030000000000018e-01,-3.103259999999999907e-01,-2.848249999999999948e-01,-2.083200000000000052e-01,9.392540000000000333e-01,8.627489999999999881e-01,-1.228385000000000060e+00,-8.203589999999999494e-01,-2.593230000000000257e-01,4.037189999999999945e-01,4.547229999999999883e-01,-2.980800000000000116e-02,7.607420000000000293e-01,4.669600000000000140e-02,-1.151880000000000015e+00,8.627489999999999881e-01,6.842369999999999841e-01,7.862440000000000540e-01,-3.613299999999999845e-01,2.507099999999999884e-01,3.272140000000000049e-01,8.117459999999999676e-01,4.292210000000000192e-01,3.272140000000000049e-01,-3.358280000000000154e-01,-1.063130000000000047e-01,4.037189999999999945e-01,-5.530999999999999805e-02,-1.126379000000000019e+00,7.862440000000000540e-01,2.119499999999999856e-02,-3.868309999999999804e-01,1.449286000000000074e+00,-3.868309999999999804e-01,-2.171946000000000154e+00,3.017130000000000090e-01,1.449286000000000074e+00,1.742049999999999987e-01,1.742049999999999987e-01,8.372469999999999635e-01,4.547229999999999883e-01,7.219799999999999829e-02,4.547229999999999883e-01,-1.063130000000000047e-01,-4.123330000000000051e-01,8.372469999999999635e-01,-2.593230000000000257e-01,-1.573170000000000124e-01,5.057260000000000089e-01,-1.828180000000000083e-01,-7.948570000000000357e-01,6.077320000000000499e-01,4.802239999999999842e-01,-4.307000000000000065e-03,-4.307000000000000065e-03,1.066761999999999988e+00,3.272140000000000049e-01,3.782179999999999986e-01,3.272140000000000049e-01,-1.508903000000000105e+00,-2.593230000000000257e-01,-6.673489999999999700e-01,1.219772000000000078e+00,8.372469999999999635e-01,4.802239999999999842e-01,5.312280000000000335e-01,7.352410000000000334e-01,3.782179999999999986e-01,-3.103259999999999907e-01,-2.083200000000000052e-01,-4.307000000000000065e-03,1.487030000000000018e-01,-6.928509999999999946e-01,-1.573170000000000124e-01,7.607420000000000293e-01,-8.081199999999999495e-02,3.272140000000000049e-01,2.762109999999999843e-01,1.092262999999999984e+00,3.017130000000000090e-01,-7.948570000000000357e-01,8.372469999999999635e-01,-1.534405000000000019e+00,-4.378349999999999742e-01,7.352410000000000334e-01,1.066761999999999988e+00,-2.083200000000000052e-01,7.097390000000000088e-01,1.015759000000000079e+00,-7.438540000000000152e-01,-2.848249999999999948e-01,3.527159999999999740e-01,-5.530999999999999805e-02,3.272140000000000049e-01,-5.530999999999999805e-02,2.507099999999999884e-01,-1.063130000000000047e-01,-3.103259999999999907e-01,1.984820999999999946e+00,-1.253886999999999974e+00,-9.478670000000000151e-01,5.057260000000000089e-01,4.669600000000000140e-02,9.137520000000000087e-01,1.245273000000000074e+00,2.252079999999999915e-01,-5.653430000000000399e-01,-4.888379999999999947e-01,-5.908440000000000358e-01,7.097390000000000088e-01,4.292210000000000192e-01,-8.081199999999999495e-02,-2.593230000000000257e-01,9.769999999999999518e-02,3.782179999999999986e-01,7.862440000000000540e-01,7.352410000000000334e-01,1.232010000000000050e-01,1.742049999999999987e-01,-1.318149999999999877e-01,-3.103259999999999907e-01,-9.478670000000000151e-01,9.769999999999999518e-02,-2.083200000000000052e-01,1.232010000000000050e-01,2.265338999999999992e+00,1.245273000000000074e+00,-1.063130000000000047e-01,-3.868309999999999804e-01,-9.733690000000000397e-01,-1.024372000000000060e+00,4.292210000000000192e-01,8.882499999999999840e-01,7.097390000000000088e-01,8.372469999999999635e-01,6.077320000000000499e-01,-9.478670000000000151e-01,-1.126379000000000019e+00,-8.081199999999999495e-02,5.057260000000000089e-01,1.092262999999999984e+00,1.997059999999999946e-01,2.119499999999999856e-02,1.487030000000000018e-01,3.017130000000000090e-01,4.802239999999999842e-01,6.332339999999999636e-01,7.219799999999999829e-02,-1.763919000000000015e+00,9.902570000000000539e-01,1.500289999999999901e+00,-3.358280000000000154e-01,-2.848249999999999948e-01,-1.828180000000000083e-01,-6.418479999999999741e-01,8.882499999999999840e-01,1.168768000000000029e+00,5.567290000000000294e-01,3.782179999999999986e-01,1.997059999999999946e-01,-2.980800000000000116e-02,-3.103259999999999907e-01,-7.693560000000000398e-01,-2.593230000000000257e-01,-1.049873999999999974e+00,9.647550000000000292e-01,4.292210000000000192e-01,1.245273000000000074e+00,5.822310000000000541e-01,5.567290000000000294e-01,2.762109999999999843e-01,4.292210000000000192e-01,-7.183530000000000193e-01,-2.426962000000000064e+00,5.057260000000000089e-01,9.392540000000000333e-01,1.678800999999999988e+00,-8.081199999999999495e-02,-1.828180000000000083e-01,-2.848249999999999948e-01,-1.457899999999999974e+00,1.742049999999999987e-01,1.321777999999999897e+00,9.137520000000000087e-01,4.547229999999999883e-01,4.802239999999999842e-01,2.762109999999999843e-01,4.547229999999999883e-01,-1.151880000000000015e+00,-1.967932999999999932e+00,-2.338210000000000011e-01,5.822310000000000541e-01,9.769999999999999518e-02,7.352410000000000334e-01,6.332339999999999636e-01,6.842369999999999841e-01,-5.530999999999999805e-02,-4.123330000000000051e-01,3.017130000000000090e-01,6.332339999999999636e-01,2.762109999999999843e-01,-5.530999999999999805e-02,1.232010000000000050e-01,5.312280000000000335e-01,-4.123330000000000051e-01,-7.948570000000000357e-01,1.168768000000000029e+00,8.627489999999999881e-01,-4.307000000000000065e-03,1.232010000000000050e-01,-9.478670000000000151e-01,1.232010000000000050e-01,1.143267000000000033e+00,-1.063130000000000047e-01,-1.828180000000000083e-01,3.782179999999999986e-01,1.487030000000000018e-01,5.057260000000000089e-01,-1.840424000000000060e+00,-5.908440000000000358e-01,8.627489999999999881e-01,7.219799999999999829e-02,1.296276999999999902e+00,5.057260000000000089e-01,4.292210000000000192e-01,-3.613299999999999845e-01,-2.848249999999999948e-01,4.037189999999999945e-01,2.119499999999999856e-02,-4.633360000000000256e-01,-6.163459999999999495e-01,-1.573170000000000124e-01,8.372469999999999635e-01,6.587359999999999882e-01,9.769999999999999518e-02,5.057260000000000089e-01,3.527159999999999740e-01,6.332339999999999636e-01,-2.848249999999999948e-01,-5.143389999999999906e-01,-2.083200000000000052e-01,-8.458609999999999740e-01,6.332339999999999636e-01,2.762109999999999843e-01,2.119499999999999856e-02,6.077320000000000499e-01,8.627489999999999881e-01,6.842369999999999841e-01,-4.123330000000000051e-01,4.669600000000000140e-02,4.669600000000000140e-02,2.507099999999999884e-01,-4.888379999999999947e-01,7.219799999999999829e-02,-8.713619999999999699e-01,-1.202884000000000064e+00,1.474787999999999988e+00,1.449286000000000074e+00,4.669600000000000140e-02,4.292210000000000192e-01,-3.613299999999999845e-01,-4.633360000000000256e-01,4.037189999999999945e-01,9.392540000000000333e-01,2.119499999999999856e-02,-1.202884000000000064e+00,1.997059999999999946e-01,7.352410000000000334e-01,3.017130000000000090e-01,1.997059999999999946e-01,1.092262999999999984e+00,3.017130000000000090e-01,2.252079999999999915e-01,-6.673489999999999700e-01,-4.888379999999999947e-01,-2.083200000000000052e-01,-1.318149999999999877e-01,2.762109999999999843e-01,7.097390000000000088e-01,-3.358280000000000154e-01,-5.908440000000000358e-01,3.527159999999999740e-01,2.252079999999999915e-01,6.332339999999999636e-01,5.312280000000000335e-01,1.487030000000000018e-01,7.607420000000000293e-01,-5.530999999999999805e-02,-4.123330000000000051e-01,7.862440000000000540e-01,1.997059999999999946e-01,-1.573170000000000124e-01,-1.318149999999999877e-01,2.119499999999999856e-02,1.474787999999999988e+00,-1.610910000000000064e+00,-2.146443999999999797e+00,7.097390000000000088e-01,2.800873000000000168e+00,1.015759000000000079e+00,-1.891428000000000109e+00,2.119499999999999856e-02,1.398282999999999943e+00,9.769999999999999518e-02,-8.968639999999999946e-01,3.272140000000000049e-01,-1.318149999999999877e-01,4.292210000000000192e-01,1.487030000000000018e-01,7.219799999999999829e-02,4.037189999999999945e-01,2.762109999999999843e-01,1.742049999999999987e-01,9.769999999999999518e-02,1.997059999999999946e-01,1.487030000000000018e-01,2.119499999999999856e-02,2.507099999999999884e-01,3.272140000000000049e-01,-2.083200000000000052e-01,-1.318149999999999877e-01,-1.063130000000000047e-01,4.669600000000000140e-02,3.782179999999999986e-01,5.312280000000000335e-01,5.567290000000000294e-01,-8.081199999999999495e-02,3.272140000000000049e-01,2.252079999999999915e-01,7.352410000000000334e-01,-4.307000000000000065e-03,-2.911493000000000109e+00,-5.398410000000000153e-01,5.312280000000000335e-01,8.627489999999999881e-01,1.270774999999999988e+00,9.392540000000000333e-01,1.423785000000000078e+00,2.119499999999999856e-02,-1.585407999999999928e+00,-3.868309999999999804e-01,4.547229999999999883e-01,3.272140000000000049e-01,-4.307000000000000065e-03,1.232010000000000050e-01,4.037189999999999945e-01,2.252079999999999915e-01,-1.024372000000000060e+00,-8.458609999999999740e-01,6.587359999999999882e-01,1.092262999999999984e+00,-3.358280000000000154e-01,-3.868309999999999804e-01,4.547229999999999883e-01,-1.063130000000000047e-01,4.547229999999999883e-01,4.802239999999999842e-01,2.252079999999999915e-01,1.321777999999999897e+00,5.312280000000000335e-01,-1.049873999999999974e+00,-9.223660000000000192e-01,-3.103259999999999907e-01,5.567290000000000294e-01,4.802239999999999842e-01,4.669600000000000140e-02,4.292210000000000192e-01,1.194269999999999943e+00,7.219799999999999829e-02,-6.928509999999999946e-01,-8.081199999999999495e-02,5.312280000000000335e-01,-5.530999999999999805e-02,1.041260000000000074e+00,4.292210000000000192e-01,-8.968639999999999946e-01,-5.653430000000000399e-01,3.017130000000000090e-01,2.119499999999999856e-02,1.742049999999999987e-01,-3.613299999999999845e-01,3.017130000000000090e-01,8.372469999999999635e-01,5.312280000000000335e-01,5.057260000000000089e-01,2.762109999999999843e-01,-1.063130000000000047e-01,2.252079999999999915e-01,-2.593230000000000257e-01,5.057260000000000089e-01,5.312280000000000335e-01,-6.163459999999999495e-01,-1.024372000000000060e+00,7.219799999999999829e-02,5.567290000000000294e-01,7.862440000000000540e-01,4.802239999999999842e-01,6.077320000000000499e-01,2.252079999999999915e-01,9.769999999999999518e-02,1.997059999999999946e-01,-1.318149999999999877e-01,-8.081199999999999495e-02,4.669600000000000140e-02,-8.081199999999999495e-02,1.232010000000000050e-01,7.219799999999999829e-02,3.017130000000000090e-01,6.332339999999999636e-01,1.066761999999999988e+00,-3.103259999999999907e-01,-1.202884000000000064e+00,-4.307000000000000065e-03,4.037189999999999945e-01,-2.980800000000000116e-02,5.312280000000000335e-01,7.352410000000000334e-01,2.119499999999999856e-02,2.507099999999999884e-01,-4.307000000000000065e-03,-6.163459999999999495e-01,4.292210000000000192e-01,2.252079999999999915e-01,-1.891428000000000109e+00,9.769999999999999518e-02,2.112328999999999901e+00,1.066761999999999988e+00,9.902570000000000539e-01,4.292210000000000192e-01,4.669600000000000140e-02,-3.613299999999999845e-01,-2.593230000000000257e-01,-2.338210000000000011e-01,-4.307000000000000065e-03,4.292210000000000192e-01,2.119499999999999856e-02,-2.980800000000000116e-02,-5.530999999999999805e-02,-5.653430000000000399e-01,-5.653430000000000399e-01,8.117459999999999676e-01,4.802239999999999842e-01,1.232010000000000050e-01,6.587359999999999882e-01,6.587359999999999882e-01,4.037189999999999945e-01,-5.530999999999999805e-02,9.769999999999999518e-02,-8.081199999999999495e-02,-2.083200000000000052e-01,-1.318149999999999877e-01,7.352410000000000334e-01,7.607420000000000293e-01,-1.330392000000000019e+00,-5.908440000000000358e-01,6.587359999999999882e-01,1.117764999999999898e+00,7.097390000000000088e-01,1.653299000000000074e+00,-8.081199999999999495e-02,-1.993433999999999928e+00,-3.358280000000000154e-01,-4.888379999999999947e-01,-8.968639999999999946e-01,9.902570000000000539e-01,1.041260000000000074e+00,8.627489999999999881e-01,7.607420000000000293e-01,5.312280000000000335e-01,1.449286000000000074e+00,-6.418479999999999741e-01,-2.860489999999999977e+00,-3.868309999999999804e-01,5.822310000000000541e-01,7.097390000000000088e-01,8.117459999999999676e-01,9.647550000000000292e-01,4.547229999999999883e-01,-1.573170000000000124e-01,4.669600000000000140e-02,-6.163459999999999495e-01,-7.438540000000000152e-01,3.017130000000000090e-01,1.398282999999999943e+00,2.252079999999999915e-01,-5.398410000000000153e-01,-3.103259999999999907e-01,-7.183530000000000193e-01,7.352410000000000334e-01,6.587359999999999882e-01,-1.228385000000000060e+00,2.119499999999999856e-02,3.017130000000000090e-01,1.168768000000000029e+00,8.627489999999999881e-01,1.653299000000000074e+00,-3.358280000000000154e-01,-1.406897000000000064e+00,-4.307000000000000065e-03,1.232010000000000050e-01,8.117459999999999676e-01,1.742049999999999987e-01,4.669600000000000140e-02,-4.633360000000000256e-01,-1.063130000000000047e-01,6.077320000000000499e-01,6.332339999999999636e-01,2.762109999999999843e-01,-1.573170000000000124e-01,-1.355893000000000015e+00,-1.406897000000000064e+00,-1.318149999999999877e-01,6.077320000000000499e-01,1.296276999999999902e+00,1.270774999999999988e+00,1.143267000000000033e+00,-2.980800000000000116e-02,8.372469999999999635e-01,-1.177381999999999929e+00,-1.024372000000000060e+00,6.077320000000000499e-01,5.312280000000000335e-01,4.292210000000000192e-01,-8.968639999999999946e-01,9.769999999999999518e-02,1.041260000000000074e+00,5.567290000000000294e-01,2.119499999999999856e-02,-6.418479999999999741e-01,-2.083200000000000052e-01,3.272140000000000049e-01,1.997059999999999946e-01,-5.530999999999999805e-02,-2.338210000000000011e-01,2.252079999999999915e-01,1.423785000000000078e+00,2.119499999999999856e-02,2.119499999999999856e-02,1.487030000000000018e-01,-1.049873999999999974e+00,-4.378349999999999742e-01,1.015759000000000079e+00,9.647550000000000292e-01,8.882499999999999840e-01,4.547229999999999883e-01,-3.358280000000000154e-01,6.332339999999999636e-01,6.332339999999999636e-01,-2.848249999999999948e-01,-4.633360000000000256e-01,-2.593230000000000257e-01,-1.318149999999999877e-01,4.037189999999999945e-01,-8.203589999999999494e-01,-1.585407999999999928e+00,-2.593230000000000257e-01,1.143267000000000033e+00,1.219772000000000078e+00,1.143267000000000033e+00,4.292210000000000192e-01,1.219772000000000078e+00,5.057260000000000089e-01,-1.916929000000000105e+00,3.782179999999999986e-01,5.822310000000000541e-01,2.762109999999999843e-01,-8.713619999999999699e-01,7.219799999999999829e-02,8.882499999999999840e-01,-2.338210000000000011e-01,7.352410000000000334e-01,4.547229999999999883e-01,-7.948570000000000357e-01,-1.049873999999999974e+00,7.352410000000000334e-01,1.653299000000000074e+00,-1.318149999999999877e-01,-1.177381999999999929e+00,7.352410000000000334e-01,6.587359999999999882e-01,-9.478670000000000151e-01,3.017130000000000090e-01,5.822310000000000541e-01,1.092262999999999984e+00,-5.143389999999999906e-01,-7.183530000000000193e-01,1.015759000000000079e+00,-4.123330000000000051e-01,-5.530999999999999805e-02,8.627489999999999881e-01,8.372469999999999635e-01,9.769999999999999518e-02,-2.980800000000000116e-02,2.119499999999999856e-02,-1.100877000000000105e+00,-2.299453999999999887e+00,6.842369999999999841e-01,1.347280000000000033e+00,7.219799999999999829e-02,6.842369999999999841e-01,1.117764999999999898e+00,9.647550000000000292e-01,-2.338210000000000011e-01,-9.478670000000000151e-01,-4.123330000000000051e-01,1.232010000000000050e-01,4.292210000000000192e-01,-3.868309999999999804e-01,-4.888379999999999947e-01,5.822310000000000541e-01,1.117764999999999898e+00,4.802239999999999842e-01,4.037189999999999945e-01,-8.081199999999999495e-02,-5.398410000000000153e-01,1.908315999999999901e+00,1.232010000000000050e-01,-2.503467000000000109e+00,-1.100877000000000105e+00,1.245273000000000074e+00,1.117764999999999898e+00,8.372469999999999635e-01,5.567290000000000294e-01,-4.633360000000000256e-01,5.822310000000000541e-01,7.352410000000000334e-01,1.997059999999999946e-01,-9.223660000000000192e-01,3.272140000000000049e-01,6.077320000000000499e-01,-5.143389999999999906e-01,5.567290000000000294e-01,1.143267000000000033e+00,9.902570000000000539e-01,-8.458609999999999740e-01,-2.095441000000000109e+00,6.587359999999999882e-01,7.097390000000000088e-01,7.862440000000000540e-01,-5.530999999999999805e-02,8.882499999999999840e-01,2.252079999999999915e-01,9.769999999999999518e-02,-5.530999999999999805e-02,9.902570000000000539e-01,1.997059999999999946e-01,-1.100877000000000105e+00,-1.063130000000000047e-01,1.232010000000000050e-01,-1.063130000000000047e-01,2.252079999999999915e-01,3.017130000000000090e-01,-2.083200000000000052e-01,-5.143389999999999906e-01,4.802239999999999842e-01,4.037189999999999945e-01,7.862440000000000540e-01,2.252079999999999915e-01,1.487030000000000018e-01,4.292210000000000192e-01,5.822310000000000541e-01,5.822310000000000541e-01,-1.202884000000000064e+00,-3.868309999999999804e-01,8.627489999999999881e-01,-1.457899999999999974e+00,5.567290000000000294e-01,-2.980800000000000116e-02,1.143267000000000033e+00,1.092262999999999984e+00,-1.075374999999999970e+00,2.507099999999999884e-01,2.622361000000000164e+00,9.769999999999999518e-02,-2.503467000000000109e+00,-1.828180000000000083e-01,1.449286000000000074e+00,-2.593230000000000257e-01,2.252079999999999915e-01,1.997059999999999946e-01,1.066761999999999988e+00,8.882499999999999840e-01,-1.355893000000000015e+00,-1.534405000000000019e+00,1.997059999999999946e-01,7.097390000000000088e-01,1.627798000000000078e+00,1.015759000000000079e+00,-1.573170000000000124e-01,-2.848249999999999948e-01,4.669600000000000140e-02,2.762109999999999843e-01,-1.318149999999999877e-01,3.782179999999999986e-01,-5.398410000000000153e-01,5.312280000000000335e-01,-3.613299999999999845e-01,5.057260000000000089e-01,6.077320000000000499e-01,7.352410000000000334e-01,-2.593230000000000257e-01,2.119499999999999856e-02,3.272140000000000049e-01,1.487030000000000018e-01,7.219799999999999829e-02,-4.888379999999999947e-01,-4.888379999999999947e-01,9.392540000000000333e-01,7.352410000000000334e-01,6.587359999999999882e-01,-8.081199999999999495e-02,5.057260000000000089e-01,4.037189999999999945e-01,-7.693560000000000398e-01,-9.223660000000000192e-01,6.587359999999999882e-01,-5.530999999999999805e-02,2.252079999999999915e-01,4.669600000000000140e-02,6.587359999999999882e-01,9.392540000000000333e-01,5.567290000000000294e-01,-2.980800000000000116e-02,1.742049999999999987e-01,-3.103259999999999907e-01,3.017130000000000090e-01,-1.573170000000000124e-01,1.997059999999999946e-01,9.769999999999999518e-02,-2.848249999999999948e-01,-4.307000000000000065e-03,-3.613299999999999845e-01,3.272140000000000049e-01,3.527159999999999740e-01,1.997059999999999946e-01,3.527159999999999740e-01,5.057260000000000089e-01,2.762109999999999843e-01,-4.307000000000000065e-03,-1.828180000000000083e-01,1.997059999999999946e-01,3.527159999999999740e-01,1.232010000000000050e-01,-1.828180000000000083e-01,1.449286000000000074e+00,9.769999999999999518e-02,-1.967932999999999932e+00,-4.123330000000000051e-01,2.252079999999999915e-01,1.525790999999999897e+00,1.015759000000000079e+00,-1.063130000000000047e-01,-7.183530000000000193e-01,9.647550000000000292e-01,6.587359999999999882e-01,-4.378349999999999742e-01,-8.081199999999999495e-02,3.272140000000000049e-01,-4.378349999999999742e-01,-3.613299999999999845e-01,7.219799999999999829e-02,2.762109999999999843e-01,2.762109999999999843e-01,5.057260000000000089e-01,1.742049999999999987e-01,3.272140000000000049e-01,1.232010000000000050e-01,-1.573170000000000124e-01,3.782179999999999986e-01,1.742049999999999987e-01,3.782179999999999986e-01,6.587359999999999882e-01,-2.593230000000000257e-01,-7.438540000000000152e-01,-1.330392000000000019e+00,-8.968639999999999946e-01,1.245273000000000074e+00,1.525790999999999897e+00,-2.338210000000000011e-01,-6.928509999999999946e-01,7.219799999999999829e-02,1.347280000000000033e+00,1.449286000000000074e+00,-6.418479999999999741e-01,-5.530999999999999805e-02,1.487030000000000018e-01,-2.980800000000000116e-02,3.527159999999999740e-01,-1.573170000000000124e-01,1.997059999999999946e-01,9.392540000000000333e-01,9.769999999999999518e-02,-1.993433999999999928e+00,1.232010000000000050e-01,7.352410000000000334e-01,5.057260000000000089e-01,4.547229999999999883e-01,1.232010000000000050e-01,2.252079999999999915e-01,1.487030000000000018e-01,8.882499999999999840e-01,-5.143389999999999906e-01,-6.163459999999999495e-01,-8.081199999999999495e-02,-6.928509999999999946e-01,-4.633360000000000256e-01,9.137520000000000087e-01,1.857312000000000074e+00,1.729803999999999897e+00,4.037189999999999945e-01,-1.024372000000000060e+00,-9.223660000000000192e-01,2.252079999999999915e-01,1.653299000000000074e+00,3.782179999999999986e-01,-1.585407999999999928e+00,2.119499999999999856e-02,6.332339999999999636e-01,2.762109999999999843e-01,2.762109999999999843e-01,1.653299000000000074e+00,-8.968639999999999946e-01,-3.370521999999999796e+00,7.862440000000000540e-01,3.272140000000000049e-01,2.252079999999999915e-01,1.653299000000000074e+00,1.117764999999999898e+00,-1.573170000000000124e-01,-1.318149999999999877e-01,-1.828180000000000083e-01,-4.307000000000000065e-03,2.252079999999999915e-01,-8.081199999999999495e-02,9.769999999999999518e-02,5.312280000000000335e-01,1.997059999999999946e-01,-2.980800000000000116e-02,2.762109999999999843e-01,7.219799999999999829e-02,-3.613299999999999845e-01,-1.573170000000000124e-01,4.669600000000000140e-02,1.347280000000000033e+00,-8.458609999999999740e-01,-2.656477000000000199e+00,1.653299000000000074e+00,1.551293000000000033e+00,5.822310000000000541e-01,8.627489999999999881e-01,2.762109999999999843e-01,-9.478670000000000151e-01,-3.868309999999999804e-01,1.143267000000000033e+00,1.551293000000000033e+00,1.487030000000000018e-01,-6.928509999999999946e-01,-9.223660000000000192e-01,1.232010000000000050e-01,3.527159999999999740e-01,-1.330392000000000019e+00,3.527159999999999740e-01,1.576794999999999947e+00,1.219772000000000078e+00,-2.987998000000000154e+00,-2.503467000000000109e+00,1.551293000000000033e+00,2.188833999999999946e+00,1.398282999999999943e+00,9.137520000000000087e-01,2.119499999999999856e-02,1.487030000000000018e-01,2.762109999999999843e-01,-8.203589999999999494e-01,-8.081199999999999495e-02,-2.338210000000000011e-01,-8.081199999999999495e-02,4.802239999999999842e-01,-1.573170000000000124e-01,1.742049999999999987e-01,-5.143389999999999906e-01,8.117459999999999676e-01,1.487030000000000018e-01,-1.318149999999999877e-01,8.882499999999999840e-01,9.392540000000000333e-01,4.669600000000000140e-02,-5.398410000000000153e-01,-9.223660000000000192e-01,9.902570000000000539e-01,8.372469999999999635e-01,1.742049999999999987e-01,-3.868309999999999804e-01,-1.573170000000000124e-01,-3.868309999999999804e-01,5.312280000000000335e-01,1.092262999999999984e+00,7.862440000000000540e-01,-2.083200000000000052e-01,-5.398410000000000153e-01,5.312280000000000335e-01,4.669600000000000140e-02,-4.888379999999999947e-01,-4.888379999999999947e-01,-8.081199999999999495e-02,9.137520000000000087e-01,5.057260000000000089e-01,7.862440000000000540e-01,4.669600000000000140e-02,-1.916929000000000105e+00,1.232010000000000050e-01,9.647550000000000292e-01,8.372469999999999635e-01,6.332339999999999636e-01,1.041260000000000074e+00,4.292210000000000192e-01,-1.075374999999999970e+00,-8.203589999999999494e-01,6.587359999999999882e-01,3.782179999999999986e-01,6.587359999999999882e-01,1.232010000000000050e-01,-6.673489999999999700e-01,-5.908440000000000358e-01,-2.083200000000000052e-01,1.755306000000000033e+00,8.882499999999999840e-01,-5.143389999999999906e-01,-6.928509999999999946e-01,4.292210000000000192e-01,1.232010000000000050e-01,-1.100877000000000105e+00,1.742049999999999987e-01,5.312280000000000335e-01,9.769999999999999518e-02,1.041260000000000074e+00,1.755306000000000033e+00,1.487030000000000018e-01,-1.151880000000000015e+00,-5.908440000000000358e-01,1.474787999999999988e+00,7.352410000000000334e-01,-1.610910000000000064e+00,1.232010000000000050e-01,4.292210000000000192e-01,1.232010000000000050e-01,7.862440000000000540e-01,4.547229999999999883e-01,-7.948570000000000357e-01,1.232010000000000050e-01,1.742049999999999987e-01,9.769999999999999518e-02,-2.980800000000000116e-02,3.272140000000000049e-01,9.137520000000000087e-01,-7.948570000000000357e-01,-6.418479999999999741e-01,3.782179999999999986e-01,3.782179999999999986e-01,-1.828180000000000083e-01,9.769999999999999518e-02,1.908315999999999901e+00,4.292210000000000192e-01,1.997059999999999946e-01,-2.197446999999999928e+00,-2.980800000000000116e-02,2.877378000000000213e+00,3.272140000000000049e-01,-1.763919000000000015e+00,5.312280000000000335e-01,7.219799999999999829e-02,5.822310000000000541e-01,7.352410000000000334e-01,-6.673489999999999700e-01,-8.203589999999999494e-01,3.782179999999999986e-01,1.015759000000000079e+00,1.143267000000000033e+00,4.292210000000000192e-01,-1.483402000000000109e+00,-8.203589999999999494e-01,7.219799999999999829e-02,2.119499999999999856e-02,9.392540000000000333e-01,1.117764999999999898e+00,8.372469999999999635e-01,1.474787999999999988e+00,-1.024372000000000060e+00,-1.406897000000000064e+00,1.232010000000000050e-01,5.567290000000000294e-01,1.487030000000000018e-01,-3.868309999999999804e-01,2.507099999999999884e-01,4.292210000000000192e-01,-6.928509999999999946e-01,8.372469999999999635e-01,6.587359999999999882e-01,-1.318149999999999877e-01,-7.693560000000000398e-01,6.332339999999999636e-01,-4.888379999999999947e-01,6.077320000000000499e-01,1.066761999999999988e+00,1.487030000000000018e-01,-2.338210000000000011e-01,-8.713619999999999699e-01,-1.828180000000000083e-01,6.587359999999999882e-01,1.245273000000000074e+00,3.782179999999999986e-01,-8.458609999999999740e-01,2.762109999999999843e-01,4.669600000000000140e-02,7.097390000000000088e-01,8.117459999999999676e-01,-5.398410000000000153e-01,-1.534405000000000019e+00,5.312280000000000335e-01,1.143267000000000033e+00,1.742049999999999987e-01,1.742049999999999987e-01,3.272140000000000049e-01,6.842369999999999841e-01,-7.183530000000000193e-01,-1.636411000000000060e+00,6.842369999999999841e-01,2.507099999999999884e-01,-4.123330000000000051e-01,6.842369999999999841e-01,7.352410000000000334e-01,1.576794999999999947e+00,2.762109999999999843e-01,-7.438540000000000152e-01,7.862440000000000540e-01,-2.848249999999999948e-01,-1.457899999999999974e+00,6.332339999999999636e-01,8.117459999999999676e-01,-1.828180000000000083e-01,4.292210000000000192e-01,6.332339999999999636e-01,-5.530999999999999805e-02,-2.083200000000000052e-01,-1.151880000000000015e+00,5.822310000000000541e-01,6.332339999999999636e-01,1.742049999999999987e-01,1.066761999999999988e+00,7.352410000000000334e-01,-3.868309999999999804e-01,-5.398410000000000153e-01,-2.593230000000000257e-01,4.292210000000000192e-01,-3.103259999999999907e-01,4.547229999999999883e-01,-2.848249999999999948e-01,-2.083200000000000052e-01,7.352410000000000334e-01,1.015759000000000079e+00,-2.083200000000000052e-01,-8.081199999999999495e-02,-6.163459999999999495e-01,1.232010000000000050e-01,-3.358280000000000154e-01,6.332339999999999636e-01,1.347280000000000033e+00,1.270774999999999988e+00,-2.324955000000000105e+00,-2.848249999999999948e-01,9.902570000000000539e-01,-2.980800000000000116e-02,-2.593230000000000257e-01,1.066761999999999988e+00,9.137520000000000087e-01,-2.083200000000000052e-01,1.997059999999999946e-01,4.802239999999999842e-01,1.066761999999999988e+00,-1.049873999999999974e+00,-3.600036999999999932e+00,7.097390000000000088e-01,9.647550000000000292e-01,1.066761999999999988e+00,-1.063130000000000047e-01,2.800873000000000168e+00,4.547229999999999883e-01,-3.141007999999999800e+00,-1.075374999999999970e+00,1.398282999999999943e+00,5.567290000000000294e-01,7.607420000000000293e-01,3.272140000000000049e-01,-1.573170000000000124e-01,4.802239999999999842e-01,1.742049999999999987e-01,1.487030000000000018e-01,9.392540000000000333e-01,-5.143389999999999906e-01,-1.049873999999999974e+00,9.137520000000000087e-01,7.097390000000000088e-01,-1.687415000000000109e+00,-4.307000000000000065e-03,1.219772000000000078e+00,1.194269999999999943e+00,4.547229999999999883e-01,-9.733690000000000397e-01,-1.916929000000000105e+00,5.312280000000000335e-01,2.112328999999999901e+00,9.137520000000000087e-01,-5.143389999999999906e-01,-1.508903000000000105e+00,1.232010000000000050e-01,1.806308999999999942e+00,-2.980800000000000116e-02,7.862440000000000540e-01,8.372469999999999635e-01,5.312280000000000335e-01,-5.398410000000000153e-01,-1.534405000000000019e+00,9.392540000000000333e-01,9.769999999999999518e-02,5.822310000000000541e-01,-5.398410000000000153e-01,9.137520000000000087e-01,1.321777999999999897e+00,-6.418479999999999741e-01,-2.848249999999999948e-01,-3.358280000000000154e-01,-4.123330000000000051e-01,3.017130000000000090e-01,-1.573170000000000124e-01,-8.081199999999999495e-02,8.882499999999999840e-01,3.782179999999999986e-01,2.762109999999999843e-01,7.862440000000000540e-01,-1.024372000000000060e+00,2.762109999999999843e-01,-9.223660000000000192e-01,-5.653430000000000399e-01,1.474787999999999988e+00,1.245273000000000074e+00,3.272140000000000049e-01,5.312280000000000335e-01,6.332339999999999636e-01,-5.530999999999999805e-02,-8.081199999999999495e-02,1.245273000000000074e+00,-2.338210000000000011e-01,-3.396024000000000154e+00,-6.418479999999999741e-01,1.296276999999999902e+00,2.775370999999999810e+00,-3.868309999999999804e-01,-2.783984999999999932e+00,4.802239999999999842e-01,2.252079999999999915e-01,2.061326000000000214e+00,1.742049999999999987e-01,3.782179999999999986e-01,6.587359999999999882e-01,-9.478670000000000151e-01,9.392540000000000333e-01,4.547229999999999883e-01,-3.613299999999999845e-01,-3.868309999999999804e-01,-8.458609999999999740e-01,4.037189999999999945e-01,5.312280000000000335e-01,-3.613299999999999845e-01,-4.378349999999999742e-01,3.527159999999999740e-01,9.392540000000000333e-01,1.015759000000000079e+00,3.527159999999999740e-01,1.487030000000000018e-01,3.527159999999999740e-01,-1.063130000000000047e-01,-1.318149999999999877e-01,5.567290000000000294e-01,-3.613299999999999845e-01,-5.143389999999999906e-01,1.997059999999999946e-01,-8.081199999999999495e-02,1.092262999999999984e+00,-2.338210000000000011e-01,-1.228385000000000060e+00,7.607420000000000293e-01,-2.593230000000000257e-01,4.547229999999999883e-01,9.902570000000000539e-01,-4.633360000000000256e-01,-8.081199999999999495e-02,9.392540000000000333e-01,5.057260000000000089e-01,7.607420000000000293e-01,1.232010000000000050e-01,-2.338210000000000011e-01,1.066761999999999988e+00,-2.980800000000000116e-02,-1.661912999999999974e+00,3.782179999999999986e-01,8.372469999999999635e-01,-2.083200000000000052e-01,5.312280000000000335e-01,3.017130000000000090e-01,9.769999999999999518e-02,-1.063130000000000047e-01,1.092262999999999984e+00,-1.828180000000000083e-01,-5.143389999999999906e-01,-5.398410000000000153e-01,2.119499999999999856e-02,-4.307000000000000065e-03,9.647550000000000292e-01,8.372469999999999635e-01,-3.103259999999999907e-01,-1.279387999999999970e+00,8.627489999999999881e-01,1.372781000000000029e+00,1.092262999999999984e+00,2.119499999999999856e-02,-4.633360000000000256e-01,-2.848249999999999948e-01,1.678800999999999988e+00,8.372469999999999635e-01,-7.438540000000000152e-01,-1.406897000000000064e+00,5.057260000000000089e-01,1.487030000000000018e-01,-7.693560000000000398e-01,2.119499999999999856e-02,1.449286000000000074e+00,-1.075374999999999970e+00,-5.530999999999999805e-02,9.769999999999999518e-02,-4.888379999999999947e-01,1.143267000000000033e+00,9.647550000000000292e-01,2.762109999999999843e-01,7.862440000000000540e-01,3.527159999999999740e-01,4.547229999999999883e-01,-4.888379999999999947e-01,-4.888379999999999947e-01,-1.355893000000000015e+00,4.037189999999999945e-01,7.862440000000000540e-01,7.607420000000000293e-01,3.272140000000000049e-01,-1.063130000000000047e-01,2.252079999999999915e-01
2.507099999999999884e-01,2.762109999999999843e-01,1.487030000000000018e-01,-2.980800000000000116e-02,-8.081199999999999495e-02,-2.980800000000000116e-02,-2.980800000000000116e-02,-8.081199999999999495e-02,1.232010000000000050e-01,2.507099999999999884e-01,3.272140000000000049e-01,3.017130000000000090e-01,3.272140000000000049e-01,9.769999999999999518e-02,9.769999999999999518e-02,9.769999999999999518e-02,1.232010000000000050e-01,7.219799999999999829e-02,1.997059999999999946e-01,2.507099999999999884e-01,1.232010000000000050e-01,7.219799999999999829e-02,2.507099999999999884e-01,1.232010000000000050e-01,2.119499999999999856e-02,-4.307000000000000065e-03,7.219799999999999829e-02,-5.530999999999999805e-02,1.997059999999999946e-01,4.037189999999999945e-01,2.252079999999999915e-01,2.507099999999999884e-01,3.782179999999999986e-01,1.742049999999999987e-01,4.669600000000000140e-02,-4.307000000000000065e-03,1.997059999999999946e-01,4.669600000000000140e-02,1.742049999999999987e-01,1.742049999999999987e-01,7.219799999999999829e-02,1.997059999999999946e-01,1.487030000000000018e-01,1.232010000000000050e-01,1.232010000000000050e-01,2.252079999999999915e-01,3.017130000000000090e-01,1.997059999999999946e-01,4.669600000000000140e-02,4.669600000000000140e-02,4.669600000000000140e-02,-4.307000000000000065e-03,3.272140000000000049e-01,1.997059999999999946e-01,3.782179999999999986e-01,1.742049999999999987e-01,1.487030000000000018e-01,-4.307000000000000065e-03,9.769999999999999518e-02,1.232010000000000050e-01,1.997059999999999946e-01,2.252079999999999915e-01,2.252079999999999915e-01,-2.980800000000000116e-02,1.742049999999999987e-01,2.762109999999999843e-01,2.252079999999999915e-01,9.769999999999999518e-02,1.232010000000000050e-01,1.232010000000000050e-01,2.252079999999999915e-01,3.017130000000000090e-01,1.997059999999999946e-01,-2.980800000000000116e-02,-8.081199999999999495e-02,9.769999999999999518e-02,2.507099999999999884e-01,1.742049999999999987e-01,-4.307000000000000065e-03,2.507099999999999884e-01,4.292210000000000192e-01,3.782179999999999986e-01,1.742049999999999987e-01,-4.307000000000000065e-03,-1.828180000000000083e-01,-1.573170000000000124e-01,-1.063130000000000047e-01,-1.063130000000000047e-01,1.997059999999999946e-01,6.077320000000000499e-01,7.862440000000000540e-01,2.762109999999999843e-01,-2.980800000000000116e-02,-2.980800000000000116e-02,-5.530999999999999805e-02,-1.318149999999999877e-01,1.742049999999999987e-01,3.017130000000000090e-01,3.017130000000000090e-01,1.487030000000000018e-01,1.997059999999999946e-01,2.252079999999999915e-01,1.232010000000000050e-01,1.232010000000000050e-01,1.742049999999999987e-01,1.487030000000000018e-01,9.769999999999999518e-02,-4.307000000000000065e-03,1.487030000000000018e-01,7.219799999999999829e-02,9.769999999999999518e-02,7.219799999999999829e-02,1.487030000000000018e-01,1.997059999999999946e-01,3.527159999999999740e-01,2.762109999999999843e-01,2.252079999999999915e-01,9.769999999999999518e-02,1.487030000000000018e-01,9.769999999999999518e-02,-5.530999999999999805e-02,1.232010000000000050e-01,2.762109999999999843e-01,1.487030000000000018e-01,-2.980800000000000116e-02,1.487030000000000018e-01,1.742049999999999987e-01,9.769999999999999518e-02,4.669600000000000140e-02,1.997059999999999946e-01,2.507099999999999884e-01,1.232010000000000050e-01,2.252079999999999915e-01,1.232010000000000050e-01,9.769999999999999518e-02,1.997059999999999946e-01,2.252079999999999915e-01,7.219799999999999829e-02,2.507099999999999884e-01,1.742049999999999987e-01,1.487030000000000018e-01,7.219799999999999829e-02,-1.063130000000000047e-01,9.769999999999999518e-02,2.119499999999999856e-02,7.219799999999999829e-02,1.232010000000000050e-01,1.997059999999999946e-01,1.232010000000000050e-01,9.769999999999999518e-02,3.272140000000000049e-01,4.547229999999999883e-01,3.782179999999999986e-01,1.742049999999999987e-01,-2.980800000000000116e-02,-1.063130000000000047e-01,1.487030000000000018e-01,-2.980800000000000116e-02,7.219799999999999829e-02,2.762109999999999843e-01,2.507099999999999884e-01,4.669600000000000140e-02,-4.307000000000000065e-03,7.219799999999999829e-02,1.232010000000000050e-01,-5.530999999999999805e-02,3.017130000000000090e-01,5.312280000000000335e-01,6.587359999999999882e-01,4.292210000000000192e-01,7.219799999999999829e-02,-1.063130000000000047e-01,2.119499999999999856e-02,-8.081199999999999495e-02,-1.573170000000000124e-01,-8.081199999999999495e-02,-4.307000000000000065e-03,2.762109999999999843e-01,1.997059999999999946e-01,2.762109999999999843e-01,4.037189999999999945e-01,2.762109999999999843e-01,2.252079999999999915e-01,2.119499999999999856e-02,-4.307000000000000065e-03,-2.980800000000000116e-02,3.017130000000000090e-01,2.507099999999999884e-01,3.017130000000000090e-01,2.762109999999999843e-01,1.742049999999999987e-01,2.119499999999999856e-02,-8.081199999999999495e-02,7.219799999999999829e-02,-2.083200000000000052e-01,-1.318149999999999877e-01,4.669600000000000140e-02,4.547229999999999883e-01,2.762109999999999843e-01,3.782179999999999986e-01,-1.573170000000000124e-01,7.219799999999999829e-02,6.332339999999999636e-01,4.037189999999999945e-01,4.547229999999999883e-01,4.292210000000000192e-01,9.769999999999999518e-02,4.669600000000000140e-02,-1.828180000000000083e-01,-3.613299999999999845e-01,-1.318149999999999877e-01,2.119499999999999856e-02,4.669600000000000140e-02,3.782179999999999986e-01,-1.318149999999999877e-01,-8.081199999999999495e-02,4.037189999999999945e-01,3.527159999999999740e-01,7.219799999999999829e-02,5.057260000000000089e-01,2.762109999999999843e-01,1.997059999999999946e-01,1.487030000000000018e-01,2.507099999999999884e-01,-1.318149999999999877e-01,-3.868309999999999804e-01,1.997059999999999946e-01,3.782179999999999986e-01,2.252079999999999915e-01,9.769999999999999518e-02,1.487030000000000018e-01,1.997059999999999946e-01,1.487030000000000018e-01,-4.307000000000000065e-03,-1.828180000000000083e-01,1.742049999999999987e-01,1.742049999999999987e-01,2.762109999999999843e-01,1.997059999999999946e-01,2.762109999999999843e-01,1.742049999999999987e-01,-4.307000000000000065e-03,1.487030000000000018e-01,3.782179999999999986e-01,5.312280000000000335e-01,-8.081199999999999495e-02,1.997059999999999946e-01,5.057260000000000089e-01,-2.083200000000000052e-01,-4.888379999999999947e-01,1.742049999999999987e-01,1.487030000000000018e-01,-3.358280000000000154e-01,-3.868309999999999804e-01,2.507099999999999884e-01,3.017130000000000090e-01,6.842369999999999841e-01,4.802239999999999842e-01,8.882499999999999840e-01,4.292210000000000192e-01,2.119499999999999856e-02,2.507099999999999884e-01,1.232010000000000050e-01,-5.530999999999999805e-02,-2.083200000000000052e-01,-2.593230000000000257e-01,1.487030000000000018e-01,-4.307000000000000065e-03,2.119499999999999856e-02,2.762109999999999843e-01,1.487030000000000018e-01,4.669600000000000140e-02,2.762109999999999843e-01,2.762109999999999843e-01,2.119499999999999856e-02,-1.573170000000000124e-01,3.272140000000000049e-01,1.997059999999999946e-01,-8.081199999999999495e-02,4.802239999999999842e-01,6.842369999999999841e-01,8.882499999999999840e-01,2.252079999999999915e-01,-4.378349999999999742e-01,-3.103259999999999907e-01,7.219799999999999829e-02,-4.307000000000000065e-03,-8.081199999999999495e-02,-1.318149999999999877e-01,1.232010000000000050e-01,2.762109999999999843e-01,5.312280000000000335e-01,-5.530999999999999805e-02,3.272140000000000049e-01,3.017130000000000090e-01,4.669600000000000140e-02,1.232010000000000050e-01,-1.318149999999999877e-01,1.997059999999999946e-01,3.272140000000000049e-01,4.292210000000000192e-01,3.017130000000000090e-01,-2.338210000000000011e-01,-5.530999999999999805e-02,2.252079999999999915e-01,1.487030000000000018e-01,-5.143389999999999906e-01,-3.613299999999999845e-01,2.762109999999999843e-01,4.802239999999999842e-01,6.332339999999999636e-01,5.822310000000000541e-01,2.252079999999999915e-01,-8.081199999999999495e-02,2.119499999999999856e-02,-3.613299999999999845e-01,-4.307000000000000065e-03,1.487030000000000018e-01,4.547229999999999883e-01,4.037189999999999945e-01,-1.063130000000000047e-01,-1.063130000000000047e-01,-2.980800000000000116e-02,1.997059999999999946e-01,2.119499999999999856e-02,2.507099999999999884e-01,5.822310000000000541e-01,1.232010000000000050e-01,2.252079999999999915e-01,2.252079999999999915e-01,1.742049999999999987e-01,2.252079999999999915e-01,-8.081199999999999495e-02,-5.530999999999999805e-02,-1.828180000000000083e-01,-2.338210000000000011e-01,7.219799999999999829e-02,1.997059999999999946e-01,4.547229999999999883e-01,1.487030000000000018e-01,9.769999999999999518e-02,4.802239999999999842e-01,2.252079999999999915e-01,-2.980800000000000116e-02,3.272140000000000049e-01,3.272140000000000049e-01,2.507099999999999884e-01,7.219799999999999829e-02,7.219799999999999829e-02,7.219799999999999829e-02,-8.081199999999999495e-02,1.487030000000000018e-01,-2.980800000000000116e-02,4.669600000000000140e-02,-2.848249999999999948e-01,-2.338210000000000011e-01,2.762109999999999843e-01,6.077320000000000499e-01,4.292210000000000192e-01,3.527159999999999740e-01,1.742049999999999987e-01,2.762109999999999843e-01,7.607420000000000293e-01,-2.980800000000000116e-02,-1.279387999999999970e+00,-8.203589999999999494e-01,-8.081199999999999495e-02,1.066761999999999988e+00,8.627489999999999881e-01,5.312280000000000335e-01,-1.063130000000000047e-01,-1.063130000000000047e-01,7.607420000000000293e-01,1.372781000000000029e+00,-1.202884000000000064e+00,-6.163459999999999495e-01,-4.888379999999999947e-01,6.077320000000000499e-01,2.239837000000000078e+00,8.117459999999999676e-01,-1.661912999999999974e+00,-2.860489999999999977e+00,8.372469999999999635e-01,1.066761999999999988e+00,1.959319000000000033e+00,1.296276999999999902e+00,-9.223660000000000192e-01,-1.661912999999999974e+00,9.769999999999999518e-02,-5.530999999999999805e-02,-5.143389999999999906e-01,7.097390000000000088e-01,9.137520000000000087e-01,6.842369999999999841e-01,7.352410000000000334e-01,5.312280000000000335e-01,-5.908440000000000358e-01,-4.633360000000000256e-01,3.272140000000000049e-01,1.997059999999999946e-01,9.769999999999999518e-02,-4.307000000000000065e-03,7.219799999999999829e-02,-4.307000000000000065e-03,-4.633360000000000256e-01,2.119499999999999856e-02,1.997059999999999946e-01,2.507099999999999884e-01,4.292210000000000192e-01,1.487030000000000018e-01,-4.378349999999999742e-01,1.347280000000000033e+00,6.842369999999999841e-01,-3.103259999999999907e-01,-9.223660000000000192e-01,2.252079999999999915e-01,4.037189999999999945e-01,1.321777999999999897e+00,6.587359999999999882e-01,-2.848249999999999948e-01,-1.738418000000000019e+00,-1.814923000000000064e+00,1.015759000000000079e+00,1.908315999999999901e+00,9.769999999999999518e-02,2.086826999999999988e+00,-7.183530000000000193e-01,-1.508903000000000105e+00,-4.307000000000000065e-03,7.097390000000000088e-01,-7.183530000000000193e-01,7.607420000000000293e-01,8.882499999999999840e-01,3.272140000000000049e-01,4.802239999999999842e-01,7.219799999999999829e-02,-4.633360000000000256e-01,-4.378349999999999742e-01,-7.948570000000000357e-01,-1.828180000000000083e-01,5.822310000000000541e-01,4.037189999999999945e-01,5.822310000000000541e-01,7.352410000000000334e-01,5.822310000000000541e-01,-2.338210000000000011e-01,1.041260000000000074e+00,-8.081199999999999495e-02,-4.059065999999999619e+00,-2.503467000000000109e+00,7.607420000000000293e-01,1.933816999999999897e+00,3.285404000000000213e+00,3.004885999999999946e+00,-6.163459999999999495e-01,-1.202884000000000064e+00,-3.868309999999999804e-01,9.769999999999999518e-02,4.802239999999999842e-01,1.500289999999999901e+00,5.312280000000000335e-01,-4.186575000000000379e+00,-1.406897000000000064e+00,1.041260000000000074e+00,2.188833999999999946e+00,1.245273000000000074e+00,-1.483402000000000109e+00,-4.307000000000000065e-03,3.208899000000000168e+00,-5.908440000000000358e-01,-1.228385000000000060e+00,-1.228385000000000060e+00,5.567290000000000294e-01,1.296276999999999902e+00,6.332339999999999636e-01,1.015759000000000079e+00,8.882499999999999840e-01,1.372781000000000029e+00,-1.828180000000000083e-01,-2.197446999999999928e+00,-8.203589999999999494e-01,-2.980800000000000116e-02,1.551293000000000033e+00,6.842369999999999841e-01,-7.438540000000000152e-01,1.143267000000000033e+00,-1.318149999999999877e-01,-2.528967999999999883e+00,4.037189999999999945e-01,2.316342000000000123e+00,-4.378349999999999742e-01,4.037189999999999945e-01,9.902570000000000539e-01,-1.432398000000000060e+00,-1.228385000000000060e+00,1.984820999999999946e+00,5.822310000000000541e-01,1.245273000000000074e+00,6.077320000000000499e-01,4.292210000000000192e-01,-7.438540000000000152e-01,-8.081199999999999495e-02,2.119499999999999856e-02,-2.848249999999999948e-01,-1.355893000000000015e+00,-1.100877000000000105e+00,3.272140000000000049e-01,1.232010000000000050e-01,7.607420000000000293e-01,-7.438540000000000152e-01,1.487030000000000018e-01,2.112328999999999901e+00,9.902570000000000539e-01,5.822310000000000541e-01,1.232010000000000050e-01,-8.968639999999999946e-01,-8.203589999999999494e-01,1.882813999999999988e+00,-8.968639999999999946e-01,-8.968639999999999946e-01,2.507099999999999884e-01,1.117764999999999898e+00,4.547229999999999883e-01,1.092262999999999984e+00,-2.593230000000000257e-01,-7.183530000000000193e-01,4.292210000000000192e-01,-6.163459999999999495e-01,8.372469999999999635e-01,-8.203589999999999494e-01,2.010321999999999942e+00,1.780807999999999947e+00,-1.891428000000000109e+00,-5.653430000000000399e-01,-1.253886999999999974e+00,5.057260000000000089e-01,6.077320000000000499e-01,3.017130000000000090e-01,5.822310000000000541e-01,8.882499999999999840e-01,-2.338210000000000011e-01,3.272140000000000049e-01,6.842369999999999841e-01,2.507099999999999884e-01,-1.865925999999999974e+00,-9.988700000000000356e-01,9.902570000000000539e-01,1.704302999999999901e+00,1.245273000000000074e+00,-4.307000000000000065e-03,-7.183530000000000193e-01,1.487030000000000018e-01,4.669600000000000140e-02,1.066761999999999988e+00,-1.738418000000000019e+00,-2.401460000000000150e+00,3.336406999999999901e+00,1.576794999999999947e+00,5.822310000000000541e-01,-4.307000000000000065e-03,8.117459999999999676e-01,1.270774999999999988e+00,1.270774999999999988e+00,-2.248451000000000199e+00,-3.370521999999999796e+00,-9.478670000000000151e-01,5.312280000000000335e-01,3.782179999999999986e-01,3.361908999999999814e+00,1.041260000000000074e+00,-3.064503000000000199e+00,-1.126379000000000019e+00,1.321777999999999897e+00,2.137830000000000119e+00,1.245273000000000074e+00,5.057260000000000089e-01,4.037189999999999945e-01,-2.083200000000000052e-01,-3.358280000000000154e-01,-2.338210000000000011e-01,-3.103259999999999907e-01,-2.848249999999999948e-01,1.270774999999999988e+00,2.507099999999999884e-01,-1.687415000000000109e+00,-1.559906000000000015e+00,1.742049999999999987e-01,1.143267000000000033e+00,5.057260000000000089e-01,1.997059999999999946e-01,9.137520000000000087e-01,6.842369999999999841e-01,5.057260000000000089e-01,8.117459999999999676e-01,3.527159999999999740e-01,-2.083200000000000052e-01,-1.100877000000000105e+00,6.842369999999999841e-01,-2.593230000000000257e-01,-8.458609999999999740e-01,-2.338210000000000011e-01,7.607420000000000293e-01,2.086826999999999988e+00,5.567290000000000294e-01,-2.426962000000000064e+00,-1.151880000000000015e+00,-3.103259999999999907e-01,-2.980800000000000116e-02,9.902570000000000539e-01,1.092262999999999984e+00,1.423785000000000078e+00,1.959319000000000033e+00,-3.868309999999999804e-01,-2.083200000000000052e-01,-1.457899999999999974e+00,-1.304890000000000105e+00,-2.630974999999999842e+00,8.882499999999999840e-01,2.647863000000000078e+00,1.347280000000000033e+00,8.117459999999999676e-01,1.219772000000000078e+00,-1.304890000000000105e+00,1.742049999999999987e-01,-1.573170000000000124e-01,8.627489999999999881e-01,-4.888379999999999947e-01,-2.962495999999999796e+00,-9.988700000000000356e-01,4.547229999999999883e-01,2.545856999999999815e+00,1.882813999999999988e+00,1.143267000000000033e+00,3.782179999999999986e-01,2.507099999999999884e-01,-1.828180000000000083e-01,-1.573170000000000124e-01,2.507099999999999884e-01,3.017130000000000090e-01,-1.024372000000000060e+00,-2.069939000000000195e+00,-7.693560000000000398e-01,1.474787999999999988e+00,1.398282999999999943e+00,5.312280000000000335e-01,-1.228385000000000060e+00,-3.613299999999999845e-01,3.782179999999999986e-01,3.527159999999999740e-01,-8.081199999999999495e-02,9.647550000000000292e-01,1.423785000000000078e+00,8.627489999999999881e-01,6.587359999999999882e-01,1.232010000000000050e-01,6.587359999999999882e-01,7.862440000000000540e-01,-1.483402000000000109e+00,-3.141007999999999800e+00,9.392540000000000333e-01,1.487030000000000018e-01,-8.081199999999999495e-02,7.862440000000000540e-01,1.066761999999999988e+00,-2.083200000000000052e-01,-7.693560000000000398e-01,1.219772000000000078e+00,9.647550000000000292e-01,-1.355893000000000015e+00,2.507099999999999884e-01,3.527159999999999740e-01,-1.100877000000000105e+00,1.168768000000000029e+00,2.265338999999999992e+00,-1.063130000000000047e-01,-2.477965000000000195e+00,8.372469999999999635e-01,1.245273000000000074e+00,4.292210000000000192e-01,1.806308999999999942e+00,-4.307000000000000065e-03,-1.916929000000000105e+00,-1.075374999999999970e+00,-6.928509999999999946e-01,4.292210000000000192e-01,1.015759000000000079e+00,9.647550000000000292e-01,3.272140000000000049e-01,2.119499999999999856e-02,-1.228385000000000060e+00,6.587359999999999882e-01,1.041260000000000074e+00,1.232010000000000050e-01,2.252079999999999915e-01,7.352410000000000334e-01,-2.083200000000000052e-01,-9.478670000000000151e-01,2.252079999999999915e-01,1.627798000000000078e+00,-3.613299999999999845e-01,-1.573170000000000124e-01,2.762109999999999843e-01,5.057260000000000089e-01,8.882499999999999840e-01,-1.573170000000000124e-01,-2.338210000000000011e-01,7.219799999999999829e-02,9.769999999999999518e-02,3.782179999999999986e-01,3.527159999999999740e-01,-1.318149999999999877e-01,-1.406897000000000064e+00,6.587359999999999882e-01,1.321777999999999897e+00,-4.633360000000000256e-01,-3.868309999999999804e-01,8.117459999999999676e-01,1.168768000000000029e+00,3.527159999999999740e-01,-2.120941999999999883e+00,6.077320000000000499e-01,1.474787999999999988e+00,9.392540000000000333e-01,-1.151880000000000015e+00,-9.223660000000000192e-01,4.292210000000000192e-01,1.653299000000000074e+00,8.372469999999999635e-01,-3.613299999999999845e-01,-4.307000000000000065e-03,-9.478670000000000151e-01,-4.633360000000000256e-01,1.143267000000000033e+00,4.292210000000000192e-01,-9.988700000000000356e-01,4.037189999999999945e-01,-5.530999999999999805e-02,-8.458609999999999740e-01,7.219799999999999829e-02,7.352410000000000334e-01,8.117459999999999676e-01,9.137520000000000087e-01,1.449286000000000074e+00,1.015759000000000079e+00,8.117459999999999676e-01,-1.661912999999999974e+00,-1.228385000000000060e+00,4.669600000000000140e-02,-1.228385000000000060e+00,4.292210000000000192e-01,1.704302999999999901e+00,9.137520000000000087e-01,-3.868309999999999804e-01,-2.083200000000000052e-01,3.017130000000000090e-01,3.272140000000000049e-01,8.372469999999999635e-01,-7.693560000000000398e-01,2.507099999999999884e-01,5.057260000000000089e-01,-4.888379999999999947e-01,-7.948570000000000357e-01,6.842369999999999841e-01,1.806308999999999942e+00,-1.100877000000000105e+00,-2.375958999999999932e+00,2.762109999999999843e-01,1.487030000000000018e-01,1.551293000000000033e+00,2.163332000000000033e+00,5.057260000000000089e-01,-4.378349999999999742e-01,3.017130000000000090e-01,1.742049999999999987e-01,9.647550000000000292e-01,-3.358280000000000154e-01,-4.633360000000000256e-01,-5.653430000000000399e-01,-1.573170000000000124e-01,-4.378349999999999742e-01,4.802239999999999842e-01,4.292210000000000192e-01,2.252079999999999915e-01,2.507099999999999884e-01,-2.083200000000000052e-01,3.017130000000000090e-01,2.762109999999999843e-01,7.219799999999999829e-02,1.997059999999999946e-01,6.332339999999999636e-01,4.292210000000000192e-01,-3.613299999999999845e-01,5.312280000000000335e-01,-1.585407999999999928e+00,-1.075374999999999970e+00,1.627798000000000078e+00,2.953882999999999814e+00,-1.318149999999999877e-01,-3.243014000000000063e+00,-1.100877000000000105e+00,1.831811000000000078e+00,1.270774999999999988e+00,-5.908440000000000358e-01,5.567290000000000294e-01,-2.980800000000000116e-02,1.041260000000000074e+00,7.097390000000000088e-01,-2.593230000000000257e-01,-1.253886999999999974e+00,-1.202884000000000064e+00,4.669600000000000140e-02,5.822310000000000541e-01,4.037189999999999945e-01,7.607420000000000293e-01,1.997059999999999946e-01,-2.083200000000000052e-01,9.392540000000000333e-01,-1.828180000000000083e-01,2.507099999999999884e-01,5.312280000000000335e-01,-8.968639999999999946e-01,-1.828180000000000083e-01,1.742049999999999987e-01,1.474787999999999988e+00,7.607420000000000293e-01,2.119499999999999856e-02,1.742049999999999987e-01,-2.338210000000000011e-01,-3.358280000000000154e-01,-5.908440000000000358e-01,-1.318149999999999877e-01,2.119499999999999856e-02,1.551293000000000033e+00,5.822310000000000541e-01,-9.733690000000000397e-01,-1.534405000000000019e+00,-5.398410000000000153e-01,1.245273000000000074e+00,1.729803999999999897e+00,5.057260000000000089e-01,-1.253886999999999974e+00,-2.338210000000000011e-01,-5.530999999999999805e-02,2.265338999999999992e+00,-8.081199999999999495e-02,-1.406897000000000064e+00,-6.418479999999999741e-01,4.802239999999999842e-01,1.602295999999999943e+00,4.292210000000000192e-01,2.367344999999999811e+00,-3.613299999999999845e-01,-1.483402000000000109e+00,-8.458609999999999740e-01,-8.081199999999999495e-02,2.119499999999999856e-02,3.017130000000000090e-01,4.547229999999999883e-01,6.842369999999999841e-01,9.769999999999999518e-02,3.527159999999999740e-01,1.232010000000000050e-01,6.842369999999999841e-01,-2.338210000000000011e-01,-1.738418000000000019e+00,-8.081199999999999495e-02,9.902570000000000539e-01,1.678800999999999988e+00,-1.279387999999999970e+00,5.822310000000000541e-01,1.729803999999999897e+00,-9.988700000000000356e-01,-2.324955000000000105e+00,-3.358280000000000154e-01,1.143267000000000033e+00,1.780807999999999947e+00,1.806308999999999942e+00,6.842369999999999841e-01,-2.980800000000000116e-02,2.762109999999999843e-01,4.802239999999999842e-01,-2.083200000000000052e-01,-2.018936000000000064e+00,-1.916929000000000105e+00,-2.338210000000000011e-01,8.117459999999999676e-01,6.077320000000000499e-01,5.312280000000000335e-01,2.252079999999999915e-01,1.576794999999999947e+00,1.015759000000000079e+00,3.782179999999999986e-01,1.997059999999999946e-01,5.312280000000000335e-01,1.742049999999999987e-01,-1.100877000000000105e+00,-1.534405000000000019e+00,-2.593230000000000257e-01,5.822310000000000541e-01,7.352410000000000334e-01,9.392540000000000333e-01,1.194269999999999943e+00,3.527159999999999740e-01,-7.183530000000000193e-01,-7.438540000000000152e-01,1.143267000000000033e+00,-8.081199999999999495e-02,-2.248451000000000199e+00,5.312280000000000335e-01,1.908315999999999901e+00,1.015759000000000079e+00,-8.458609999999999740e-01,-6.418479999999999741e-01,6.332339999999999636e-01,7.097390000000000088e-01,9.769999999999999518e-02,-4.378349999999999742e-01,2.119499999999999856e-02,5.822310000000000541e-01,5.822310000000000541e-01,2.252079999999999915e-01,1.997059999999999946e-01,-5.143389999999999906e-01,9.769999999999999518e-02,2.119499999999999856e-02,1.232010000000000050e-01,-4.307000000000000065e-03,1.997059999999999946e-01,1.487030000000000018e-01,-4.307000000000000065e-03,7.097390000000000088e-01,2.762109999999999843e-01,7.607420000000000293e-01,-1.916929000000000105e+00,-1.024372000000000060e+00,1.449286000000000074e+00,2.762109999999999843e-01,7.352410000000000334e-01,1.092262999999999984e+00,1.908315999999999901e+00,3.272140000000000049e-01,-1.457899999999999974e+00,-7.438540000000000152e-01,-1.063130000000000047e-01,3.272140000000000049e-01,9.902570000000000539e-01,1.704302999999999901e+00,-1.993433999999999928e+00,-3.192010999999999932e+00,1.398282999999999943e+00,1.092262999999999984e+00,8.372469999999999635e-01,7.097390000000000088e-01,-2.848249999999999948e-01,-1.049873999999999974e+00,2.762109999999999843e-01,3.017130000000000090e-01,2.762109999999999843e-01,1.117764999999999898e+00,6.587359999999999882e-01,-3.103259999999999907e-01,-1.063130000000000047e-01,7.219799999999999829e-02,9.769999999999999518e-02,8.372469999999999635e-01,-5.908440000000000358e-01,2.119499999999999856e-02,-1.279387999999999970e+00,5.567290000000000294e-01,2.086826999999999988e+00,-2.758483000000000018e+00,-2.848249999999999948e-01,2.035823999999999856e+00,1.423785000000000078e+00,1.041260000000000074e+00,5.312280000000000335e-01,-2.848249999999999948e-01,4.547229999999999883e-01,-1.763919000000000015e+00,-5.530999999999999805e-02,4.802239999999999842e-01,9.137520000000000087e-01,3.017130000000000090e-01,-5.908440000000000358e-01,-3.613299999999999845e-01,-1.573170000000000124e-01,1.997059999999999946e-01,1.997059999999999946e-01,6.077320000000000499e-01,4.547229999999999883e-01,5.057260000000000089e-01,1.066761999999999988e+00,-5.398410000000000153e-01,-1.738418000000000019e+00,3.272140000000000049e-01,-6.673489999999999700e-01,1.347280000000000033e+00,2.239837000000000078e+00,2.119499999999999856e-02,-1.304890000000000105e+00,-1.828180000000000083e-01,2.507099999999999884e-01,1.245273000000000074e+00,6.587359999999999882e-01,2.252079999999999915e-01,-5.398410000000000153e-01,-1.318149999999999877e-01,-1.318149999999999877e-01,-1.049873999999999974e+00,5.822310000000000541e-01,1.704302999999999901e+00,-6.928509999999999946e-01,-2.452463999999999977e+00,-8.081199999999999495e-02,1.270774999999999988e+00,1.678800999999999988e+00,1.347280000000000033e+00,-8.081199999999999495e-02,-8.713619999999999699e-01,1.066761999999999988e+00,1.219772000000000078e+00,-1.508903000000000105e+00,4.037189999999999945e-01,6.842369999999999841e-01,-1.712916000000000105e+00,-6.418479999999999741e-01,9.137520000000000087e-01,1.117764999999999898e+00,3.017130000000000090e-01,-1.828180000000000083e-01,-1.049873999999999974e+00,6.842369999999999841e-01,7.097390000000000088e-01,9.137520000000000087e-01,9.392540000000000333e-01,-8.713619999999999699e-01,-6.163459999999999495e-01,9.137520000000000087e-01,3.782179999999999986e-01,-7.183530000000000193e-01,1.653299000000000074e+00,1.232010000000000050e-01,-1.406897000000000064e+00,-7.693560000000000398e-01,-3.613299999999999845e-01,7.097390000000000088e-01,8.117459999999999676e-01,1.194269999999999943e+00,1.525790999999999897e+00,-4.888379999999999947e-01,-1.967932999999999932e+00,4.802239999999999842e-01,9.769999999999999518e-02,5.057260000000000089e-01,3.782179999999999986e-01,1.997059999999999946e-01,-1.573170000000000124e-01,-4.307000000000000065e-03,4.292210000000000192e-01,-7.948570000000000357e-01,-2.146443999999999797e+00,-8.081199999999999495e-02,1.576794999999999947e+00,1.984820999999999946e+00,7.607420000000000293e-01,4.037189999999999945e-01,-1.432398000000000060e+00,-4.378349999999999742e-01,1.066761999999999988e+00,1.755306000000000033e+00,4.292210000000000192e-01,-1.573170000000000124e-01,-8.968639999999999946e-01,-5.398410000000000153e-01,-1.318149999999999877e-01,-5.143389999999999906e-01,2.507099999999999884e-01,8.882499999999999840e-01,1.015759000000000079e+00,-1.063130000000000047e-01,-1.202884000000000064e+00,-5.653430000000000399e-01,2.507099999999999884e-01,9.902570000000000539e-01,1.321777999999999897e+00,-4.633360000000000256e-01,-3.358280000000000154e-01,3.272140000000000049e-01,7.097390000000000088e-01,6.077320000000000499e-01,4.292210000000000192e-01,1.997059999999999946e-01,-2.980800000000000116e-02,-1.253886999999999974e+00,-4.633360000000000256e-01,-3.103259999999999907e-01,7.607420000000000293e-01,1.551293000000000033e+00,1.270774999999999988e+00,-8.713619999999999699e-01,-2.681977999999999973e+00,1.245273000000000074e+00,5.057260000000000089e-01,-6.673489999999999700e-01,9.392540000000000333e-01,2.507099999999999884e-01,1.168768000000000029e+00,1.041260000000000074e+00,-6.928509999999999946e-01,7.219799999999999829e-02,4.669600000000000140e-02,1.296276999999999902e+00,5.057260000000000089e-01,6.077320000000000499e-01,-6.163459999999999495e-01,-1.202884000000000064e+00,-1.049873999999999974e+00,-2.848249999999999948e-01,3.782179999999999986e-01,5.312280000000000335e-01,-4.888379999999999947e-01,1.296276999999999902e+00,6.587359999999999882e-01,7.607420000000000293e-01,-6.928509999999999946e-01,-5.530999999999999805e-02,7.607420000000000293e-01,1.232010000000000050e-01,2.762109999999999843e-01,5.312280000000000335e-01,1.997059999999999946e-01,-1.063130000000000047e-01,-1.534405000000000019e+00,5.567290000000000294e-01,9.392540000000000333e-01,2.507099999999999884e-01,2.507099999999999884e-01,-3.868309999999999804e-01,5.822310000000000541e-01,-4.633360000000000256e-01,-1.573170000000000124e-01,-5.143389999999999906e-01,8.627489999999999881e-01,2.418347999999999942e+00,-4.378349999999999742e-01,-2.605472999999999928e+00,1.755306000000000033e+00,-6.673489999999999700e-01,-1.573170000000000124e-01,1.219772000000000078e+00,6.587359999999999882e-01,7.352410000000000334e-01,6.077320000000000499e-01,4.037189999999999945e-01,-1.406897000000000064e+00,-8.968639999999999946e-01,3.527159999999999740e-01,3.272140000000000049e-01,-6.928509999999999946e-01,4.669600000000000140e-02,1.997059999999999946e-01,2.507099999999999884e-01,3.272140000000000049e-01,9.392540000000000333e-01,2.762109999999999843e-01,5.567290000000000294e-01,1.997059999999999946e-01,4.292210000000000192e-01,1.232010000000000050e-01,-8.968639999999999946e-01,7.607420000000000293e-01,8.117459999999999676e-01,8.882499999999999840e-01,-1.636411000000000060e+00,-1.559906000000000015e+00,1.997059999999999946e-01,1.194269999999999943e+00,-2.848249999999999948e-01,-1.330392000000000019e+00,6.587359999999999882e-01,1.500289999999999901e+00,1.602295999999999943e+00,8.882499999999999840e-01,9.647550000000000292e-01,-6.928509999999999946e-01,-1.559906000000000015e+00,-4.888379999999999947e-01,-3.613299999999999845e-01,-5.530999999999999805e-02,1.168768000000000029e+00,3.272140000000000049e-01,-8.968639999999999946e-01,-1.075374999999999970e+00,1.194269999999999943e+00,1.500289999999999901e+00,1.296276999999999902e+00,8.372469999999999635e-01,-4.888379999999999947e-01,-1.763919000000000015e+00,1.066761999999999988e+00,1.117764999999999898e+00,9.392540000000000333e-01,-3.358280000000000154e-01,-2.848249999999999948e-01,1.997059999999999946e-01,-6.163459999999999495e-01,-1.573170000000000124e-01,-1.100877000000000105e+00,1.487030000000000018e-01,7.352410000000000334e-01,1.194269999999999943e+00,6.587359999999999882e-01,8.117459999999999676e-01,-3.103259999999999907e-01,-9.988700000000000356e-01,-6.418479999999999741e-01,-4.123330000000000051e-01,9.647550000000000292e-01,3.527159999999999740e-01,-2.848249999999999948e-01,9.769999999999999518e-02,2.214335000000000164e+00,1.321777999999999897e+00,-8.968639999999999946e-01,-1.508903000000000105e+00,6.842369999999999841e-01,7.219799999999999829e-02,-2.593230000000000257e-01,4.547229999999999883e-01,-2.980800000000000116e-02,5.312280000000000335e-01,-2.980800000000000116e-02,3.272140000000000049e-01,4.669600000000000140e-02,-1.318149999999999877e-01,-5.143389999999999906e-01,1.742049999999999987e-01,3.272140000000000049e-01,7.862440000000000540e-01,9.902570000000000539e-01,-8.968639999999999946e-01,2.119499999999999856e-02,4.292210000000000192e-01,-8.713619999999999699e-01,4.802239999999999842e-01,8.372469999999999635e-01,2.163332000000000033e+00,-2.848249999999999948e-01,-5.908440000000000358e-01,-2.848249999999999948e-01,-6.163459999999999495e-01,2.762109999999999843e-01,3.782179999999999986e-01,4.037189999999999945e-01,-2.848249999999999948e-01,2.507099999999999884e-01,4.547229999999999883e-01,-1.049873999999999974e+00,4.037189999999999945e-01,1.997059999999999946e-01,1.997059999999999946e-01,1.627798000000000078e+00,1.092262999999999984e+00,8.117459999999999676e-01,4.037189999999999945e-01,-8.968639999999999946e-01,-1.100877000000000105e+00,2.119499999999999856e-02,8.372469999999999635e-01,2.507099999999999884e-01,-7.948570000000000357e-01,-1.559906000000000015e+00,1.551293000000000033e+00,4.037189999999999945e-01,1.742049999999999987e-01,6.842369999999999841e-01,1.232010000000000050e-01,-8.713619999999999699e-01,-1.828180000000000083e-01,3.527159999999999740e-01,4.802239999999999842e-01,4.802239999999999842e-01,8.882499999999999840e-01,7.607420000000000293e-01,-8.458609999999999740e-01,-5.398410000000000153e-01,5.567290000000000294e-01,2.507099999999999884e-01,2.762109999999999843e-01,-1.075374999999999970e+00,-1.610910000000000064e+00,6.587359999999999882e-01,1.015759000000000079e+00,1.143267000000000033e+00,1.092262999999999984e+00,6.587359999999999882e-01,-8.081199999999999495e-02,-1.024372000000000060e+00,-3.868309999999999804e-01,3.527159999999999740e-01,3.782179999999999986e-01,3.782179999999999986e-01,9.902570000000000539e-01,-9.733690000000000397e-01,-1.330392000000000019e+00,3.272140000000000049e-01,-8.458609999999999740e-01,3.527159999999999740e-01,9.137520000000000087e-01,6.587359999999999882e-01,1.194269999999999943e+00,3.017130000000000090e-01,-1.916929000000000105e+00,-1.100877000000000105e+00,7.352410000000000334e-01,7.607420000000000293e-01,1.092262999999999984e+00,5.822310000000000541e-01,4.037189999999999945e-01,1.245273000000000074e+00,4.547229999999999883e-01,-1.610910000000000064e+00,-6.418479999999999741e-01,-2.338210000000000011e-01,-4.888379999999999947e-01,8.372469999999999635e-01,4.802239999999999842e-01,6.842369999999999841e-01,1.729803999999999897e+00,4.292210000000000192e-01,-2.783984999999999932e+00,-2.848249999999999948e-01,1.168768000000000029e+00,-2.980800000000000116e-02,7.097390000000000088e-01,6.077320000000000499e-01,-8.081199999999999495e-02,2.507099999999999884e-01,-4.307000000000000065e-03,1.755306000000000033e+00,-9.988700000000000356e-01,-2.834988000000000063e+00,-6.673489999999999700e-01,1.704302999999999901e+00,2.341844000000000037e+00,8.882499999999999840e-01,4.802239999999999842e-01,4.547229999999999883e-01,4.669600000000000140e-02,-8.081199999999999495e-02,3.782179999999999986e-01,-5.530999999999999805e-02,-2.222948999999999842e+00,-2.146443999999999797e+00,3.272140000000000049e-01,9.902570000000000539e-01,4.669600000000000140e-02,1.296276999999999902e+00,1.270774999999999988e+00,1.219772000000000078e+00,4.292210000000000192e-01,1.487030000000000018e-01,-2.980800000000000116e-02,-5.530999999999999805e-02,-8.081199999999999495e-02,-4.378349999999999742e-01,-3.868309999999999804e-01,-1.828180000000000083e-01,1.232010000000000050e-01,3.272140000000000049e-01,2.762109999999999843e-01,5.822310000000000541e-01,3.272140000000000049e-01,-7.948570000000000357e-01,-3.868309999999999804e-01,2.035823999999999856e+00,6.842369999999999841e-01,-2.962495999999999796e+00,3.782179999999999986e-01,1.194269999999999943e+00,1.232010000000000050e-01,9.769999999999999518e-02,6.842369999999999841e-01,1.500289999999999901e+00,-8.081199999999999495e-02,-3.358280000000000154e-01,-5.653430000000000399e-01,2.119499999999999856e-02,1.041260000000000074e+00,1.398282999999999943e+00,-9.988700000000000356e-01,-1.100877000000000105e+00,-6.928509999999999946e-01,6.842369999999999841e-01,1.168768000000000029e+00,4.037189999999999945e-01,-1.049873999999999974e+00,8.627489999999999881e-01,6.587359999999999882e-01,2.762109999999999843e-01,2.507099999999999884e-01,1.742049999999999987e-01,3.527159999999999740e-01,2.762109999999999843e-01,3.782179999999999986e-01,-6.673489999999999700e-01,-5.908440000000000358e-01,-2.083200000000000052e-01,-2.980800000000000116e-02,4.037189999999999945e-01,4.037189999999999945e-01,1.755306000000000033e+00,1.984820999999999946e+00,-2.605472999999999928e+00,-2.860489999999999977e+00,6.332339999999999636e-01,1.321777999999999897e+00,2.252079999999999915e-01,8.627489999999999881e-01,9.902570000000000539e-01,1.092262999999999984e+00,4.802239999999999842e-01,9.769999999999999518e-02,-2.593230000000000257e-01,-1.828180000000000083e-01,-6.673489999999999700e-01,-1.534405000000000019e+00,-1.279387999999999970e+00,6.077320000000000499e-01,9.137520000000000087e-01,1.092262999999999984e+00,9.647550000000000292e-01,3.272140000000000049e-01,1.742049999999999987e-01,3.017130000000000090e-01,7.219799999999999829e-02,-6.928509999999999946e-01,-1.063130000000000047e-01,1.997059999999999946e-01,-1.063130000000000047e-01,4.292210000000000192e-01,-2.083200000000000052e-01,-2.083200000000000052e-01,6.587359999999999882e-01,1.474787999999999988e+00,3.527159999999999740e-01,-6.418479999999999741e-01,-5.908440000000000358e-01,3.017130000000000090e-01,5.822310000000000541e-01,4.037189999999999945e-01,1.997059999999999946e-01,-5.530999999999999805e-02,7.219799999999999829e-02,9.769999999999999518e-02,1.232010000000000050e-01,2.119499999999999856e-02,3.272140000000000049e-01,1.742049999999999987e-01,-4.307000000000000065e-03,2.252079999999999915e-01,1.041260000000000074e+00,-1.126379000000000019e+00,3.527159999999999740e-01,7.097390000000000088e-01,-4.307000000000000065e-03,3.782179999999999986e-01,1.487030000000000018e-01,-1.075374999999999970e+00,-1.075374999999999970e+00,3.782179999999999986e-01,1.704302999999999901e+00,7.352410000000000334e-01,4.802239999999999842e-01,1.997059999999999946e-01,4.669600000000000140e-02,3.272140000000000049e-01,-4.633360000000000256e-01,-3.868309999999999804e-01,1.487030000000000018e-01,1.742049999999999987e-01,4.669600000000000140e-02,1.487030000000000018e-01,2.507099999999999884e-01,1.232010000000000050e-01,-1.318149999999999877e-01,-4.123330000000000051e-01,8.372469999999999635e-01,1.015759000000000079e+00,-1.100877000000000105e+00,-4.378349999999999742e-01,1.525790999999999897e+00,2.762109999999999843e-01,-2.338210000000000011e-01,1.232010000000000050e-01,-6.163459999999999495e-01,1.066761999999999988e+00,1.143267000000000033e+00,3.272140000000000049e-01,1.487030000000000018e-01,3.272140000000000049e-01,-3.358280000000000154e-01,-4.888379999999999947e-01,-9.733690000000000397e-01,-4.123330000000000051e-01,4.669600000000000140e-02,2.507099999999999884e-01,4.547229999999999883e-01,3.782179999999999986e-01,5.567290000000000294e-01,3.527159999999999740e-01,5.312280000000000335e-01,3.272140000000000049e-01,-4.123330000000000051e-01,7.862440000000000540e-01,-8.203589999999999494e-01,-1.865925999999999974e+00,1.194269999999999943e+00,1.321777999999999897e+00,1.168768000000000029e+00,8.627489999999999881e-01,-4.123330000000000051e-01,1.997059999999999946e-01,-5.908440000000000358e-01,-1.202884000000000064e+00,9.392540000000000333e-01,1.997059999999999946e-01,-3.358280000000000154e-01,4.292210000000000192e-01,-1.573170000000000124e-01,-8.081199999999999495e-02,2.119499999999999856e-02,-8.081199999999999495e-02,3.782179999999999986e-01,1.321777999999999897e+00,1.500289999999999901e+00,2.252079999999999915e-01,-5.653430000000000399e-01,-1.330392000000000019e+00,-2.083200000000000052e-01,5.567290000000000294e-01,8.882499999999999840e-01,7.219799999999999829e-02,-8.203589999999999494e-01,-1.318149999999999877e-01,6.587359999999999882e-01,8.627489999999999881e-01,6.332339999999999636e-01,6.587359999999999882e-01,4.669600000000000140e-02,-3.613299999999999845e-01,-4.123330000000000051e-01,2.252079999999999915e-01,-8.081199999999999495e-02,2.119499999999999856e-02,-5.398410000000000153e-01,1.232010000000000050e-01,8.372469999999999635e-01,1.168768000000000029e+00,-1.126379000000000019e+00,-2.593230000000000257e-01,9.392540000000000333e-01,8.627489999999999881e-01,-8.081199999999999495e-02,-1.202884000000000064e+00,-2.980800000000000116e-02,1.449286000000000074e+00,1.997059999999999946e-01,9.137520000000000087e-01,-6.928509999999999946e-01,-7.438540000000000152e-01,5.567290000000000294e-01,3.017130000000000090e-01,1.232010000000000050e-01,4.802239999999999842e-01,1.997059999999999946e-01,5.312280000000000335e-01,-5.653430000000000399e-01,-3.358280000000000154e-01,5.567290000000000294e-01,4.037189999999999945e-01,-2.848249999999999948e-01,4.669600000000000140e-02,9.137520000000000087e-01,2.119499999999999856e-02,-6.163459999999999495e-01,-1.075374999999999970e+00,8.117459999999999676e-01,7.862440000000000540e-01,6.332339999999999636e-01,8.372469999999999635e-01,5.822310000000000541e-01,-2.980800000000000116e-02,-9.223660000000000192e-01,9.769999999999999518e-02,3.272140000000000049e-01,5.312280000000000335e-01,1.245273000000000074e+00,-1.814923000000000064e+00,-4.123330000000000051e-01,2.035823999999999856e+00,-1.828180000000000083e-01,-2.120941999999999883e+00,7.352410000000000334e-01,1.729803999999999897e+00,1.143267000000000033e+00,4.292210000000000192e-01,-4.123330000000000051e-01,-1.063130000000000047e-01,6.587359999999999882e-01,-1.763919000000000015e+00,3.782179999999999986e-01,5.057260000000000089e-01,2.252079999999999915e-01,1.143267000000000033e+00,-8.713619999999999699e-01,-7.693560000000000398e-01,-4.888379999999999947e-01,3.272140000000000049e-01,9.647550000000000292e-01,4.292210000000000192e-01,6.842369999999999841e-01,1.997059999999999946e-01,-9.988700000000000356e-01,4.292210000000000192e-01,1.997059999999999946e-01,-1.318149999999999877e-01,5.312280000000000335e-01,8.372469999999999635e-01,4.037189999999999945e-01,-1.024372000000000060e+00,-4.378349999999999742e-01,4.292210000000000192e-01,-1.318149999999999877e-01,1.232010000000000050e-01,-5.143389999999999906e-01,9.769999999999999518e-02,7.607420000000000293e-01,7.607420000000000293e-01,9.392540000000000333e-01,1.015759000000000079e+00,3.527159999999999740e-01,-8.458609999999999740e-01,-1.024372000000000060e+00,7.607420000000000293e-01,-1.828180000000000083e-01,9.769999999999999518e-02,2.252079999999999915e-01,6.077320000000000499e-01,3.782179999999999986e-01,-3.868309999999999804e-01,3.782179999999999986e-01,-5.143389999999999906e-01,-8.081199999999999495e-02,7.607420000000000293e-01,1.742049999999999987e-01,-1.828180000000000083e-01,-4.123330000000000051e-01,8.372469999999999635e-01,2.762109999999999843e-01,4.547229999999999883e-01,1.742049999999999987e-01,-8.081199999999999495e-02,-5.143389999999999906e-01,4.547229999999999883e-01,-2.848249999999999948e-01,3.782179999999999986e-01,4.547229999999999883e-01,2.507099999999999884e-01,4.292210000000000192e-01,-5.530999999999999805e-02,7.219799999999999829e-02,4.037189999999999945e-01,3.527159999999999740e-01,-8.713619999999999699e-01,-2.069939000000000195e+00,8.372469999999999635e-01,2.163332000000000033e+00,4.669600000000000140e-02,3.782179999999999986e-01,5.312280000000000335e-01,-9.223660000000000192e-01,-2.848249999999999948e-01,6.587359999999999882e-01,7.862440000000000540e-01,-5.143389999999999906e-01,1.232010000000000050e-01,7.352410000000000334e-01,8.117459999999999676e-01,8.117459999999999676e-01,-1.202884000000000064e+00,-2.593230000000000257e-01,5.822310000000000541e-01,1.092262999999999984e+00,1.194269999999999943e+00,-3.613299999999999845e-01,-1.049873999999999974e+00,1.232010000000000050e-01,-4.307000000000000065e-03,-2.083200000000000052e-01,-1.063130000000000047e-01,4.292210000000000192e-01,4.292210000000000192e-01,-3.613299999999999845e-01,2.762109999999999843e-01,6.077320000000000499e-01,3.782179999999999986e-01,2.252079999999999915e-01,5.312280000000000335e-01,4.037189999999999945e-01,4.669600000000000140e-02,-1.063130000000000047e-01,1.742049999999999987e-01,1.997059999999999946e-01,-2.083200000000000052e-01,1.041260000000000074e+00,-1.075374999999999970e+00,-1.712916000000000105e+00,1.066761999999999988e+00,8.372469999999999635e-01,8.882499999999999840e-01,-3.358280000000000154e-01,1.168768000000000029e+00,8.882499999999999840e-01,-1.049873999999999974e+00,-3.358280000000000154e-01,-1.828180000000000083e-01,5.312280000000000335e-01,1.487030000000000018e-01,5.822310000000000541e-01,2.252079999999999915e-01,3.527159999999999740e-01,-2.083200000000000052e-01,-6.418479999999999741e-01,3.782179999999999986e-01,2.119499999999999856e-02,2.762109999999999843e-01,-4.633360000000000256e-01,1.117764999999999898e+00,7.607420000000000293e-01,7.219799999999999829e-02,4.802239999999999842e-01,5.822310000000000541e-01,-5.530999999999999805e-02,-2.593230000000000257e-01,2.762109999999999843e-01,5.312280000000000335e-01,-5.143389999999999906e-01,-8.968639999999999946e-01,-5.908440000000000358e-01,1.487030000000000018e-01,7.097390000000000088e-01,6.077320000000000499e-01,6.842369999999999841e-01,7.097390000000000088e-01,-4.888379999999999947e-01,-2.593230000000000257e-01,1.487030000000000018e-01,8.117459999999999676e-01,-2.083200000000000052e-01,-1.828180000000000083e-01,4.037189999999999945e-01,1.487030000000000018e-01,6.587359999999999882e-01,9.137520000000000087e-01,-6.418479999999999741e-01,-1.712916000000000105e+00,-3.358280000000000154e-01,6.587359999999999882e-01,1.806308999999999942e+00,1.487030000000000018e-01,-5.908440000000000358e-01,6.077320000000000499e-01,-5.143389999999999906e-01,5.567290000000000294e-01,6.842369999999999841e-01,2.119499999999999856e-02,-2.083200000000000052e-01,-4.633360000000000256e-01,2.119499999999999856e-02,7.352410000000000334e-01,8.882499999999999840e-01,7.607420000000000293e-01,1.742049999999999987e-01,1.742049999999999987e-01,1.487030000000000018e-01,-9.478670000000000151e-01,-2.083200000000000052e-01,3.527159999999999740e-01,-1.573170000000000124e-01,-2.338210000000000011e-01,-3.868309999999999804e-01,3.527159999999999740e-01,1.066761999999999988e+00,2.119499999999999856e-02,1.232010000000000050e-01,-1.151880000000000015e+00,7.097390000000000088e-01,2.252079999999999915e-01,5.312280000000000335e-01,1.525790999999999897e+00,1.806308999999999942e+00,-1.865925999999999974e+00,-1.432398000000000060e+00,7.607420000000000293e-01,1.742049999999999987e-01,2.252079999999999915e-01,-3.103259999999999907e-01,1.041260000000000074e+00,5.312280000000000335e-01,3.272140000000000049e-01,9.769999999999999518e-02,9.769999999999999518e-02,1.997059999999999946e-01,9.769999999999999518e-02,-7.693560000000000398e-01,-1.330392000000000019e+00,7.352410000000000334e-01,7.097390000000000088e-01,1.232010000000000050e-01,-3.103259999999999907e-01,4.802239999999999842e-01,1.296276999999999902e+00,2.188833999999999946e+00,-4.378349999999999742e-01,-2.630974999999999842e+00,-2.848249999999999948e-01,6.587359999999999882e-01,5.822310000000000541e-01,7.862440000000000540e-01,3.017130000000000090e-01,3.782179999999999986e-01,-9.988700000000000356e-01,-4.307000000000000065e-03,-8.081199999999999495e-02,6.587359999999999882e-01,1.143267000000000033e+00,7.862440000000000540e-01,-2.338210000000000011e-01,-3.868309999999999804e-01,-5.530999999999999805e-02,-3.613299999999999845e-01,9.769999999999999518e-02,-7.948570000000000357e-01,9.769999999999999518e-02,7.607420000000000293e-01,5.567290000000000294e-01,2.762109999999999843e-01,-4.123330000000000051e-01,8.372469999999999635e-01,3.782179999999999986e-01,3.017130000000000090e-01,-4.123330000000000051e-01,-4.123330000000000051e-01,1.041260000000000074e+00,-1.063130000000000047e-01,-6.418479999999999741e-01,2.252079999999999915e-01,5.567290000000000294e-01,3.017130000000000090e-01,4.669600000000000140e-02,-5.530999999999999805e-02,-1.318149999999999877e-01,2.507099999999999884e-01,7.097390000000000088e-01,1.742049999999999987e-01,-1.253886999999999974e+00,7.862440000000000540e-01,1.398282999999999943e+00,8.117459999999999676e-01,-9.988700000000000356e-01,-3.103259999999999907e-01,4.292210000000000192e-01,-3.103259999999999907e-01,7.219799999999999829e-02,-8.968639999999999946e-01,7.097390000000000088e-01,1.194269999999999943e+00,3.782179999999999986e-01,9.902570000000000539e-01,-1.573170000000000124e-01,-1.573170000000000124e-01,2.762109999999999843e-01,-5.143389999999999906e-01,3.782179999999999986e-01,1.487030000000000018e-01,-5.143389999999999906e-01,5.567290000000000294e-01,8.117459999999999676e-01,-7.948570000000000357e-01,-3.868309999999999804e-01,9.902570000000000539e-01,2.762109999999999843e-01,-1.828180000000000083e-01,-2.248451000000000199e+00,-1.318149999999999877e-01,1.194269999999999943e+00,8.117459999999999676e-01,1.245273000000000074e+00,9.392540000000000333e-01,6.077320000000000499e-01,3.272140000000000049e-01,-1.828180000000000083e-01,-2.338210000000000011e-01,-4.307000000000000065e-03,-2.593230000000000257e-01,-4.123330000000000051e-01,-4.888379999999999947e-01,-8.081199999999999495e-02,4.037189999999999945e-01,1.997059999999999946e-01,-4.378349999999999742e-01,-1.828180000000000083e-01,1.576794999999999947e+00,-4.307000000000000065e-03,-8.081199999999999495e-02,9.137520000000000087e-01,-3.613299999999999845e-01,-4.888379999999999947e-01,3.017130000000000090e-01,8.372469999999999635e-01,7.352410000000000334e-01,1.347280000000000033e+00,-8.081199999999999495e-02,-1.865925999999999974e+00,1.742049999999999987e-01,4.802239999999999842e-01,-8.458609999999999740e-01,1.653299000000000074e+00,3.272140000000000049e-01,-4.888379999999999947e-01,-4.307000000000000065e-03,3.782179999999999986e-01,2.762109999999999843e-01,2.252079999999999915e-01,1.742049999999999987e-01,-1.318149999999999877e-01,3.527159999999999740e-01,1.487030000000000018e-01,-4.123330000000000051e-01,-8.713619999999999699e-01,-1.063130000000000047e-01,1.092262999999999984e+00,1.015759000000000079e+00,-8.081199999999999495e-02,-2.338210000000000011e-01,5.567290000000000294e-01,-7.948570000000000357e-01,-4.378349999999999742e-01,1.742049999999999987e-01,1.066761999999999988e+00,5.312280000000000335e-01,7.352410000000000334e-01,1.117764999999999898e+00,-2.338210000000000011e-01,-2.503467000000000109e+00,-1.100877000000000105e+00,7.352410000000000334e-01,1.474787999999999988e+00,5.822310000000000541e-01,9.902570000000000539e-01,-1.828180000000000083e-01,-1.916929000000000105e+00,7.097390000000000088e-01,7.097390000000000088e-01,5.312280000000000335e-01,4.547229999999999883e-01,5.057260000000000089e-01,2.762109999999999843e-01,-1.202884000000000064e+00,-3.868309999999999804e-01,7.352410000000000334e-01,5.312280000000000335e-01,7.607420000000000293e-01,1.997059999999999946e-01,-1.828180000000000083e-01,-1.573170000000000124e-01,-2.120941999999999883e+00,-1.573170000000000124e-01,8.372469999999999635e-01,1.780807999999999947e+00,3.272140000000000049e-01,-7.438540000000000152e-01,5.312280000000000335e-01,-1.063130000000000047e-01,5.312280000000000335e-01,6.842369999999999841e-01,6.332339999999999636e-01,9.769999999999999518e-02,-1.318149999999999877e-01,1.742049999999999987e-01,-4.123330000000000051e-01,5.057260000000000089e-01,5.057260000000000089e-01,9.769999999999999518e-02,-3.868309999999999804e-01,-7.438540000000000152e-01,-4.378349999999999742e-01,-6.418479999999999741e-01,3.527159999999999740e-01,1.398282999999999943e+00,8.372469999999999635e-01,4.037189999999999945e-01,-3.103259999999999907e-01,-2.338210000000000011e-01,8.372469999999999635e-01,7.219799999999999829e-02,1.487030000000000018e-01,-6.673489999999999700e-01,1.168768000000000029e+00,5.312280000000000335e-01,1.487030000000000018e-01,4.037189999999999945e-01,-4.307000000000000065e-03,-5.908440000000000358e-01,-2.848249999999999948e-01,-8.081199999999999495e-02,3.272140000000000049e-01,8.882499999999999840e-01,-4.307000000000000065e-03,4.802239999999999842e-01,-8.081199999999999495e-02,-4.633360000000000256e-01,1.232010000000000050e-01,7.219799999999999829e-02,-3.868309999999999804e-01,2.507099999999999884e-01,5.057260000000000089e-01,5.312280000000000335e-01,7.219799999999999829e-02,4.547229999999999883e-01,4.669600000000000140e-02,7.219799999999999829e-02,4.802239999999999842e-01,5.312280000000000335e-01,-5.908440000000000358e-01,-4.888379999999999947e-01,3.527159999999999740e-01,1.742049999999999987e-01,3.527159999999999740e-01,-3.868309999999999804e-01,4.292210000000000192e-01,-4.307000000000000065e-03,-2.338210000000000011e-01,-2.338210000000000011e-01,6.332339999999999636e-01,1.742049999999999987e-01,-5.143389999999999906e-01,6.587359999999999882e-01,3.017130000000000090e-01,1.449286000000000074e+00,8.372469999999999635e-01,-1.202884000000000064e+00,-2.083200000000000052e-01,2.762109999999999843e-01,3.782179999999999986e-01,-1.318149999999999877e-01,-4.633360000000000256e-01,3.782179999999999986e-01,7.097390000000000088e-01,5.567290000000000294e-01,7.862440000000000540e-01,-1.253886999999999974e+00,-5.398410000000000153e-01,-6.418479999999999741e-01,-1.063130000000000047e-01,1.423785000000000078e+00,9.137520000000000087e-01,-9.478670000000000151e-01,2.762109999999999843e-01,1.041260000000000074e+00,7.097390000000000088e-01,4.037189999999999945e-01,2.507099999999999884e-01,1.232010000000000050e-01,3.017130000000000090e-01,-3.103259999999999907e-01,-1.828180000000000083e-01,-6.928509999999999946e-01,2.119499999999999856e-02,5.057260000000000089e-01,3.527159999999999740e-01,3.272140000000000049e-01,1.066761999999999988e+00,7.219799999999999829e-02,-1.712916000000000105e+00,-1.559906000000000015e+00,1.117764999999999898e+00,1.245273000000000074e+00,1.117764999999999898e+00,4.292210000000000192e-01,6.332339999999999636e-01,6.332339999999999636e-01,-7.693560000000000398e-01,-5.653430000000000399e-01,4.037189999999999945e-01,4.292210000000000192e-01,-1.573170000000000124e-01,-7.693560000000000398e-01,5.822310000000000541e-01,4.292210000000000192e-01,-1.828180000000000083e-01,2.507099999999999884e-01,2.252079999999999915e-01,2.507099999999999884e-01,-2.593230000000000257e-01,-5.653430000000000399e-01,7.097390000000000088e-01,1.347280000000000033e+00,6.842369999999999841e-01,-1.828180000000000083e-01,-3.358280000000000154e-01,1.015759000000000079e+00,-5.143389999999999906e-01,1.232010000000000050e-01,-2.980800000000000116e-02,-6.673489999999999700e-01,-8.081199999999999495e-02,1.487030000000000018e-01,1.997059999999999946e-01,8.117459999999999676e-01,6.077320000000000499e-01,2.762109999999999843e-01,-5.530999999999999805e-02,-3.868309999999999804e-01,3.782179999999999986e-01,3.782179999999999986e-01,1.487030000000000018e-01,-2.848249999999999948e-01,4.547229999999999883e-01,4.669600000000000140e-02,1.232010000000000050e-01,1.742049999999999987e-01,3.782179999999999986e-01,-1.318149999999999877e-01,3.272140000000000049e-01,9.392540000000000333e-01,7.607420000000000293e-01,1.092262999999999984e+00,-1.534405000000000019e+00,-2.375958999999999932e+00,-5.398410000000000153e-01,2.762109999999999843e-01,1.041260000000000074e+00,1.219772000000000078e+00,1.092262999999999984e+00,5.567290000000000294e-01,6.332339999999999636e-01,-3.868309999999999804e-01,-3.868309999999999804e-01,-3.103259999999999907e-01,9.137520000000000087e-01,-7.183530000000000193e-01,-1.063130000000000047e-01,3.017130000000000090e-01,3.272140000000000049e-01,-3.868309999999999804e-01,-4.888379999999999947e-01,-8.081199999999999495e-02,6.077320000000000499e-01,2.507099999999999884e-01,7.862440000000000540e-01,1.219772000000000078e+00,-3.613299999999999845e-01,-2.018936000000000064e+00,6.077320000000000499e-01,7.862440000000000540e-01,8.117459999999999676e-01,7.352410000000000334e-01,1.742049999999999987e-01,-6.163459999999999495e-01,-1.573170000000000124e-01,5.057260000000000089e-01,3.017130000000000090e-01,-1.063130000000000047e-01,1.997059999999999946e-01,1.742049999999999987e-01,-7.183530000000000193e-01,1.194269999999999943e+00,4.037189999999999945e-01,-6.928509999999999946e-01,-1.318149999999999877e-01,3.782179999999999986e-01,2.762109999999999843e-01,9.647550000000000292e-01,9.769999999999999518e-02,-1.100877000000000105e+00,-2.338210000000000011e-01,-1.828180000000000083e-01,7.352410000000000334e-01,1.806308999999999942e+00,5.312280000000000335e-01,-9.223660000000000192e-01,2.119499999999999856e-02,4.547229999999999883e-01,5.822310000000000541e-01,-4.307000000000000065e-03,-1.100877000000000105e+00,-4.633360000000000256e-01,1.041260000000000074e+00,4.802239999999999842e-01,6.077320000000000499e-01,2.119499999999999856e-02,-2.083200000000000052e-01,-2.980800000000000116e-02,3.527159999999999740e-01,6.842369999999999841e-01,2.252079999999999915e-01,-2.338210000000000011e-01,-7.948570000000000357e-01,4.547229999999999883e-01,4.292210000000000192e-01,2.507099999999999884e-01,3.272140000000000049e-01,-9.223660000000000192e-01,3.272140000000000049e-01,5.822310000000000541e-01,5.312280000000000335e-01,1.997059999999999946e-01,4.669600000000000140e-02,8.627489999999999881e-01,2.762109999999999843e-01,-1.279387999999999970e+00,1.742049999999999987e-01,-6.418479999999999741e-01,2.507099999999999884e-01,6.587359999999999882e-01,3.272140000000000049e-01,-2.338210000000000011e-01,1.321777999999999897e+00,-4.307000000000000065e-03,-1.318149999999999877e-01,1.742049999999999987e-01,-1.151880000000000015e+00,6.332339999999999636e-01,2.252079999999999915e-01,5.312280000000000335e-01,3.527159999999999740e-01,-1.828180000000000083e-01,9.769999999999999518e-02,5.567290000000000294e-01,8.117459999999999676e-01,5.057260000000000089e-01,-8.203589999999999494e-01,-3.358280000000000154e-01,6.332339999999999636e-01,-1.228385000000000060e+00,-2.593230000000000257e-01,1.168768000000000029e+00,8.117459999999999676e-01,-2.083200000000000052e-01,-7.438540000000000152e-01,5.312280000000000335e-01,4.292210000000000192e-01,6.587359999999999882e-01,5.567290000000000294e-01,-4.888379999999999947e-01,-3.613299999999999845e-01,1.487030000000000018e-01,-2.083200000000000052e-01,1.296276999999999902e+00,8.117459999999999676e-01,2.507099999999999884e-01,2.762109999999999843e-01,-2.593230000000000257e-01,-3.358280000000000154e-01,-3.868309999999999804e-01,8.627489999999999881e-01,9.902570000000000539e-01,-2.248451000000000199e+00,-8.203589999999999494e-01,1.321777999999999897e+00,1.296276999999999902e+00,-7.438540000000000152e-01,6.077320000000000499e-01,1.487030000000000018e-01,7.219799999999999829e-02,1.742049999999999987e-01,7.097390000000000088e-01,-3.103259999999999907e-01,5.312280000000000335e-01,5.822310000000000541e-01,-1.355893000000000015e+00,-2.338210000000000011e-01,4.037189999999999945e-01,7.862440000000000540e-01,-1.063130000000000047e-01,8.117459999999999676e-01,4.669600000000000140e-02,-3.103259999999999907e-01,5.057260000000000089e-01,1.168768000000000029e+00,2.507099999999999884e-01,-4.378349999999999742e-01,-2.273951999999999973e+00,-4.888379999999999947e-01,-1.828180000000000083e-01,9.392540000000000333e-01,9.392540000000000333e-01,1.168768000000000029e+00,1.755306000000000033e+00,-2.338210000000000011e-01,-1.789420999999999928e+00,6.332339999999999636e-01,1.015759000000000079e+00,-2.593230000000000257e-01,-8.458609999999999740e-01,7.097390000000000088e-01,1.194269999999999943e+00,-2.980800000000000116e-02,-1.432398000000000060e+00,7.862440000000000540e-01,2.762109999999999843e-01,-2.083200000000000052e-01,6.077320000000000499e-01,9.902570000000000539e-01,-5.653430000000000399e-01,-8.081199999999999495e-02,-4.633360000000000256e-01,1.232010000000000050e-01,8.372469999999999635e-01,1.245273000000000074e+00,2.252079999999999915e-01,-3.358280000000000154e-01,-1.100877000000000105e+00,8.627489999999999881e-01,2.762109999999999843e-01,-4.888379999999999947e-01,1.997059999999999946e-01,1.997059999999999946e-01,1.117764999999999898e+00,7.219799999999999829e-02,8.882499999999999840e-01,1.232010000000000050e-01,-4.307000000000000065e-03,-3.103259999999999907e-01,-9.988700000000000356e-01,3.527159999999999740e-01,3.017130000000000090e-01,-9.988700000000000356e-01,5.312280000000000335e-01,1.041260000000000074e+00,8.372469999999999635e-01,5.312280000000000335e-01,-5.530999999999999805e-02,-6.163459999999999495e-01,-1.828180000000000083e-01,7.352410000000000334e-01,-2.848249999999999948e-01,-1.406897000000000064e+00,-1.049873999999999974e+00,1.500289999999999901e+00,1.525790999999999897e+00,5.057260000000000089e-01,4.037189999999999945e-01,5.312280000000000335e-01,-4.888379999999999947e-01,-5.653430000000000399e-01,4.669600000000000140e-02,4.292210000000000192e-01,-6.418479999999999741e-01,-7.438540000000000152e-01,9.902570000000000539e-01,6.587359999999999882e-01,1.232010000000000050e-01,-2.083200000000000052e-01,2.762109999999999843e-01,2.762109999999999843e-01,3.782179999999999986e-01,1.232010000000000050e-01,4.802239999999999842e-01,3.782179999999999986e-01,2.507099999999999884e-01,-2.980800000000000116e-02,2.252079999999999915e-01,-4.888379999999999947e-01,-7.948570000000000357e-01,-1.573170000000000124e-01,4.037189999999999945e-01,-6.418479999999999741e-01,1.015759000000000079e+00,1.296276999999999902e+00,2.119499999999999856e-02,4.037189999999999945e-01,7.352410000000000334e-01,-4.123330000000000051e-01,-1.318149999999999877e-01,5.312280000000000335e-01,9.647550000000000292e-01,-1.024372000000000060e+00,-1.228385000000000060e+00,3.527159999999999740e-01,8.372469999999999635e-01,4.292210000000000192e-01,-4.633360000000000256e-01,-3.358280000000000154e-01,1.997059999999999946e-01,2.119499999999999856e-02,5.822310000000000541e-01,6.842369999999999841e-01,4.547229999999999883e-01,-2.338210000000000011e-01,7.862440000000000540e-01,6.842369999999999841e-01,-4.378349999999999742e-01,-6.418479999999999741e-01,-6.418479999999999741e-01,3.017130000000000090e-01,6.332339999999999636e-01,5.057260000000000089e-01,7.219799999999999829e-02,1.015759000000000079e+00,-7.948570000000000357e-01,-9.223660000000000192e-01,1.092262999999999984e+00,1.627798000000000078e+00,1.997059999999999946e-01,-1.202884000000000064e+00,-1.814923000000000064e+00,6.077320000000000499e-01,3.782179999999999986e-01,1.500289999999999901e+00,-2.980800000000000116e-02,-5.530999999999999805e-02,3.782179999999999986e-01,7.097390000000000088e-01,-6.163459999999999495e-01,-6.928509999999999946e-01,1.270774999999999988e+00,6.077320000000000499e-01,-2.338210000000000011e-01,-1.063130000000000047e-01,3.782179999999999986e-01,-7.693560000000000398e-01,2.252079999999999915e-01,3.272140000000000049e-01,1.997059999999999946e-01,-4.307000000000000065e-03,1.487030000000000018e-01,6.077320000000000499e-01,4.802239999999999842e-01,9.769999999999999518e-02,1.997059999999999946e-01,2.252079999999999915e-01,-2.848249999999999948e-01,-2.338210000000000011e-01,2.119499999999999856e-02,1.117764999999999898e+00,1.219772000000000078e+00,-1.228385000000000060e+00,-2.273951999999999973e+00,4.037189999999999945e-01,5.312280000000000335e-01,-1.318149999999999877e-01,5.567290000000000294e-01,2.112328999999999901e+00,8.372469999999999635e-01,4.037189999999999945e-01,1.487030000000000018e-01,4.802239999999999842e-01,7.219799999999999829e-02,-2.338210000000000011e-01,-2.593230000000000257e-01,-2.338210000000000011e-01,-1.828180000000000083e-01,-2.848249999999999948e-01,-4.307000000000000065e-03,1.487030000000000018e-01,-2.980800000000000116e-02,1.997059999999999946e-01,5.822310000000000541e-01,8.882499999999999840e-01,3.272140000000000049e-01,3.782179999999999986e-01,4.292210000000000192e-01,-7.183530000000000193e-01,-8.968639999999999946e-01,7.352410000000000334e-01,4.802239999999999842e-01,9.392540000000000333e-01,6.332339999999999636e-01,-2.848249999999999948e-01,2.119499999999999856e-02,3.527159999999999740e-01,6.587359999999999882e-01,-5.908440000000000358e-01,-7.438540000000000152e-01,8.372469999999999635e-01,2.119499999999999856e-02,-5.908440000000000358e-01,1.742049999999999987e-01,3.272140000000000049e-01,1.997059999999999946e-01,5.057260000000000089e-01,-2.980800000000000116e-02,1.997059999999999946e-01,4.802239999999999842e-01,-6.673489999999999700e-01,-5.143389999999999906e-01,2.252079999999999915e-01,1.551293000000000033e+00,2.252079999999999915e-01,2.762109999999999843e-01,2.762109999999999843e-01,4.669600000000000140e-02,-4.123330000000000051e-01,-4.888379999999999947e-01,2.507099999999999884e-01,1.321777999999999897e+00,-2.848249999999999948e-01,-1.024372000000000060e+00,-2.980800000000000116e-02,8.117459999999999676e-01,7.607420000000000293e-01,5.822310000000000541e-01,-5.530999999999999805e-02,4.037189999999999945e-01,-1.063130000000000047e-01,1.232010000000000050e-01,9.769999999999999518e-02,-3.358280000000000154e-01,1.232010000000000050e-01,-4.307000000000000065e-03,2.762109999999999843e-01,-8.081199999999999495e-02,-1.573170000000000124e-01,-1.063130000000000047e-01,8.882499999999999840e-01,4.037189999999999945e-01,5.057260000000000089e-01,-4.888379999999999947e-01,-1.406897000000000064e+00,5.822310000000000541e-01,1.576794999999999947e+00,2.762109999999999843e-01,1.755306000000000033e+00,1.933816999999999897e+00,-1.406897000000000064e+00,-2.834988000000000063e+00,-1.573170000000000124e-01,9.769999999999999518e-02,6.842369999999999841e-01,1.576794999999999947e+00,6.587359999999999882e-01,3.272140000000000049e-01,1.487030000000000018e-01,-2.980800000000000116e-02,-4.307000000000000065e-03,-1.126379000000000019e+00,-1.457899999999999974e+00,3.272140000000000049e-01,1.117764999999999898e+00,9.392540000000000333e-01,6.587359999999999882e-01,3.782179999999999986e-01,1.742049999999999987e-01,-5.530999999999999805e-02,-4.307000000000000065e-03,-5.908440000000000358e-01,-5.530999999999999805e-02,6.332339999999999636e-01,1.232010000000000050e-01,1.487030000000000018e-01,5.312280000000000335e-01,1.066761999999999988e+00,-5.530999999999999805e-02,-1.318149999999999877e-01,-1.610910000000000064e+00,-2.095441000000000109e+00,1.117764999999999898e+00,1.194269999999999943e+00,7.607420000000000293e-01,1.347280000000000033e+00,6.077320000000000499e-01,-8.458609999999999740e-01,5.822310000000000541e-01,9.902570000000000539e-01,-2.848249999999999948e-01,-4.123330000000000051e-01,-5.398410000000000153e-01,-4.888379999999999947e-01,2.252079999999999915e-01,1.487030000000000018e-01,8.372469999999999635e-01,5.312280000000000335e-01,-1.330392000000000019e+00,-8.458609999999999740e-01,8.117459999999999676e-01,8.372469999999999635e-01,6.077320000000000499e-01,8.882499999999999840e-01,7.097390000000000088e-01,3.017130000000000090e-01,2.252079999999999915e-01,-3.358280000000000154e-01,-8.458609999999999740e-01,-2.083200000000000052e-01,8.372469999999999635e-01,-4.888379999999999947e-01,-7.438540000000000152e-01,7.352410000000000334e-01,-4.307000000000000065e-03,2.119499999999999856e-02,2.762109999999999843e-01,2.762109999999999843e-01,7.607420000000000293e-01,1.372781000000000029e+00,-1.483402000000000109e+00,-4.123330000000000051e-01,1.015759000000000079e+00,5.822310000000000541e-01,4.037189999999999945e-01,-1.573170000000000124e-01,6.332339999999999636e-01,-5.653430000000000399e-01,-1.228385000000000060e+00,-2.980800000000000116e-02,4.547229999999999883e-01,-9.988700000000000356e-01,1.232010000000000050e-01,1.474787999999999988e+00,1.270774999999999988e+00,6.332339999999999636e-01,4.802239999999999842e-01,1.232010000000000050e-01,-6.418479999999999741e-01,-8.713619999999999699e-01,-2.083200000000000052e-01,7.862440000000000540e-01,8.372469999999999635e-01,3.017130000000000090e-01,-1.063130000000000047e-01,-1.063130000000000047e-01,7.097390000000000088e-01,2.252079999999999915e-01,-5.398410000000000153e-01,1.232010000000000050e-01,9.769999999999999518e-02,-4.307000000000000065e-03,5.567290000000000294e-01,1.729803999999999897e+00,-1.318149999999999877e-01,-1.610910000000000064e+00,-6.673489999999999700e-01,-1.573170000000000124e-01,1.742049999999999987e-01,6.332339999999999636e-01,1.092262999999999984e+00,1.270774999999999988e+00,-3.103259999999999907e-01,2.252079999999999915e-01,5.312280000000000335e-01,-2.980800000000000116e-02,-5.143389999999999906e-01,-1.063130000000000047e-01,-8.081199999999999495e-02,-5.398410000000000153e-01,1.997059999999999946e-01,4.292210000000000192e-01,7.097390000000000088e-01,6.332339999999999636e-01,4.669600000000000140e-02,2.762109999999999843e-01,2.252079999999999915e-01,-8.081199999999999495e-02,-7.948570000000000357e-01,3.272140000000000049e-01,1.602295999999999943e+00,7.352410000000000334e-01,-5.530999999999999805e-02,-5.908440000000000358e-01,-1.687415000000000109e+00,1.857312000000000074e+00,-4.888379999999999947e-01,9.137520000000000087e-01,-8.081199999999999495e-02,7.219799999999999829e-02,-5.530999999999999805e-02,-3.868309999999999804e-01,7.862440000000000540e-01,7.607420000000000293e-01,7.862440000000000540e-01,-4.378349999999999742e-01,3.527159999999999740e-01,4.292210000000000192e-01,-1.318149999999999877e-01,-1.573170000000000124e-01,-6.163459999999999495e-01,-1.318149999999999877e-01,2.762109999999999843e-01,5.057260000000000089e-01,7.097390000000000088e-01,4.802239999999999842e-01,2.762109999999999843e-01,7.219799999999999829e-02,-2.083200000000000052e-01,-1.828180000000000083e-01,-4.307000000000000065e-03,-8.081199999999999495e-02,7.219799999999999829e-02,3.272140000000000049e-01,7.862440000000000540e-01,7.352410000000000334e-01,3.527159999999999740e-01,-7.183530000000000193e-01,-1.483402000000000109e+00,1.487030000000000018e-01,7.352410000000000334e-01,-9.733690000000000397e-01,5.567290000000000294e-01,1.806308999999999942e+00,3.782179999999999986e-01,1.487030000000000018e-01,4.292210000000000192e-01,5.057260000000000089e-01,-1.828180000000000083e-01,-9.478670000000000151e-01,1.742049999999999987e-01,2.119499999999999856e-02,2.119499999999999856e-02,3.527159999999999740e-01,2.762109999999999843e-01,-1.573170000000000124e-01,-4.307000000000000065e-03,3.527159999999999740e-01,7.219799999999999829e-02,2.119499999999999856e-02,1.742049999999999987e-01,1.232010000000000050e-01,5.312280000000000335e-01,3.272140000000000049e-01,2.507099999999999884e-01,9.769999999999999518e-02,2.507099999999999884e-01,-2.338210000000000011e-01,-4.888379999999999947e-01,4.669600000000000140e-02,2.188833999999999946e+00,9.392540000000000333e-01,-2.783984999999999932e+00,-1.814923000000000064e+00,5.312280000000000335e-01,1.602295999999999943e+00,9.137520000000000087e-01,4.037189999999999945e-01,3.782179999999999986e-01,9.769999999999999518e-02,-1.063130000000000047e-01,-1.063130000000000047e-01,1.742049999999999987e-01,2.762109999999999843e-01,-3.103259999999999907e-01,-1.573170000000000124e-01,7.219799999999999829e-02,1.232010000000000050e-01,1.487030000000000018e-01,2.119499999999999856e-02,-8.081199999999999495e-02,-2.848249999999999948e-01,3.527159999999999740e-01,5.822310000000000541e-01,9.137520000000000087e-01,4.037189999999999945e-01,5.057260000000000089e-01,7.352410000000000334e-01,3.782179999999999986e-01,-6.928509999999999946e-01,-1.636411000000000060e+00,8.117459999999999676e-01,2.252079999999999915e-01,1.117764999999999898e+00,1.997059999999999946e-01,-1.967932999999999932e+00,2.507099999999999884e-01,1.168768000000000029e+00,8.117459999999999676e-01,4.802239999999999842e-01,4.547229999999999883e-01,7.352410000000000334e-01,-1.253886999999999974e+00,-1.100877000000000105e+00,-9.478670000000000151e-01,7.352410000000000334e-01,7.097390000000000088e-01,7.352410000000000334e-01,5.567290000000000294e-01,4.037189999999999945e-01,-3.103259999999999907e-01,3.017130000000000090e-01,5.312280000000000335e-01,1.219772000000000078e+00,-6.673489999999999700e-01,-5.653430000000000399e-01,1.487030000000000018e-01,-3.103259999999999907e-01,4.037189999999999945e-01,-1.063130000000000047e-01,1.092262999999999984e+00,-6.418479999999999741e-01,-1.534405000000000019e+00,4.669600000000000140e-02,3.782179999999999986e-01,1.143267000000000033e+00,2.010321999999999942e+00,4.802239999999999842e-01,-7.948570000000000357e-01,-3.613299999999999845e-01,3.017130000000000090e-01,3.782179999999999986e-01,-2.593230000000000257e-01,1.742049999999999987e-01,2.119499999999999856e-02,-2.083200000000000052e-01,-5.530999999999999805e-02,-4.888379999999999947e-01,5.312280000000000335e-01,9.137520000000000087e-01,1.742049999999999987e-01,-7.948570000000000357e-01,4.669600000000000140e-02,1.270774999999999988e+00,1.219772000000000078e+00,-2.980800000000000116e-02,-9.988700000000000356e-01,-3.613299999999999845e-01,-3.613299999999999845e-01,5.822310000000000541e-01,-5.530999999999999805e-02,-7.183530000000000193e-01,4.292210000000000192e-01,8.882499999999999840e-01,7.097390000000000088e-01,9.137520000000000087e-01,-7.438540000000000152e-01,-8.968639999999999946e-01,-2.980800000000000116e-02,-4.888379999999999947e-01,7.862440000000000540e-01,5.312280000000000335e-01,9.137520000000000087e-01,6.077320000000000499e-01,6.842369999999999841e-01,-1.024372000000000060e+00,-1.457899999999999974e+00,-2.980800000000000116e-02,-2.980800000000000116e-02,5.822310000000000541e-01,5.822310000000000541e-01,4.802239999999999842e-01,3.017130000000000090e-01,4.802239999999999842e-01,1.232010000000000050e-01,-7.693560000000000398e-01,-4.307000000000000065e-03,4.037189999999999945e-01,1.232010000000000050e-01,7.219799999999999829e-02,5.312280000000000335e-01,-1.573170000000000124e-01,-4.888379999999999947e-01,5.312280000000000335e-01,7.219799999999999829e-02,4.037189999999999945e-01,4.292210000000000192e-01,2.252079999999999915e-01,-4.307000000000000065e-03,-1.573170000000000124e-01,2.762109999999999843e-01,8.627489999999999881e-01,4.292210000000000192e-01,-1.049873999999999974e+00,-8.968639999999999946e-01,8.627489999999999881e-01,7.352410000000000334e-01,5.057260000000000089e-01,3.272140000000000049e-01,7.219799999999999829e-02,4.669600000000000140e-02,4.547229999999999883e-01,-6.163459999999999495e-01,-3.868309999999999804e-01,-4.123330000000000051e-01,2.119499999999999856e-02,4.037189999999999945e-01,5.312280000000000335e-01,1.219772000000000078e+00,1.232010000000000050e-01,-2.848249999999999948e-01,5.567290000000000294e-01,-5.143389999999999906e-01,-1.075374999999999970e+00,9.902570000000000539e-01,-2.848249999999999948e-01,4.292210000000000192e-01,7.862440000000000540e-01,5.057260000000000089e-01,1.232010000000000050e-01,2.762109999999999843e-01,2.119499999999999856e-02,-9.988700000000000356e-01,6.332339999999999636e-01,6.077320000000000499e-01,-2.083200000000000052e-01,-3.358280000000000154e-01,2.252079999999999915e-01,3.527159999999999740e-01,7.352410000000000334e-01,7.219799999999999829e-02,-6.928509999999999946e-01,1.997059999999999946e-01,5.312280000000000335e-01,2.762109999999999843e-01,3.272140000000000049e-01,9.769999999999999518e-02,4.669600000000000140e-02,-1.063130000000000047e-01,-5.530999999999999805e-02,7.219799999999999829e-02,2.762109999999999843e-01,4.669600000000000140e-02,1.997059999999999946e-01,3.527159999999999740e-01,3.527159999999999740e-01,4.547229999999999883e-01,1.270774999999999988e+00,-2.593230000000000257e-01,-2.350457000000000019e+00,-4.123330000000000051e-01,-7.948570000000000357e-01,3.272140000000000049e-01,1.576794999999999947e+00,6.842369999999999841e-01,1.857312000000000074e+00,2.762109999999999843e-01,-8.968639999999999946e-01,-1.828180000000000083e-01,3.272140000000000049e-01,-5.530999999999999805e-02,-4.378349999999999742e-01,2.252079999999999915e-01,5.057260000000000089e-01,9.769999999999999518e-02,-4.633360000000000256e-01,9.769999999999999518e-02,5.312280000000000335e-01,4.669600000000000140e-02,5.057260000000000089e-01,-1.228385000000000060e+00,-1.228385000000000060e+00,1.066761999999999988e+00,1.092262999999999984e+00,1.219772000000000078e+00,1.092262999999999984e+00,5.057260000000000089e-01,-1.828180000000000083e-01,-3.868309999999999804e-01,1.487030000000000018e-01,-2.593230000000000257e-01,-1.126379000000000019e+00,3.017130000000000090e-01,3.527159999999999740e-01,-8.081199999999999495e-02,-3.358280000000000154e-01,1.487030000000000018e-01,2.762109999999999843e-01,2.252079999999999915e-01,-1.318149999999999877e-01,6.842369999999999841e-01,7.352410000000000334e-01,4.547229999999999883e-01,2.119499999999999856e-02,-5.653430000000000399e-01,1.232010000000000050e-01,6.332339999999999636e-01,1.487030000000000018e-01,9.769999999999999518e-02,-5.530999999999999805e-02,1.041260000000000074e+00,1.270774999999999988e+00,-1.228385000000000060e+00,-2.885991000000000195e+00,2.507099999999999884e-01,1.372781000000000029e+00,1.168768000000000029e+00,4.547229999999999883e-01,1.487030000000000018e-01,9.769999999999999518e-02,-5.530999999999999805e-02,-8.081199999999999495e-02,-8.081199999999999495e-02,1.487030000000000018e-01,1.232010000000000050e-01,4.669600000000000140e-02,-2.848249999999999948e-01,-2.980800000000000116e-02,3.782179999999999986e-01,8.882499999999999840e-01,-3.358280000000000154e-01,-6.928509999999999946e-01,4.547229999999999883e-01
-2.083200000000000052e-01,7.607420000000000293e-01,9.647550000000000292e-01,-8.081199999999999495e-02,-1.508903000000000105e+00,-4.888379999999999947e-01,-1.828180000000000083e-01,2.762109999999999843e-01,-5.530999999999999805e-02,-2.593230000000000257e-01,8.372469999999999635e-01,2.507099999999999884e-01,1.232010000000000050e-01,9.769999999999999518e-02,-9.988700000000000356e-01,9.137520000000000087e-01,1.232010000000000050e-01,6.587359999999999882e-01,1.908315999999999901e+00,4.669600000000000140e-02,5.312280000000000335e-01,1.347280000000000033e+00,7.352410000000000334e-01,1.296276999999999902e+00,-2.707479999999999887e+00,-3.141007999999999800e+00,-1.381394999999999929e+00,-9.478670000000000151e-01,1.270774999999999988e+00,1.423785000000000078e+00,1.576794999999999947e+00,8.117459999999999676e-01,3.272140000000000049e-01,-4.307000000000000065e-03,4.802239999999999842e-01,7.219799999999999829e-02,1.347280000000000033e+00,9.392540000000000333e-01,-3.613299999999999845e-01,-1.712916000000000105e+00,-1.406897000000000064e+00,-1.253886999999999974e+00,7.352410000000000334e-01,8.117459999999999676e-01,1.321777999999999897e+00,1.500289999999999901e+00,8.627489999999999881e-01,4.669600000000000140e-02,-8.968639999999999946e-01,-1.712916000000000105e+00,-3.166509000000000018e+00,1.347280000000000033e+00,1.806308999999999942e+00,1.831811000000000078e+00,4.037189999999999945e-01,6.332339999999999636e-01,1.347280000000000033e+00,3.081390999999999991e+00,-1.508903000000000105e+00,-3.217512999999999845e+00,4.547229999999999883e-01,7.219799999999999829e-02,-3.931557999999999886e+00,-1.279387999999999970e+00,2.035823999999999856e+00,2.367344999999999811e+00,1.857312000000000074e+00,1.194269999999999943e+00,-7.693560000000000398e-01,-1.828180000000000083e-01,-3.358280000000000154e-01,4.547229999999999883e-01,5.312280000000000335e-01,1.997059999999999946e-01,-6.163459999999999495e-01,9.769999999999999518e-02,1.232010000000000050e-01,1.398282999999999943e+00,8.882499999999999840e-01,-2.452463999999999977e+00,-3.613299999999999845e-01,1.321777999999999897e+00,1.066761999999999988e+00,-7.183530000000000193e-01,-1.840424000000000060e+00,-1.253886999999999974e+00,1.525790999999999897e+00,3.463915000000000077e+00,1.398282999999999943e+00,-1.279387999999999970e+00,-2.044436999999999838e+00,4.547229999999999883e-01,3.017130000000000090e-01,5.567290000000000294e-01,2.800873000000000168e+00,6.077320000000000499e-01,-1.202884000000000064e+00,6.587359999999999882e-01,-3.103259999999999907e-01,-1.712916000000000105e+00,4.669600000000000140e-02,3.272140000000000049e-01,1.194269999999999943e+00,5.567290000000000294e-01,1.270774999999999988e+00,-1.100877000000000105e+00,-6.673489999999999700e-01,-3.243014000000000063e+00,2.252079999999999915e-01,1.831811000000000078e+00,2.137830000000000119e+00,3.272140000000000049e-01,-1.318149999999999877e-01,6.587359999999999882e-01,1.500289999999999901e+00,4.547229999999999883e-01,-4.378349999999999742e-01,-1.126379000000000019e+00,-3.358280000000000154e-01,-4.123330000000000051e-01,-7.948570000000000357e-01,1.232010000000000050e-01,-5.398410000000000153e-01,7.352410000000000334e-01,4.547229999999999883e-01,4.292210000000000192e-01,1.602295999999999943e+00,-1.432398000000000060e+00,1.780807999999999947e+00,1.372781000000000029e+00,-7.438540000000000152e-01,-1.840424000000000060e+00,3.272140000000000049e-01,8.627489999999999881e-01,2.252079999999999915e-01,7.097390000000000088e-01,-5.530999999999999805e-02,1.742049999999999987e-01,-1.828180000000000083e-01,-6.418479999999999741e-01,-4.378349999999999742e-01,1.487030000000000018e-01,9.647550000000000292e-01,2.545856999999999815e+00,-8.458609999999999740e-01,-2.248451000000000199e+00,2.119499999999999856e-02,1.092262999999999984e+00,1.474787999999999988e+00,9.902570000000000539e-01,4.037189999999999945e-01,-5.398410000000000153e-01,-5.653430000000000399e-01,-5.530999999999999805e-02,2.507099999999999884e-01,1.232010000000000050e-01,2.507099999999999884e-01,-1.253886999999999974e+00,7.352410000000000334e-01,1.270774999999999988e+00,-7.948570000000000357e-01,-2.324955000000000105e+00,9.769999999999999518e-02,1.959319000000000033e+00,1.653299000000000074e+00,8.372469999999999635e-01,-1.573170000000000124e-01,5.312280000000000335e-01,1.755306000000000033e+00,2.507099999999999884e-01,-7.438540000000000152e-01,-2.018936000000000064e+00,-1.279387999999999970e+00,-2.980800000000000116e-02,6.587359999999999882e-01,1.321777999999999897e+00,8.372469999999999635e-01,8.117459999999999676e-01,4.292210000000000192e-01,-5.653430000000000399e-01,9.769999999999999518e-02,3.272140000000000049e-01,-6.928509999999999946e-01,5.057260000000000089e-01,-6.163459999999999495e-01,9.769999999999999518e-02,3.782179999999999986e-01,1.092262999999999984e+00,1.398282999999999943e+00,-1.100877000000000105e+00,-2.477965000000000195e+00,-3.103259999999999907e-01,1.525790999999999897e+00,1.449286000000000074e+00,-2.848249999999999948e-01,-2.120941999999999883e+00,3.272140000000000049e-01,1.678800999999999988e+00,1.908315999999999901e+00,1.015759000000000079e+00,-9.478670000000000151e-01,2.119499999999999856e-02,-2.375958999999999932e+00,-1.573170000000000124e-01,1.449286000000000074e+00,-1.318149999999999877e-01,4.292210000000000192e-01,1.997059999999999946e-01,1.143267000000000033e+00,-2.338210000000000011e-01,-9.478670000000000151e-01,-2.593230000000000257e-01,9.392540000000000333e-01,-3.868309999999999804e-01,-9.988700000000000356e-01,1.423785000000000078e+00,1.168768000000000029e+00,-1.063130000000000047e-01,-8.713619999999999699e-01,5.822310000000000541e-01,1.066761999999999988e+00,4.669600000000000140e-02,-1.318149999999999877e-01,-2.980800000000000116e-02,-1.304890000000000105e+00,5.057260000000000089e-01,1.296276999999999902e+00,1.117764999999999898e+00,-2.338210000000000011e-01,7.219799999999999829e-02,-3.103259999999999907e-01,4.802239999999999842e-01,-1.814923000000000064e+00,-8.081199999999999495e-02,9.902570000000000539e-01,-5.530999999999999805e-02,8.117459999999999676e-01,8.882499999999999840e-01,5.312280000000000335e-01,-1.406897000000000064e+00,7.219799999999999829e-02,6.332339999999999636e-01,2.252079999999999915e-01,8.882499999999999840e-01,4.802239999999999842e-01,1.232010000000000050e-01,-5.530999999999999805e-02,9.902570000000000539e-01,1.066761999999999988e+00,-1.534405000000000019e+00,-1.712916000000000105e+00,5.822310000000000541e-01,2.507099999999999884e-01,1.487030000000000018e-01,2.252079999999999915e-01,4.802239999999999842e-01,9.392540000000000333e-01,2.762109999999999843e-01,-6.418479999999999741e-01,1.232010000000000050e-01,-4.378349999999999742e-01,1.487030000000000018e-01,6.077320000000000499e-01,8.882499999999999840e-01,1.398282999999999943e+00,1.041260000000000074e+00,-1.865925999999999974e+00,-3.447026999999999841e+00,7.219799999999999829e-02,1.602295999999999943e+00,6.842369999999999841e-01,8.372469999999999635e-01,8.372469999999999635e-01,7.862440000000000540e-01,8.627489999999999881e-01,-2.083200000000000052e-01,-3.868309999999999804e-01,-5.398410000000000153e-01,-5.398410000000000153e-01,9.769999999999999518e-02,1.372781000000000029e+00,3.017130000000000090e-01,2.252079999999999915e-01,1.487030000000000018e-01,-4.633360000000000256e-01,-1.457899999999999974e+00,-1.279387999999999970e+00,-5.398410000000000153e-01,9.769999999999999518e-02,1.984820999999999946e+00,1.423785000000000078e+00,1.959319000000000033e+00,1.857312000000000074e+00,-1.585407999999999928e+00,-1.100877000000000105e+00,7.097390000000000088e-01,9.392540000000000333e-01,1.997059999999999946e-01,-9.223660000000000192e-01,4.669600000000000140e-02,3.017130000000000090e-01,2.762109999999999843e-01,2.119499999999999856e-02,-4.123330000000000051e-01,2.252079999999999915e-01,8.117459999999999676e-01,4.802239999999999842e-01,1.742049999999999987e-01,-7.183530000000000193e-01,6.842369999999999841e-01,-5.398410000000000153e-01,-2.579972000000000154e+00,-8.081199999999999495e-02,2.979384000000000032e+00,1.474787999999999988e+00,2.507099999999999884e-01,4.292210000000000192e-01,-3.358280000000000154e-01,-2.338210000000000011e-01,4.669600000000000140e-02,-4.307000000000000065e-03,-4.888379999999999947e-01,1.041260000000000074e+00,-2.338210000000000011e-01,-4.633360000000000256e-01,-7.183530000000000193e-01,1.347280000000000033e+00,4.037189999999999945e-01,2.762109999999999843e-01,6.587359999999999882e-01,7.219799999999999829e-02,-3.613299999999999845e-01,-6.673489999999999700e-01,-3.613299999999999845e-01,8.372469999999999635e-01,4.292210000000000192e-01,9.392540000000000333e-01,1.933816999999999897e+00,6.077320000000000499e-01,-3.090003999999999973e+00,-1.508903000000000105e+00,7.862440000000000540e-01,1.270774999999999988e+00,1.168768000000000029e+00,7.352410000000000334e-01,-5.143389999999999906e-01,-2.083200000000000052e-01,-5.908440000000000358e-01,9.137520000000000087e-01,3.017130000000000090e-01,-1.381394999999999929e+00,1.232010000000000050e-01,1.959319000000000033e+00,7.862440000000000540e-01,-6.418479999999999741e-01,-3.613299999999999845e-01,9.137520000000000087e-01,4.292210000000000192e-01,4.292210000000000192e-01,5.312280000000000335e-01,-3.868309999999999804e-01,-1.177381999999999929e+00,1.487030000000000018e-01,5.312280000000000335e-01,2.507099999999999884e-01,-1.075374999999999970e+00,1.232010000000000050e-01,4.037189999999999945e-01,6.842369999999999841e-01,6.587359999999999882e-01,-6.928509999999999946e-01,-9.988700000000000356e-01,6.077320000000000499e-01,1.296276999999999902e+00,9.137520000000000087e-01,9.902570000000000539e-01,-1.534405000000000019e+00,7.607420000000000293e-01,7.862440000000000540e-01,-1.063130000000000047e-01,2.762109999999999843e-01,-2.083200000000000052e-01,-3.358280000000000154e-01,7.097390000000000088e-01,2.507099999999999884e-01,-6.928509999999999946e-01,4.669600000000000140e-02,-8.713619999999999699e-01,2.507099999999999884e-01,3.017130000000000090e-01,5.312280000000000335e-01,3.782179999999999986e-01,7.097390000000000088e-01,2.252079999999999915e-01,1.015759000000000079e+00,-6.673489999999999700e-01,-7.948570000000000357e-01,5.312280000000000335e-01,8.117459999999999676e-01,1.997059999999999946e-01,1.742049999999999987e-01,9.769999999999999518e-02,7.352410000000000334e-01,7.607420000000000293e-01,-1.508903000000000105e+00,-9.478670000000000151e-01,-6.163459999999999495e-01,6.587359999999999882e-01,8.882499999999999840e-01,1.143267000000000033e+00,7.219799999999999829e-02,-6.673489999999999700e-01,2.762109999999999843e-01,5.822310000000000541e-01,5.312280000000000335e-01,-7.183530000000000193e-01,-7.438540000000000152e-01,-1.573170000000000124e-01,8.627489999999999881e-01,-4.378349999999999742e-01,-2.083200000000000052e-01,7.219799999999999829e-02,8.627489999999999881e-01,8.627489999999999881e-01,1.487030000000000018e-01,-8.081199999999999495e-02,4.292210000000000192e-01,8.117459999999999676e-01,6.332339999999999636e-01,-1.063130000000000047e-01,-5.653430000000000399e-01,-8.968639999999999946e-01,-2.980800000000000116e-02,4.037189999999999945e-01,-1.828180000000000083e-01,1.347280000000000033e+00,7.352410000000000334e-01,-3.868309999999999804e-01,-4.888379999999999947e-01,-1.828180000000000083e-01,3.782179999999999986e-01,-4.307000000000000065e-03,7.352410000000000334e-01,3.782179999999999986e-01,-2.083200000000000052e-01,4.547229999999999883e-01,1.117764999999999898e+00,6.332339999999999636e-01,-3.868309999999999804e-01,-8.968639999999999946e-01,-1.330392000000000019e+00,8.117459999999999676e-01,5.057260000000000089e-01,2.119499999999999856e-02,-1.828180000000000083e-01,1.143267000000000033e+00,2.252079999999999915e-01,9.137520000000000087e-01,1.398282999999999943e+00,-2.593230000000000257e-01,-8.203589999999999494e-01,-2.083200000000000052e-01,-8.968639999999999946e-01,-8.081199999999999495e-02,-4.307000000000000065e-03,-5.530999999999999805e-02,1.143267000000000033e+00,-1.828180000000000083e-01,2.507099999999999884e-01,-3.868309999999999804e-01,-3.613299999999999845e-01,9.137520000000000087e-01,1.347280000000000033e+00,2.086826999999999988e+00,-4.378349999999999742e-01,-1.228385000000000060e+00,1.232010000000000050e-01,-2.980800000000000116e-02,4.669600000000000140e-02,1.487030000000000018e-01,6.077320000000000499e-01,-2.848249999999999948e-01,-3.358280000000000154e-01,-8.081199999999999495e-02,9.769999999999999518e-02,2.762109999999999843e-01,8.117459999999999676e-01,8.882499999999999840e-01,4.547229999999999883e-01,-1.406897000000000064e+00,1.296276999999999902e+00,1.653299000000000074e+00,-3.090003999999999973e+00,-2.350457000000000019e+00,-3.613299999999999845e-01,2.239837000000000078e+00,1.959319000000000033e+00,1.423785000000000078e+00,3.272140000000000049e-01,6.587359999999999882e-01,-4.307000000000000065e-03,-8.968639999999999946e-01,1.742049999999999987e-01,-4.378349999999999742e-01,-1.585407999999999928e+00,-3.868309999999999804e-01,-1.483402000000000109e+00,1.041260000000000074e+00,7.352410000000000334e-01,1.168768000000000029e+00,1.347280000000000033e+00,1.117764999999999898e+00,-2.083200000000000052e-01,-1.279387999999999970e+00,-5.908440000000000358e-01,6.587359999999999882e-01,4.037189999999999945e-01,2.119499999999999856e-02,5.312280000000000335e-01,5.822310000000000541e-01,3.527159999999999740e-01,6.077320000000000499e-01,-1.063130000000000047e-01,-5.143389999999999906e-01,-1.253886999999999974e+00,-9.988700000000000356e-01,1.551293000000000033e+00,3.017130000000000090e-01,-2.083200000000000052e-01,-8.713619999999999699e-01,4.037189999999999945e-01,6.587359999999999882e-01,1.780807999999999947e+00,-2.848249999999999948e-01,-1.355893000000000015e+00,3.527159999999999740e-01,1.143267000000000033e+00,6.332339999999999636e-01,-3.358280000000000154e-01,9.769999999999999518e-02,3.272140000000000049e-01,-8.081199999999999495e-02,-8.081199999999999495e-02,1.487030000000000018e-01,3.017130000000000090e-01,2.252079999999999915e-01,-4.123330000000000051e-01,-6.928509999999999946e-01,-6.418479999999999741e-01,5.057260000000000089e-01,1.347280000000000033e+00,5.567290000000000294e-01,8.117459999999999676e-01,9.392540000000000333e-01,-8.081199999999999495e-02,-7.183530000000000193e-01,3.017130000000000090e-01,7.352410000000000334e-01,3.527159999999999740e-01,2.119499999999999856e-02,-3.613299999999999845e-01,-5.653430000000000399e-01,5.312280000000000335e-01,1.997059999999999946e-01,-8.968639999999999946e-01,8.372469999999999635e-01,5.567290000000000294e-01,-8.968639999999999946e-01,-6.163459999999999495e-01,8.882499999999999840e-01,1.678800999999999988e+00,9.902570000000000539e-01,7.219799999999999829e-02,-4.123330000000000051e-01,-3.358280000000000154e-01,-1.318149999999999877e-01,-1.573170000000000124e-01,5.312280000000000335e-01,-9.733690000000000397e-01,-4.633360000000000256e-01,2.762109999999999843e-01,1.092262999999999984e+00,6.332339999999999636e-01,-4.307000000000000065e-03,9.769999999999999518e-02,-4.307000000000000065e-03,1.015759000000000079e+00,7.097390000000000088e-01,-7.183530000000000193e-01,-7.183530000000000193e-01,3.272140000000000049e-01,-6.673489999999999700e-01,4.292210000000000192e-01,1.015759000000000079e+00,4.802239999999999842e-01,-2.593230000000000257e-01,2.252079999999999915e-01,6.332339999999999636e-01,1.487030000000000018e-01,-7.183530000000000193e-01,-8.458609999999999740e-01,1.015759000000000079e+00,1.704302999999999901e+00,-1.228385000000000060e+00,-1.738418000000000019e+00,2.252079999999999915e-01,1.423785000000000078e+00,1.806308999999999942e+00,4.802239999999999842e-01,-1.100877000000000105e+00,-9.478670000000000151e-01,9.769999999999999518e-02,2.086826999999999988e+00,7.607420000000000293e-01,-6.418479999999999741e-01,-8.458609999999999740e-01,-1.279387999999999970e+00,7.097390000000000088e-01,6.842369999999999841e-01,-5.908440000000000358e-01,-3.103259999999999907e-01,1.742049999999999987e-01,8.372469999999999635e-01,1.092262999999999984e+00,3.017130000000000090e-01,-2.980800000000000116e-02,2.762109999999999843e-01,-4.307000000000000065e-03,-5.530999999999999805e-02,6.842369999999999841e-01,-3.103259999999999907e-01,4.292210000000000192e-01,-2.848249999999999948e-01,-1.828180000000000083e-01,-8.081199999999999495e-02,3.527159999999999740e-01,2.239837000000000078e+00,-5.908440000000000358e-01,-3.549033999999999800e+00,4.292210000000000192e-01,6.842369999999999841e-01,5.567290000000000294e-01,9.137520000000000087e-01,4.292210000000000192e-01,5.312280000000000335e-01,4.802239999999999842e-01,4.547229999999999883e-01,5.312280000000000335e-01,-2.848249999999999948e-01,-1.573170000000000124e-01,-3.868309999999999804e-01,4.669600000000000140e-02,-7.183530000000000193e-01,-8.203589999999999494e-01,3.782179999999999986e-01,6.332339999999999636e-01,9.137520000000000087e-01,3.782179999999999986e-01,-1.318149999999999877e-01,2.507099999999999884e-01,3.527159999999999740e-01,5.057260000000000089e-01,3.782179999999999986e-01,-1.573170000000000124e-01,-5.398410000000000153e-01,-3.613299999999999845e-01,4.292210000000000192e-01,9.137520000000000087e-01,3.272140000000000049e-01,-2.083200000000000052e-01,-4.307000000000000065e-03,-7.693560000000000398e-01,4.802239999999999842e-01,-3.868309999999999804e-01,-8.081199999999999495e-02,5.822310000000000541e-01,1.117764999999999898e+00,8.627489999999999881e-01,7.607420000000000293e-01,9.392540000000000333e-01,-4.888379999999999947e-01,-1.126379000000000019e+00,-4.123330000000000051e-01,8.117459999999999676e-01,4.547229999999999883e-01,2.507099999999999884e-01,4.292210000000000192e-01,-8.081199999999999495e-02,-2.593230000000000257e-01,-4.123330000000000051e-01,7.219799999999999829e-02,2.252079999999999915e-01,7.352410000000000334e-01,4.292210000000000192e-01,4.037189999999999945e-01,7.352410000000000334e-01,-7.438540000000000152e-01,-3.064503000000000199e+00,1.704302999999999901e+00,5.822310000000000541e-01,8.117459999999999676e-01,8.627489999999999881e-01,8.372469999999999635e-01,-7.693560000000000398e-01,1.232010000000000050e-01,8.882499999999999840e-01,1.143267000000000033e+00,-6.673489999999999700e-01,-9.733690000000000397e-01,3.527159999999999740e-01,1.232010000000000050e-01,-5.530999999999999805e-02,2.507099999999999884e-01,-3.103259999999999907e-01,-7.438540000000000152e-01,1.143267000000000033e+00,4.547229999999999883e-01,2.762109999999999843e-01,9.392540000000000333e-01,-1.100877000000000105e+00,-1.202884000000000064e+00,7.862440000000000540e-01,6.077320000000000499e-01,1.296276999999999902e+00,6.332339999999999636e-01,8.117459999999999676e-01,-9.478670000000000151e-01,-4.633360000000000256e-01,4.037189999999999945e-01,1.997059999999999946e-01,-8.458609999999999740e-01,1.742049999999999987e-01,-1.828180000000000083e-01,4.802239999999999842e-01,2.507099999999999884e-01,-4.123330000000000051e-01,1.015759000000000079e+00,6.332339999999999636e-01,2.252079999999999915e-01,2.252079999999999915e-01,-5.143389999999999906e-01,-4.378349999999999742e-01,7.862440000000000540e-01,3.272140000000000049e-01,4.802239999999999842e-01,6.842369999999999841e-01,9.137520000000000087e-01,7.862440000000000540e-01,-9.988700000000000356e-01,-5.653430000000000399e-01,3.272140000000000049e-01,-2.338210000000000011e-01,2.507099999999999884e-01,2.507099999999999884e-01,-1.828180000000000083e-01,-6.928509999999999946e-01,2.762109999999999843e-01,1.232010000000000050e-01,5.312280000000000335e-01,1.092262999999999984e+00,-1.063130000000000047e-01,5.312280000000000335e-01,2.252079999999999915e-01,-5.530999999999999805e-02,-1.573170000000000124e-01,1.168768000000000029e+00,4.669600000000000140e-02,-9.478670000000000151e-01,-6.418479999999999741e-01,1.232010000000000050e-01,-2.980800000000000116e-02,6.842369999999999841e-01,-4.307000000000000065e-03,2.507099999999999884e-01,7.607420000000000293e-01,5.312280000000000335e-01,1.232010000000000050e-01,1.487030000000000018e-01,1.232010000000000050e-01,-1.318149999999999877e-01,-2.980800000000000116e-02,-3.613299999999999845e-01,7.219799999999999829e-02,2.252079999999999915e-01,7.219799999999999829e-02,-1.063130000000000047e-01,7.352410000000000334e-01,9.647550000000000292e-01,-4.307000000000000065e-03,-6.163459999999999495e-01,-1.406897000000000064e+00,6.842369999999999841e-01,1.729803999999999897e+00,1.015759000000000079e+00,2.762109999999999843e-01,-2.338210000000000011e-01,4.292210000000000192e-01,4.802239999999999842e-01,1.232010000000000050e-01,-5.398410000000000153e-01,-4.888379999999999947e-01,-7.948570000000000357e-01,-2.083200000000000052e-01,3.782179999999999986e-01,4.547229999999999883e-01,3.527159999999999740e-01,-8.081199999999999495e-02,5.312280000000000335e-01,7.607420000000000293e-01,1.232010000000000050e-01,4.037189999999999945e-01,6.332339999999999636e-01,-4.888379999999999947e-01,-1.355893000000000015e+00,4.037189999999999945e-01,5.057260000000000089e-01,6.332339999999999636e-01,7.097390000000000088e-01,8.372469999999999635e-01,2.507099999999999884e-01,-2.299453999999999887e+00,-5.653430000000000399e-01,1.398282999999999943e+00,9.137520000000000087e-01,6.332339999999999636e-01,-1.063130000000000047e-01,4.292210000000000192e-01,-1.063130000000000047e-01,-7.183530000000000193e-01,-5.530999999999999805e-02,7.219799999999999829e-02,5.057260000000000089e-01,-1.508903000000000105e+00,-4.633360000000000256e-01,1.041260000000000074e+00,9.137520000000000087e-01,4.547229999999999883e-01,8.372469999999999635e-01,4.292210000000000192e-01,9.769999999999999518e-02,-2.083200000000000052e-01,3.272140000000000049e-01,1.245273000000000074e+00,-5.908440000000000358e-01,-9.478670000000000151e-01,-1.828180000000000083e-01,1.997059999999999946e-01,-2.083200000000000052e-01,-4.123330000000000051e-01,5.822310000000000541e-01,5.312280000000000335e-01,4.037189999999999945e-01,7.219799999999999829e-02,3.017130000000000090e-01,7.097390000000000088e-01,-1.318149999999999877e-01,-3.103259999999999907e-01,-1.573170000000000124e-01,2.762109999999999843e-01,-4.633360000000000256e-01,1.551293000000000033e+00,2.252079999999999915e-01,-8.458609999999999740e-01,-5.398410000000000153e-01,2.086826999999999988e+00,-1.318149999999999877e-01,-9.223660000000000192e-01,1.232010000000000050e-01,7.219799999999999829e-02,1.232010000000000050e-01,5.312280000000000335e-01,1.041260000000000074e+00,5.312280000000000335e-01,-1.457899999999999974e+00,-2.593230000000000257e-01,9.647550000000000292e-01,-4.378349999999999742e-01,-2.593230000000000257e-01,6.587359999999999882e-01,5.312280000000000335e-01,2.762109999999999843e-01,-6.928509999999999946e-01,-2.980800000000000116e-02,1.487030000000000018e-01,8.117459999999999676e-01,6.077320000000000499e-01,5.567290000000000294e-01,-4.633360000000000256e-01,7.352410000000000334e-01,1.742049999999999987e-01,-4.378349999999999742e-01,-2.848249999999999948e-01,6.077320000000000499e-01,6.077320000000000499e-01,-5.530999999999999805e-02,-2.083200000000000052e-01,4.547229999999999883e-01,-8.081199999999999495e-02,-2.848249999999999948e-01,-2.980800000000000116e-02,7.862440000000000540e-01,1.270774999999999988e+00,6.077320000000000499e-01,-8.081199999999999495e-02,-7.183530000000000193e-01,-1.573170000000000124e-01,-3.103259999999999907e-01,1.487030000000000018e-01,7.097390000000000088e-01,7.862440000000000540e-01,2.762109999999999843e-01,-9.733690000000000397e-01,-6.673489999999999700e-01,7.607420000000000293e-01,6.332339999999999636e-01,8.117459999999999676e-01,3.017130000000000090e-01,-8.968639999999999946e-01,-8.203589999999999494e-01,9.392540000000000333e-01,4.547229999999999883e-01,7.219799999999999829e-02,6.587359999999999882e-01,6.842369999999999841e-01,2.507099999999999884e-01,1.487030000000000018e-01,-1.075374999999999970e+00,3.272140000000000049e-01,7.862440000000000540e-01,1.232010000000000050e-01,-2.338210000000000011e-01,-3.868309999999999804e-01,4.037189999999999945e-01,4.669600000000000140e-02,-2.980800000000000116e-02,1.066761999999999988e+00,2.252079999999999915e-01,2.507099999999999884e-01,-8.081199999999999495e-02,9.769999999999999518e-02,3.272140000000000049e-01,2.762109999999999843e-01,8.117459999999999676e-01,6.842369999999999841e-01,-9.988700000000000356e-01,-3.523531999999999886e+00,8.882499999999999840e-01,2.673364999999999991e+00,7.862440000000000540e-01,-2.593230000000000257e-01,6.842369999999999841e-01,-1.318149999999999877e-01,1.997059999999999946e-01,1.296276999999999902e+00,7.352410000000000334e-01,-8.081199999999999495e-02,-9.733690000000000397e-01,-1.559906000000000015e+00,-4.888379999999999947e-01,6.332339999999999636e-01,-8.968639999999999946e-01,8.117459999999999676e-01,8.117459999999999676e-01,3.782179999999999986e-01,1.487030000000000018e-01,4.037189999999999945e-01,9.647550000000000292e-01,5.822310000000000541e-01,-4.378349999999999742e-01,7.219799999999999829e-02,6.842369999999999841e-01,2.762109999999999843e-01,-2.338210000000000011e-01,-3.613299999999999845e-01,-1.063130000000000047e-01,7.219799999999999829e-02,-2.338210000000000011e-01,1.232010000000000050e-01,6.077320000000000499e-01,2.762109999999999843e-01,-4.378349999999999742e-01,3.017130000000000090e-01,-4.123330000000000051e-01,8.372469999999999635e-01,5.567290000000000294e-01,3.272140000000000049e-01,-4.123330000000000051e-01,1.015759000000000079e+00,-2.593230000000000257e-01,-9.733690000000000397e-01,9.137520000000000087e-01,1.551293000000000033e+00,-1.828180000000000083e-01,-1.063130000000000047e-01,2.762109999999999843e-01,-1.330392000000000019e+00,6.077320000000000499e-01,6.077320000000000499e-01,9.769999999999999518e-02,2.252079999999999915e-01,3.272140000000000049e-01,3.017130000000000090e-01,-6.673489999999999700e-01,-1.828180000000000083e-01,-4.888379999999999947e-01,9.769999999999999518e-02,5.567290000000000294e-01,6.077320000000000499e-01,3.272140000000000049e-01,1.194269999999999943e+00,-4.378349999999999742e-01,-4.378349999999999742e-01,3.272140000000000049e-01,8.117459999999999676e-01,2.762109999999999843e-01,-1.318149999999999877e-01,7.607420000000000293e-01,5.312280000000000335e-01,-8.713619999999999699e-01,-5.908440000000000358e-01,7.219799999999999829e-02,-3.868309999999999804e-01,2.252079999999999915e-01,9.647550000000000292e-01,6.332339999999999636e-01,9.137520000000000087e-01,4.669600000000000140e-02,-1.024372000000000060e+00,2.119499999999999856e-02,3.272140000000000049e-01,3.272140000000000049e-01,4.669600000000000140e-02,-8.713619999999999699e-01,3.527159999999999740e-01,4.547229999999999883e-01,5.567290000000000294e-01,7.607420000000000293e-01,3.782179999999999986e-01,-4.378349999999999742e-01,-2.593230000000000257e-01,2.119499999999999856e-02,4.669600000000000140e-02,8.117459999999999676e-01,1.168768000000000029e+00,-1.063130000000000047e-01,-5.653430000000000399e-01,2.119499999999999856e-02,-5.908440000000000358e-01,-1.126379000000000019e+00,3.017130000000000090e-01,2.061326000000000214e+00,1.092262999999999984e+00,-1.075374999999999970e+00,-3.613299999999999845e-01,4.547229999999999883e-01,6.077320000000000499e-01,9.647550000000000292e-01,8.117459999999999676e-01,-3.868309999999999804e-01,-1.763919000000000015e+00,-4.888379999999999947e-01,5.057260000000000089e-01,1.041260000000000074e+00,6.842369999999999841e-01,4.802239999999999842e-01,2.252079999999999915e-01,-4.378349999999999742e-01,-2.083200000000000052e-01,-1.573170000000000124e-01,1.487030000000000018e-01,4.037189999999999945e-01,3.017130000000000090e-01,2.762109999999999843e-01,5.057260000000000089e-01,-1.318149999999999877e-01,-1.177381999999999929e+00,3.272140000000000049e-01,-2.083200000000000052e-01,6.332339999999999636e-01,4.037189999999999945e-01,7.352410000000000334e-01,8.372469999999999635e-01,-4.307000000000000065e-03,1.232010000000000050e-01,1.742049999999999987e-01,-1.024372000000000060e+00,-1.253886999999999974e+00,-1.063130000000000047e-01,7.097390000000000088e-01,1.270774999999999988e+00,6.332339999999999636e-01,-3.358280000000000154e-01,-3.358280000000000154e-01,2.762109999999999843e-01,1.806308999999999942e+00,6.842369999999999841e-01,-6.163459999999999495e-01,-2.783984999999999932e+00,2.119499999999999856e-02,1.245273000000000074e+00,1.219772000000000078e+00,5.057260000000000089e-01,-4.888379999999999947e-01,7.097390000000000088e-01,8.372469999999999635e-01,-4.378349999999999742e-01,-4.123330000000000051e-01,2.252079999999999915e-01,4.037189999999999945e-01,-2.083200000000000052e-01,-6.418479999999999741e-01,1.487030000000000018e-01,2.762109999999999843e-01,-1.318149999999999877e-01,-4.307000000000000065e-03,4.547229999999999883e-01,6.077320000000000499e-01,6.077320000000000499e-01,-4.633360000000000256e-01,-1.318149999999999877e-01,-6.928509999999999946e-01,8.372469999999999635e-01,7.607420000000000293e-01,8.372469999999999635e-01,-5.653430000000000399e-01,4.292210000000000192e-01,1.066761999999999988e+00,1.270774999999999988e+00,-1.304890000000000105e+00,-2.095441000000000109e+00,-8.458609999999999740e-01,6.842369999999999841e-01,1.474787999999999988e+00,6.077320000000000499e-01,-2.848249999999999948e-01,4.802239999999999842e-01,3.017130000000000090e-01,-2.848249999999999948e-01,-1.483402000000000109e+00,5.057260000000000089e-01,6.587359999999999882e-01,-7.693560000000000398e-01,-1.318149999999999877e-01,1.143267000000000033e+00,3.527159999999999740e-01,4.802239999999999842e-01,-1.063130000000000047e-01,8.117459999999999676e-01,9.647550000000000292e-01,7.097390000000000088e-01,-3.358280000000000154e-01,-1.318149999999999877e-01,-4.307000000000000065e-03,4.547229999999999883e-01,-1.483402000000000109e+00,-3.294017000000000195e+00,-8.081199999999999495e-02,1.500289999999999901e+00,1.755306000000000033e+00,1.347280000000000033e+00,6.842369999999999841e-01,4.037189999999999945e-01,4.669600000000000140e-02,2.119499999999999856e-02,-4.307000000000000065e-03,3.017130000000000090e-01,-5.653430000000000399e-01,-1.828180000000000083e-01,4.669600000000000140e-02,5.567290000000000294e-01,-8.081199999999999495e-02,-1.573170000000000124e-01,1.487030000000000018e-01,2.119499999999999856e-02,-3.868309999999999804e-01,1.117764999999999898e+00,-8.081199999999999495e-02,8.882499999999999840e-01,3.527159999999999740e-01,-8.081199999999999495e-02,-4.378349999999999742e-01,-2.848249999999999948e-01,5.312280000000000335e-01,-5.143389999999999906e-01,6.587359999999999882e-01,8.627489999999999881e-01,2.252079999999999915e-01,-8.968639999999999946e-01,4.669600000000000140e-02,-2.980800000000000116e-02,-1.063130000000000047e-01,1.296276999999999902e+00,5.312280000000000335e-01,-6.928509999999999946e-01,-4.633360000000000256e-01,4.292210000000000192e-01,7.097390000000000088e-01,3.272140000000000049e-01,6.332339999999999636e-01,-3.613299999999999845e-01,-8.203589999999999494e-01,-3.103259999999999907e-01,3.272140000000000049e-01,1.143267000000000033e+00,6.587359999999999882e-01,-5.143389999999999906e-01,4.037189999999999945e-01,8.117459999999999676e-01,-1.610910000000000064e+00,-9.478670000000000151e-01,-2.848249999999999948e-01,9.902570000000000539e-01,1.576794999999999947e+00,1.500289999999999901e+00,7.097390000000000088e-01,4.547229999999999883e-01,1.997059999999999946e-01,-7.183530000000000193e-01,6.332339999999999636e-01,-8.713619999999999699e-01,-1.330392000000000019e+00,-4.633360000000000256e-01,8.372469999999999635e-01,3.782179999999999986e-01,5.822310000000000541e-01,4.292210000000000192e-01,1.232010000000000050e-01,1.232010000000000050e-01,1.487030000000000018e-01,2.507099999999999884e-01,4.669600000000000140e-02,-5.398410000000000153e-01,2.119499999999999856e-02,5.567290000000000294e-01,7.352410000000000334e-01,9.392540000000000333e-01,4.669600000000000140e-02,-5.398410000000000153e-01,6.587359999999999882e-01,1.092262999999999984e+00,-7.183530000000000193e-01,-1.993433999999999928e+00,1.997059999999999946e-01,4.802239999999999842e-01,4.802239999999999842e-01,5.057260000000000089e-01,1.997059999999999946e-01,1.398282999999999943e+00,9.902570000000000539e-01,-1.063130000000000047e-01,-2.338210000000000011e-01,-2.044436999999999838e+00,-6.418479999999999741e-01,-3.103259999999999907e-01,-1.318149999999999877e-01,1.041260000000000074e+00,1.755306000000000033e+00,1.997059999999999946e-01,-2.338210000000000011e-01,-5.530999999999999805e-02,-9.733690000000000397e-01,6.332339999999999636e-01,1.092262999999999984e+00,9.392540000000000333e-01,4.037189999999999945e-01,5.567290000000000294e-01,-3.103259999999999907e-01,-2.848249999999999948e-01,2.119499999999999856e-02,-4.633360000000000256e-01,-3.103259999999999907e-01,-2.980800000000000116e-02,-1.828180000000000083e-01,3.527159999999999740e-01,9.769999999999999518e-02,5.822310000000000541e-01,5.567290000000000294e-01,6.332339999999999636e-01,-5.530999999999999805e-02,8.882499999999999840e-01,5.057260000000000089e-01,-2.273951999999999973e+00,-2.809486000000000150e+00,1.857312000000000074e+00,1.908315999999999901e+00,1.117764999999999898e+00,4.802239999999999842e-01,9.769999999999999518e-02,-2.848249999999999948e-01,-1.573170000000000124e-01,-4.888379999999999947e-01,-2.980800000000000116e-02,5.312280000000000335e-01,-8.081199999999999495e-02,-6.163459999999999495e-01,2.762109999999999843e-01,1.194269999999999943e+00,6.077320000000000499e-01,-5.908440000000000358e-01,-4.307000000000000065e-03,2.119499999999999856e-02,3.782179999999999986e-01,7.097390000000000088e-01,2.762109999999999843e-01,1.997059999999999946e-01,2.252079999999999915e-01,7.219799999999999829e-02,-1.063130000000000047e-01,-4.888379999999999947e-01,-5.530999999999999805e-02,5.567290000000000294e-01,1.232010000000000050e-01,4.802239999999999842e-01,9.392540000000000333e-01,-8.713619999999999699e-01,-7.948570000000000357e-01,5.567290000000000294e-01,5.312280000000000335e-01,-8.081199999999999495e-02,7.219799999999999829e-02,4.547229999999999883e-01,8.372469999999999635e-01,6.077320000000000499e-01,-7.693560000000000398e-01,1.232010000000000050e-01,6.332339999999999636e-01,3.017130000000000090e-01,2.119499999999999856e-02,-6.928509999999999946e-01,9.769999999999999518e-02,7.862440000000000540e-01,-1.063130000000000047e-01,-7.438540000000000152e-01,2.762109999999999843e-01,3.527159999999999740e-01,3.017130000000000090e-01,3.017130000000000090e-01,-3.868309999999999804e-01,-8.968639999999999946e-01,1.525790999999999897e+00,7.862440000000000540e-01,-7.183530000000000193e-01,4.292210000000000192e-01,1.997059999999999946e-01,5.057260000000000089e-01,2.252079999999999915e-01,7.352410000000000334e-01,6.842369999999999841e-01,-9.223660000000000192e-01,-8.081199999999999495e-02,2.119499999999999856e-02,-8.081199999999999495e-02,4.547229999999999883e-01,1.742049999999999987e-01,-1.049873999999999974e+00,-6.673489999999999700e-01,5.822310000000000541e-01,5.822310000000000541e-01,5.822310000000000541e-01,8.372469999999999635e-01,7.219799999999999829e-02,2.119499999999999856e-02,4.669600000000000140e-02,-2.083200000000000052e-01,4.037189999999999945e-01,2.252079999999999915e-01,1.066761999999999988e+00,7.352410000000000334e-01,-5.653430000000000399e-01,-1.432398000000000060e+00,-1.177381999999999929e+00,-1.573170000000000124e-01,7.352410000000000334e-01,9.392540000000000333e-01,1.500289999999999901e+00,9.392540000000000333e-01,-8.713619999999999699e-01,9.137520000000000087e-01,5.312280000000000335e-01,-8.081199999999999495e-02,-1.573170000000000124e-01,-2.980800000000000116e-02,-1.828180000000000083e-01,-6.163459999999999495e-01,-2.083200000000000052e-01,1.168768000000000029e+00,8.627489999999999881e-01,-4.307000000000000065e-03,-6.928509999999999946e-01,-3.868309999999999804e-01,2.119499999999999856e-02,-3.358280000000000154e-01,4.547229999999999883e-01,1.219772000000000078e+00,8.882499999999999840e-01,-1.967932999999999932e+00,1.997059999999999946e-01,3.782179999999999986e-01,4.802239999999999842e-01,9.902570000000000539e-01,7.352410000000000334e-01,4.547229999999999883e-01,-1.063130000000000047e-01,-4.307000000000000065e-03,-3.868309999999999804e-01,1.742049999999999987e-01,2.762109999999999843e-01,2.507099999999999884e-01,3.782179999999999986e-01,3.017130000000000090e-01,-6.673489999999999700e-01,-5.143389999999999906e-01,5.312280000000000335e-01,3.782179999999999986e-01,-7.693560000000000398e-01,1.245273000000000074e+00,1.092262999999999984e+00,-8.203589999999999494e-01,-1.573170000000000124e-01,2.119499999999999856e-02,-7.183530000000000193e-01,3.527159999999999740e-01,7.862440000000000540e-01,7.607420000000000293e-01,7.352410000000000334e-01,9.769999999999999518e-02,-2.338210000000000011e-01,3.272140000000000049e-01,2.762109999999999843e-01,-4.307000000000000065e-03,1.487030000000000018e-01,-2.980800000000000116e-02,-3.613299999999999845e-01,1.296276999999999902e+00,-2.338210000000000011e-01,-1.483402000000000109e+00,-1.573170000000000124e-01,2.762109999999999843e-01,4.292210000000000192e-01,1.015759000000000079e+00,3.272140000000000049e-01,9.769999999999999518e-02,1.232010000000000050e-01,-1.381394999999999929e+00,-2.338210000000000011e-01,3.017130000000000090e-01,1.500289999999999901e+00,6.842369999999999841e-01,-5.530999999999999805e-02,7.219799999999999829e-02,1.742049999999999987e-01,-4.307000000000000065e-03,5.567290000000000294e-01,7.862440000000000540e-01,-5.398410000000000153e-01,-9.478670000000000151e-01,4.037189999999999945e-01,4.037189999999999945e-01,2.762109999999999843e-01,-2.848249999999999948e-01,-9.733690000000000397e-01,-2.083200000000000052e-01,9.902570000000000539e-01,1.194269999999999943e+00,6.077320000000000499e-01,8.372469999999999635e-01,-1.075374999999999970e+00,-7.438540000000000152e-01,3.272140000000000049e-01,4.547229999999999883e-01,-4.888379999999999947e-01,3.527159999999999740e-01,4.802239999999999842e-01,8.372469999999999635e-01,7.097390000000000088e-01,2.507099999999999884e-01,-2.083200000000000052e-01,1.742049999999999987e-01,2.119499999999999856e-02,5.057260000000000089e-01,-9.733690000000000397e-01,-5.908440000000000358e-01,-5.530999999999999805e-02,3.272140000000000049e-01,1.742049999999999987e-01,-1.573170000000000124e-01,6.077320000000000499e-01,7.097390000000000088e-01,2.762109999999999843e-01,3.272140000000000049e-01,1.997059999999999946e-01,-1.100877000000000105e+00,6.077320000000000499e-01,7.352410000000000334e-01,3.017130000000000090e-01,3.272140000000000049e-01,9.902570000000000539e-01,7.097390000000000088e-01,3.017130000000000090e-01,-1.100877000000000105e+00,-7.948570000000000357e-01,-2.848249999999999948e-01,4.669600000000000140e-02,3.272140000000000049e-01,1.117764999999999898e+00,4.547229999999999883e-01,-5.653430000000000399e-01,-1.559906000000000015e+00,9.647550000000000292e-01,1.066761999999999988e+00,4.547229999999999883e-01,2.762109999999999843e-01,1.487030000000000018e-01,-3.358280000000000154e-01,-3.613299999999999845e-01,1.296276999999999902e+00,8.882499999999999840e-01,2.119499999999999856e-02,-1.483402000000000109e+00,-5.530999999999999805e-02,-4.123330000000000051e-01,-2.848249999999999948e-01,1.143267000000000033e+00,6.842369999999999841e-01,1.742049999999999987e-01,1.997059999999999946e-01,3.017130000000000090e-01,-8.081199999999999495e-02,-4.378349999999999742e-01,3.272140000000000049e-01,3.527159999999999740e-01,2.119499999999999856e-02,5.057260000000000089e-01,-3.103259999999999907e-01,-7.693560000000000398e-01,1.143267000000000033e+00,-9.223660000000000192e-01,-4.307000000000000065e-03,1.321777999999999897e+00,9.647550000000000292e-01,-2.593230000000000257e-01,-4.123330000000000051e-01,9.769999999999999518e-02,3.527159999999999740e-01,5.057260000000000089e-01,3.017130000000000090e-01,2.252079999999999915e-01,6.332339999999999636e-01,-6.163459999999999495e-01,-2.171946000000000154e+00,-8.081199999999999495e-02,6.842369999999999841e-01,8.627489999999999881e-01,7.097390000000000088e-01,4.037189999999999945e-01,4.802239999999999842e-01,2.507099999999999884e-01,-2.083200000000000052e-01,4.802239999999999842e-01,6.332339999999999636e-01,2.119499999999999856e-02,-1.687415000000000109e+00,-1.024372000000000060e+00,6.077320000000000499e-01,1.092262999999999984e+00,7.352410000000000334e-01,1.997059999999999946e-01,-2.848249999999999948e-01,3.017130000000000090e-01,5.822310000000000541e-01,-8.081199999999999495e-02,3.272140000000000049e-01,1.742049999999999987e-01,5.567290000000000294e-01,4.802239999999999842e-01,-3.613299999999999845e-01,-1.432398000000000060e+00,-8.968639999999999946e-01,3.782179999999999986e-01,5.312280000000000335e-01,2.507099999999999884e-01,8.882499999999999840e-01,1.194269999999999943e+00,6.587359999999999882e-01,3.272140000000000049e-01,-1.126379000000000019e+00,-7.183530000000000193e-01,2.762109999999999843e-01,1.194269999999999943e+00,1.015759000000000079e+00,1.742049999999999987e-01,-4.633360000000000256e-01,-2.083200000000000052e-01,-8.081199999999999495e-02,2.119499999999999856e-02,-1.661912999999999974e+00,-2.593230000000000257e-01,4.292210000000000192e-01,8.627489999999999881e-01,1.474787999999999988e+00,1.755306000000000033e+00,-6.928509999999999946e-01,-7.948570000000000357e-01,6.077320000000000499e-01,2.119499999999999856e-02,6.077320000000000499e-01,4.292210000000000192e-01,-2.083200000000000052e-01,-1.355893000000000015e+00,6.587359999999999882e-01,4.802239999999999842e-01,1.143267000000000033e+00,5.567290000000000294e-01,2.252079999999999915e-01,-6.418479999999999741e-01,-1.318149999999999877e-01,-4.888379999999999947e-01,-8.713619999999999699e-01,1.997059999999999946e-01,9.392540000000000333e-01,-2.848249999999999948e-01,5.822310000000000541e-01,7.097390000000000088e-01,-5.653430000000000399e-01,-3.103259999999999907e-01,1.168768000000000029e+00,1.219772000000000078e+00,3.527159999999999740e-01,-8.458609999999999740e-01,-5.530999999999999805e-02,-1.318149999999999877e-01,2.119499999999999856e-02,5.312280000000000335e-01,2.119499999999999856e-02,-2.848249999999999948e-01,9.392540000000000333e-01,5.822310000000000541e-01,-3.868309999999999804e-01,-1.828180000000000083e-01,-8.968639999999999946e-01,2.507099999999999884e-01,1.449286000000000074e+00,-2.018936000000000064e+00,-2.593230000000000257e-01,9.647550000000000292e-01,1.347280000000000033e+00,1.143267000000000033e+00,4.669600000000000140e-02,-7.948570000000000357e-01,4.037189999999999945e-01,9.769999999999999518e-02,-6.673489999999999700e-01,6.587359999999999882e-01,5.312280000000000335e-01,1.487030000000000018e-01,-1.318149999999999877e-01,-5.530999999999999805e-02,9.769999999999999518e-02,5.567290000000000294e-01,4.292210000000000192e-01,-2.593230000000000257e-01,-1.828180000000000083e-01,1.742049999999999987e-01,-2.083200000000000052e-01,3.782179999999999986e-01,7.862440000000000540e-01,-5.143389999999999906e-01,2.252079999999999915e-01,2.119499999999999856e-02,7.607420000000000293e-01,3.017130000000000090e-01,-4.307000000000000065e-03,-4.307000000000000065e-03,-2.980800000000000116e-02,4.547229999999999883e-01,6.587359999999999882e-01,-2.083200000000000052e-01,1.232010000000000050e-01,-1.063130000000000047e-01,-1.304890000000000105e+00,6.842369999999999841e-01,2.507099999999999884e-01,4.547229999999999883e-01,6.077320000000000499e-01,-8.081199999999999495e-02,1.487030000000000018e-01,9.647550000000000292e-01,3.272140000000000049e-01,4.292210000000000192e-01,-1.406897000000000064e+00,2.119499999999999856e-02,7.607420000000000293e-01,1.742049999999999987e-01,-2.848249999999999948e-01,-3.868309999999999804e-01,9.769999999999999518e-02,5.822310000000000541e-01,9.647550000000000292e-01,5.057260000000000089e-01,-2.848249999999999948e-01,5.057260000000000089e-01,3.527159999999999740e-01,3.272140000000000049e-01,9.769999999999999518e-02,7.219799999999999829e-02,-4.888379999999999947e-01,-1.814923000000000064e+00,4.292210000000000192e-01,1.729803999999999897e+00,7.862440000000000540e-01,-8.081199999999999495e-02,7.219799999999999829e-02,9.769999999999999518e-02,-2.083200000000000052e-01,-2.848249999999999948e-01,4.802239999999999842e-01,8.117459999999999676e-01,6.587359999999999882e-01,-1.814923000000000064e+00,-8.713619999999999699e-01,1.041260000000000074e+00,4.037189999999999945e-01,9.769999999999999518e-02,3.272140000000000049e-01,4.547229999999999883e-01,4.547229999999999883e-01,3.527159999999999740e-01,-8.081199999999999495e-02,6.077320000000000499e-01,-2.593230000000000257e-01,-5.653430000000000399e-01,-3.358280000000000154e-01,2.252079999999999915e-01,5.312280000000000335e-01,5.822310000000000541e-01,2.252079999999999915e-01,7.607420000000000293e-01,8.627489999999999881e-01,7.607420000000000293e-01,-6.418479999999999741e-01,-1.916929000000000105e+00,-1.483402000000000109e+00,1.092262999999999984e+00,7.862440000000000540e-01,2.762109999999999843e-01,3.527159999999999740e-01,6.842369999999999841e-01,5.567290000000000294e-01,2.119499999999999856e-02,-3.103259999999999907e-01,3.527159999999999740e-01,4.802239999999999842e-01,2.252079999999999915e-01,2.507099999999999884e-01,-6.673489999999999700e-01,-1.304890000000000105e+00,9.137520000000000087e-01,1.041260000000000074e+00,6.842369999999999841e-01,8.117459999999999676e-01,1.232010000000000050e-01,-4.123330000000000051e-01,-4.123330000000000051e-01,-4.888379999999999947e-01,-6.163459999999999495e-01,5.312280000000000335e-01,1.066761999999999988e+00,-3.103259999999999907e-01,6.842369999999999841e-01,1.143267000000000033e+00,-5.908440000000000358e-01,-5.530999999999999805e-02,2.507099999999999884e-01,5.312280000000000335e-01,4.292210000000000192e-01,3.017130000000000090e-01,-3.868309999999999804e-01,-1.318149999999999877e-01,-4.307000000000000065e-03,6.332339999999999636e-01,-8.081199999999999495e-02,-4.378349999999999742e-01,-8.081199999999999495e-02,9.902570000000000539e-01,5.312280000000000335e-01,-6.163459999999999495e-01,-4.307000000000000065e-03,-1.318149999999999877e-01,7.097390000000000088e-01,3.272140000000000049e-01,2.507099999999999884e-01,7.219799999999999829e-02,6.842369999999999841e-01,1.143267000000000033e+00,-1.828180000000000083e-01,-7.693560000000000398e-01,9.769999999999999518e-02,8.117459999999999676e-01,-1.828180000000000083e-01,-1.738418000000000019e+00,-1.024372000000000060e+00,1.487030000000000018e-01,1.168768000000000029e+00,8.882499999999999840e-01,8.372469999999999635e-01,4.292210000000000192e-01,-3.868309999999999804e-01,1.232010000000000050e-01,5.312280000000000335e-01,1.015759000000000079e+00,1.742049999999999987e-01,1.232010000000000050e-01,-1.828180000000000083e-01,-2.848249999999999948e-01,-3.868309999999999804e-01,4.292210000000000192e-01,5.057260000000000089e-01,-1.318149999999999877e-01,-4.633360000000000256e-01,3.782179999999999986e-01,4.037189999999999945e-01,-2.848249999999999948e-01,5.312280000000000335e-01,-1.318149999999999877e-01,7.097390000000000088e-01,1.423785000000000078e+00,1.742049999999999987e-01,-3.358280000000000154e-01,9.647550000000000292e-01,-1.228385000000000060e+00,-2.095441000000000109e+00,-5.143389999999999906e-01,4.802239999999999842e-01,9.902570000000000539e-01,1.487030000000000018e-01,1.168768000000000029e+00,6.332339999999999636e-01,1.742049999999999987e-01,1.997059999999999946e-01,2.507099999999999884e-01,1.092262999999999984e+00,3.782179999999999986e-01,-1.610910000000000064e+00,-1.024372000000000060e+00,-2.980800000000000116e-02,9.902570000000000539e-01,6.077320000000000499e-01,5.567290000000000294e-01,-3.613299999999999845e-01,3.527159999999999740e-01,6.587359999999999882e-01,-1.573170000000000124e-01,5.057260000000000089e-01,3.272140000000000049e-01,-8.713619999999999699e-01,-8.081199999999999495e-02,-9.478670000000000151e-01,-1.202884000000000064e+00,1.959319000000000033e+00,1.831811000000000078e+00,7.352410000000000334e-01,-8.203589999999999494e-01,7.219799999999999829e-02,2.762109999999999843e-01,-8.081199999999999495e-02,-1.063130000000000047e-01,-1.318149999999999877e-01,3.527159999999999740e-01,5.822310000000000541e-01,1.219772000000000078e+00,-4.123330000000000051e-01,-6.673489999999999700e-01,8.627489999999999881e-01,8.372469999999999635e-01,-4.633360000000000256e-01,-1.202884000000000064e+00,1.232010000000000050e-01,5.057260000000000089e-01,8.882499999999999840e-01,7.607420000000000293e-01,9.137520000000000087e-01,-1.330392000000000019e+00,-2.477965000000000195e+00,-3.103259999999999907e-01,1.780807999999999947e+00,1.398282999999999943e+00,4.037189999999999945e-01,1.678800999999999988e+00,1.245273000000000074e+00,3.017130000000000090e-01,-1.024372000000000060e+00,-1.126379000000000019e+00,-2.083200000000000052e-01,6.332339999999999636e-01,2.252079999999999915e-01,-2.324955000000000105e+00,-9.223660000000000192e-01,1.372781000000000029e+00,6.077320000000000499e-01,1.602295999999999943e+00,8.882499999999999840e-01,6.332339999999999636e-01,3.527159999999999740e-01,2.762109999999999843e-01,-2.980800000000000116e-02,-1.063130000000000047e-01,-2.980800000000000116e-02,-5.530999999999999805e-02,-4.888379999999999947e-01,-6.673489999999999700e-01,-2.980800000000000116e-02,6.332339999999999636e-01,3.017130000000000090e-01,3.017130000000000090e-01,3.272140000000000049e-01,2.507099999999999884e-01,3.782179999999999986e-01,1.742049999999999987e-01,1.997059999999999946e-01,9.392540000000000333e-01,-5.653430000000000399e-01,-1.789420999999999928e+00,-5.653430000000000399e-01,-7.438540000000000152e-01,1.168768000000000029e+00,2.214335000000000164e+00,1.372781000000000029e+00,7.352410000000000334e-01,6.587359999999999882e-01,-2.848249999999999948e-01,7.097390000000000088e-01,-4.378349999999999742e-01,-4.633360000000000256e-01,-7.438540000000000152e-01,-8.713619999999999699e-01,-2.593230000000000257e-01,3.527159999999999740e-01,3.527159999999999740e-01,-5.143389999999999906e-01,5.567290000000000294e-01,7.352410000000000334e-01,-4.307000000000000065e-03,2.762109999999999843e-01,5.567290000000000294e-01,2.252079999999999915e-01,1.742049999999999987e-01,1.194269999999999943e+00,-5.530999999999999805e-02,-9.988700000000000356e-01,4.802239999999999842e-01,6.332339999999999636e-01,-4.378349999999999742e-01,-8.081199999999999495e-02,-8.081199999999999495e-02,1.997059999999999946e-01,-2.848249999999999948e-01,2.762109999999999843e-01,1.245273000000000074e+00,8.882499999999999840e-01,-1.828180000000000083e-01,1.487030000000000018e-01,-1.202884000000000064e+00,3.272140000000000049e-01,3.782179999999999986e-01,2.119499999999999856e-02,1.742049999999999987e-01,1.742049999999999987e-01,3.527159999999999740e-01,6.077320000000000499e-01,2.762109999999999843e-01,9.769999999999999518e-02,-8.203589999999999494e-01,-1.049873999999999974e+00,3.017130000000000090e-01,1.066761999999999988e+00,4.037189999999999945e-01,9.392540000000000333e-01,7.352410000000000334e-01,1.232010000000000050e-01,-1.253886999999999974e+00,-1.151880000000000015e+00,8.372469999999999635e-01,1.194269999999999943e+00,5.312280000000000335e-01,3.272140000000000049e-01,4.037189999999999945e-01,-1.828180000000000083e-01,-5.908440000000000358e-01,3.017130000000000090e-01,-1.828180000000000083e-01,2.762109999999999843e-01,-9.223660000000000192e-01,-1.318149999999999877e-01,9.902570000000000539e-01,1.194269999999999943e+00,1.742049999999999987e-01,1.742049999999999987e-01,3.782179999999999986e-01,-1.828180000000000083e-01,-4.888379999999999947e-01,-8.458609999999999740e-01,-3.868309999999999804e-01,4.292210000000000192e-01,8.372469999999999635e-01,6.077320000000000499e-01,7.607420000000000293e-01,-4.123330000000000051e-01,5.822310000000000541e-01,4.292210000000000192e-01,9.769999999999999518e-02,-1.253886999999999974e+00,-1.063130000000000047e-01,1.219772000000000078e+00,9.137520000000000087e-01,5.312280000000000335e-01,-5.653430000000000399e-01,-4.888379999999999947e-01,1.232010000000000050e-01,7.097390000000000088e-01,8.117459999999999676e-01,-1.063130000000000047e-01,-2.338210000000000011e-01,2.507099999999999884e-01,-4.307000000000000065e-03,-4.633360000000000256e-01,-1.318149999999999877e-01,1.487030000000000018e-01,1.997059999999999946e-01,4.292210000000000192e-01,3.017130000000000090e-01,1.117764999999999898e+00,-4.123330000000000051e-01,-1.049873999999999974e+00,-5.398410000000000153e-01,8.372469999999999635e-01,-4.307000000000000065e-03,6.332339999999999636e-01,1.194269999999999943e+00,8.117459999999999676e-01,1.194269999999999943e+00,-6.163459999999999495e-01,-2.375958999999999932e+00,4.669600000000000140e-02,-3.358280000000000154e-01,5.312280000000000335e-01,1.015759000000000079e+00,8.882499999999999840e-01,3.272140000000000049e-01,5.057260000000000089e-01,1.882813999999999988e+00,-1.049873999999999974e+00,-2.299453999999999887e+00,-1.483402000000000109e+00,8.372469999999999635e-01,1.092262999999999984e+00,1.092262999999999984e+00,-1.828180000000000083e-01,-2.338210000000000011e-01,6.842369999999999841e-01,9.902570000000000539e-01,6.077320000000000499e-01,-4.307000000000000065e-03,-8.081199999999999495e-02,-4.123330000000000051e-01,4.037189999999999945e-01,7.352410000000000334e-01,-4.888379999999999947e-01,-1.355893000000000015e+00,8.882499999999999840e-01,9.769999999999999518e-02,-6.673489999999999700e-01,2.252079999999999915e-01,8.372469999999999635e-01,-2.593230000000000257e-01,-4.888379999999999947e-01,1.270774999999999988e+00,1.525790999999999897e+00,8.372469999999999635e-01,-4.633360000000000256e-01,-1.585407999999999928e+00,-6.163459999999999495e-01,1.423785000000000078e+00,9.902570000000000539e-01,3.782179999999999986e-01,-8.081199999999999495e-02,-8.081199999999999495e-02,9.769999999999999518e-02,-7.438540000000000152e-01,-1.126379000000000019e+00,-2.980800000000000116e-02,1.066761999999999988e+00,7.352410000000000334e-01,-8.081199999999999495e-02,1.398282999999999943e+00,5.312280000000000335e-01,-1.661912999999999974e+00,-6.163459999999999495e-01,3.017130000000000090e-01,1.525790999999999897e+00,-2.848249999999999948e-01,2.507099999999999884e-01,3.017130000000000090e-01,7.352410000000000334e-01,1.997059999999999946e-01,-1.318149999999999877e-01,1.232010000000000050e-01,1.232010000000000050e-01,-5.530999999999999805e-02,-2.083200000000000052e-01,1.232010000000000050e-01,2.762109999999999843e-01,-8.081199999999999495e-02,-2.197446999999999928e+00,2.119499999999999856e-02,8.372469999999999635e-01,1.449286000000000074e+00,1.347280000000000033e+00,6.077320000000000499e-01,-1.024372000000000060e+00,2.252079999999999915e-01,7.352410000000000334e-01,-1.063130000000000047e-01,1.245273000000000074e+00,4.292210000000000192e-01,-1.330392000000000019e+00,-7.183530000000000193e-01,-2.593230000000000257e-01,-5.530999999999999805e-02,9.769999999999999518e-02,1.092262999999999984e+00,1.143267000000000033e+00,3.782179999999999986e-01,-1.828180000000000083e-01,7.862440000000000540e-01,-8.203589999999999494e-01,-2.834988000000000063e+00,2.119499999999999856e-02,1.704302999999999901e+00,8.882499999999999840e-01,8.372469999999999635e-01,9.902570000000000539e-01,-1.828180000000000083e-01,1.742049999999999987e-01,-5.908440000000000358e-01,-2.593230000000000257e-01,3.527159999999999740e-01,-8.081199999999999495e-02,9.769999999999999518e-02,4.669600000000000140e-02,2.252079999999999915e-01,7.352410000000000334e-01,3.017130000000000090e-01,-8.081199999999999495e-02,-1.063130000000000047e-01,3.527159999999999740e-01,3.272140000000000049e-01,-1.063130000000000047e-01,2.252079999999999915e-01,1.232010000000000050e-01,-1.573170000000000124e-01,-8.081199999999999495e-02,6.332339999999999636e-01,4.802239999999999842e-01,-1.585407999999999928e+00,-1.687415000000000109e+00,4.037189999999999945e-01,1.449286000000000074e+00,2.061326000000000214e+00,1.831811000000000078e+00,-4.378349999999999742e-01,-2.848249999999999948e-01,-6.673489999999999700e-01,1.997059999999999946e-01,-1.151880000000000015e+00,3.272140000000000049e-01,5.057260000000000089e-01,4.037189999999999945e-01,2.762109999999999843e-01,-4.123330000000000051e-01,-2.848249999999999948e-01,3.272140000000000049e-01,3.272140000000000049e-01,6.077320000000000499e-01,3.782179999999999986e-01,2.119499999999999856e-02,-4.307000000000000065e-03,2.507099999999999884e-01,2.762109999999999843e-01,9.769999999999999518e-02,-4.307000000000000065e-03,1.232010000000000050e-01,3.782179999999999986e-01,-4.307000000000000065e-03,-1.318149999999999877e-01,-4.307000000000000065e-03,9.902570000000000539e-01,-7.183530000000000193e-01,-5.653430000000000399e-01,9.902570000000000539e-01,2.252079999999999915e-01,2.119499999999999856e-02,1.232010000000000050e-01,1.041260000000000074e+00,-6.673489999999999700e-01,4.547229999999999883e-01,1.270774999999999988e+00,-2.848249999999999948e-01,-4.378349999999999742e-01,3.782179999999999986e-01,-2.848249999999999948e-01,-7.693560000000000398e-01,6.077320000000000499e-01,-3.103259999999999907e-01,3.272140000000000049e-01,5.822310000000000541e-01,9.137520000000000087e-01,-2.593230000000000257e-01,-3.868309999999999804e-01,-2.593230000000000257e-01,2.762109999999999843e-01,4.802239999999999842e-01,-2.848249999999999948e-01,-1.049873999999999974e+00,1.117764999999999898e+00,3.017130000000000090e-01,1.041260000000000074e+00,1.245273000000000074e+00,8.117459999999999676e-01,-5.398410000000000153e-01,-1.763919000000000015e+00,7.352410000000000334e-01,3.782179999999999986e-01,7.219799999999999829e-02,1.232010000000000050e-01,-5.530999999999999805e-02,-5.530999999999999805e-02,-1.828180000000000083e-01,7.219799999999999829e-02,-4.307000000000000065e-03,3.782179999999999986e-01,-1.063130000000000047e-01,1.487030000000000018e-01,2.507099999999999884e-01,3.272140000000000049e-01,4.802239999999999842e-01,7.607420000000000293e-01,8.117459999999999676e-01,-8.713619999999999699e-01,-3.103259999999999907e-01,-3.103259999999999907e-01,-9.733690000000000397e-01,3.272140000000000049e-01,1.245273000000000074e+00,2.762109999999999843e-01,-2.980800000000000116e-02,5.567290000000000294e-01,5.567290000000000294e-01,5.057260000000000089e-01,-4.123330000000000051e-01,-2.083200000000000052e-01,5.312280000000000335e-01,3.527159999999999740e-01,4.802239999999999842e-01,-2.083200000000000052e-01,5.312280000000000335e-01,2.252079999999999915e-01,-6.928509999999999946e-01,-2.375958999999999932e+00,-3.613299999999999845e-01,1.449286000000000074e+00,3.782179999999999986e-01,1.015759000000000079e+00,1.742049999999999987e-01,-1.063130000000000047e-01,4.037189999999999945e-01,1.321777999999999897e+00,1.041260000000000074e+00,-1.126379000000000019e+00,-7.693560000000000398e-01,2.119499999999999856e-02,2.762109999999999843e-01,4.802239999999999842e-01,-7.693560000000000398e-01,1.232010000000000050e-01,1.347280000000000033e+00,4.802239999999999842e-01,1.742049999999999987e-01,1.487030000000000018e-01,-2.593230000000000257e-01,-2.593230000000000257e-01,-1.573170000000000124e-01,-2.980800000000000116e-02,-2.980800000000000116e-02,1.997059999999999946e-01,-8.081199999999999495e-02,2.252079999999999915e-01,3.272140000000000049e-01,1.653299000000000074e+00,-5.530999999999999805e-02,-9.988700000000000356e-01,2.507099999999999884e-01,6.332339999999999636e-01,4.669600000000000140e-02,-1.573170000000000124e-01,6.332339999999999636e-01,6.587359999999999882e-01,-5.908440000000000358e-01,3.017130000000000090e-01,9.769999999999999518e-02,1.270774999999999988e+00,-7.183530000000000193e-01,-1.304890000000000105e+00,5.312280000000000335e-01,6.332339999999999636e-01,-1.063130000000000047e-01,4.037189999999999945e-01,6.842369999999999841e-01,9.647550000000000292e-01,3.017130000000000090e-01,3.782179999999999986e-01,2.119499999999999856e-02,3.272140000000000049e-01,3.272140000000000049e-01,-1.457899999999999974e+00,-9.988700000000000356e-01,2.252079999999999915e-01,-5.653430000000000399e-01,-4.378349999999999742e-01,8.372469999999999635e-01,1.143267000000000033e+00,7.862440000000000540e-01,6.332339999999999636e-01,6.332339999999999636e-01,5.057260000000000089e-01,1.487030000000000018e-01,-1.828180000000000083e-01,-3.103259999999999907e-01,-3.868309999999999804e-01,1.997059999999999946e-01,1.742049999999999987e-01,1.997059999999999946e-01,2.762109999999999843e-01,4.669600000000000140e-02,-8.968639999999999946e-01,-3.358280000000000154e-01,1.232010000000000050e-01,1.296276999999999902e+00,1.117764999999999898e+00,1.232010000000000050e-01,-2.980800000000000116e-02,3.782179999999999986e-01,1.232010000000000050e-01,6.587359999999999882e-01,-9.988700000000000356e-01,-1.891428000000000109e+00,-2.593230000000000257e-01,1.347280000000000033e+00,2.137830000000000119e+00,6.332339999999999636e-01,-1.279387999999999970e+00,1.487030000000000018e-01,1.232010000000000050e-01,1.602295999999999943e+00,4.292210000000000192e-01,-1.457899999999999974e+00,-7.948570000000000357e-01,2.252079999999999915e-01,2.762109999999999843e-01,6.332339999999999636e-01,1.525790999999999897e+00,1.423785000000000078e+00,-7.948570000000000357e-01,-1.534405000000000019e+00,-5.398410000000000153e-01,1.015759000000000079e+00,7.862440000000000540e-01,9.769999999999999518e-02,4.547229999999999883e-01,4.802239999999999842e-01,-2.980800000000000116e-02,-5.530999999999999805e-02,-7.693560000000000398e-01,-6.418479999999999741e-01,-5.530999999999999805e-02,4.292210000000000192e-01,1.474787999999999988e+00,1.423785000000000078e+00,-4.633360000000000256e-01,-1.916929000000000105e+00,3.782179999999999986e-01,5.822310000000000541e-01,8.627489999999999881e-01,9.769999999999999518e-02,4.802239999999999842e-01,-8.081199999999999495e-02,1.194269999999999943e+00,-5.530999999999999805e-02,-2.338210000000000011e-01,2.214335000000000164e+00,1.997059999999999946e-01,-3.217512999999999845e+00,-1.432398000000000060e+00,-1.063130000000000047e-01,9.392540000000000333e-01,9.647550000000000292e-01,-3.613299999999999845e-01,6.077320000000000499e-01,1.041260000000000074e+00,3.527159999999999740e-01,4.547229999999999883e-01,2.252079999999999915e-01,-5.143389999999999906e-01,-1.024372000000000060e+00,4.292210000000000192e-01,3.782179999999999986e-01,-1.063130000000000047e-01,5.312280000000000335e-01,-6.673489999999999700e-01,-3.358280000000000154e-01,7.352410000000000334e-01,8.117459999999999676e-01,7.219799999999999829e-02,-8.081199999999999495e-02,3.782179999999999986e-01,8.117459999999999676e-01,2.507099999999999884e-01,-1.253886999999999974e+00,-1.573170000000000124e-01,1.041260000000000074e+00,6.587359999999999882e-01,-1.610910000000000064e+00,-5.398410000000000153e-01,1.245273000000000074e+00,3.527159999999999740e-01,6.332339999999999636e-01,9.137520000000000087e-01,1.742049999999999987e-01,5.312280000000000335e-01,-5.530999999999999805e-02,-5.530999999999999805e-02,-5.530999999999999805e-02,-2.083200000000000052e-01,-2.083200000000000052e-01,1.487030000000000018e-01,1.117764999999999898e+00,-2.083200000000000052e-01,-1.432398000000000060e+00,-4.888379999999999947e-01,5.312280000000000335e-01,9.392540000000000333e-01,1.487030000000000018e-01,4.547229999999999883e-01,4.802239999999999842e-01,9.902570000000000539e-01,5.312280000000000335e-01,2.119499999999999856e-02,-4.888379999999999947e-01,9.769999999999999518e-02,-5.530999999999999805e-02,-1.100877000000000105e+00,-8.081199999999999495e-02,5.057260000000000089e-01,7.352410000000000334e-01,-1.828180000000000083e-01,1.997059999999999946e-01,-2.980800000000000116e-02,2.507099999999999884e-01,1.997059999999999946e-01,6.077320000000000499e-01,1.168768000000000029e+00,-4.378349999999999742e-01,-4.888379999999999947e-01,-1.318149999999999877e-01,-5.530999999999999805e-02,-2.848249999999999948e-01,3.527159999999999740e-01,9.647550000000000292e-01,7.862440000000000540e-01,-1.075374999999999970e+00,2.762109999999999843e-01,-2.593230000000000257e-01,6.077320000000000499e-01,6.842369999999999841e-01,5.057260000000000089e-01,2.507099999999999884e-01,1.232010000000000050e-01,4.802239999999999842e-01,4.802239999999999842e-01,-1.318149999999999877e-01,-4.307000000000000065e-03,4.037189999999999945e-01,-7.438540000000000152e-01,-1.100877000000000105e+00,-2.338210000000000011e-01,6.842369999999999841e-01,5.822310000000000541e-01,-6.418479999999999741e-01,9.902570000000000539e-01,1.474787999999999988e+00,-3.358280000000000154e-01,-2.980800000000000116e-02,-3.613299999999999845e-01,3.782179999999999986e-01,4.037189999999999945e-01,5.057260000000000089e-01,5.057260000000000089e-01,-5.143389999999999906e-01,-1.330392000000000019e+00,9.392540000000000333e-01,2.762109999999999843e-01,9.902570000000000539e-01,4.669600000000000140e-02,5.312280000000000335e-01,2.119499999999999856e-02,-8.458609999999999740e-01,-8.713619999999999699e-01,-1.828180000000000083e-01,7.607420000000000293e-01,1.066761999999999988e+00,9.137520000000000087e-01,5.312280000000000335e-01,7.219799999999999829e-02,1.997059999999999946e-01,-2.338210000000000011e-01,-6.673489999999999700e-01,4.292210000000000192e-01,4.547229999999999883e-01,1.742049999999999987e-01,9.769999999999999518e-02,-8.081199999999999495e-02,-5.530999999999999805e-02,-1.828180000000000083e-01,-1.063130000000000047e-01,2.762109999999999843e-01,3.272140000000000049e-01,5.312280000000000335e-01,-1.318149999999999877e-01,4.037189999999999945e-01,4.292210000000000192e-01,4.292210000000000192e-01,3.272140000000000049e-01,5.822310000000000541e-01,-3.358280000000000154e-01,-1.573170000000000124e-01,4.292210000000000192e-01,-2.477965000000000195e+00,-2.593230000000000257e-01,1.755306000000000033e+00,1.245273000000000074e+00,6.332339999999999636e-01,2.119499999999999856e-02,1.997059999999999946e-01,-6.418479999999999741e-01,-2.083200000000000052e-01,4.292210000000000192e-01,3.782179999999999986e-01,3.527159999999999740e-01,5.312280000000000335e-01,-4.307000000000000065e-03,1.232010000000000050e-01,-3.868309999999999804e-01,-1.063130000000000047e-01,-8.081199999999999495e-02,1.232010000000000050e-01,2.762109999999999843e-01,1.245273000000000074e+00,2.119499999999999856e-02,-1.891428000000000109e+00,-6.418479999999999741e-01,1.270774999999999988e+00,1.066761999999999988e+00,-2.593230000000000257e-01,3.527159999999999740e-01,1.219772000000000078e+00,9.392540000000000333e-01,-1.024372000000000060e+00,-1.828180000000000083e-01,1.219772000000000078e+00,4.292210000000000192e-01,-2.593230000000000257e-01,-2.593230000000000257e-01,-1.318149999999999877e-01,-5.530999999999999805e-02,-6.163459999999999495e-01,-9.223660000000000192e-01,6.332339999999999636e-01,8.372469999999999635e-01,2.119499999999999856e-02,3.272140000000000049e-01,1.500289999999999901e+00,-2.848249999999999948e-01,-7.183530000000000193e-01,-9.988700000000000356e-01,3.782179999999999986e-01,9.902570000000000539e-01,2.061326000000000214e+00,1.194269999999999943e+00,-3.868309999999999804e-01,-1.738418000000000019e+00,-1.075374999999999970e+00,7.352410000000000334e-01,6.842369999999999841e-01,7.219799999999999829e-02,1.742049999999999987e-01,4.037189999999999945e-01,5.312280000000000335e-01,1.742049999999999987e-01,-1.318149999999999877e-01,-6.928509999999999946e-01,9.769999999999999518e-02,4.037189999999999945e-01,4.292210000000000192e-01,4.292210000000000192e-01,1.232010000000000050e-01,-1.063130000000000047e-01,2.252079999999999915e-01,6.332339999999999636e-01,1.143267000000000033e+00,-4.378349999999999742e-01,-1.687415000000000109e+00,-1.024372000000000060e+00,5.567290000000000294e-01,1.117764999999999898e+00,1.474787999999999988e+00,6.332339999999999636e-01,-1.024372000000000060e+00,9.137520000000000087e-01,2.119499999999999856e-02,1.997059999999999946e-01,2.762109999999999843e-01,7.219799999999999829e-02,-5.653430000000000399e-01,-9.223660000000000192e-01,1.997059999999999946e-01,9.769999999999999518e-02,2.762109999999999843e-01,5.057260000000000089e-01,4.292210000000000192e-01,4.547229999999999883e-01,4.292210000000000192e-01,2.762109999999999843e-01,9.769999999999999518e-02,4.669600000000000140e-02,1.997059999999999946e-01,1.997059999999999946e-01,-6.163459999999999495e-01,-9.733690000000000397e-01,1.143267000000000033e+00,7.352410000000000334e-01,2.119499999999999856e-02,-1.318149999999999877e-01,-2.593230000000000257e-01,3.017130000000000090e-01,2.507099999999999884e-01,2.762109999999999843e-01,3.017130000000000090e-01,-4.307000000000000065e-03,-5.530999999999999805e-02,4.292210000000000192e-01,7.352410000000000334e-01,3.527159999999999740e-01,-5.530999999999999805e-02,1.742049999999999987e-01,3.527159999999999740e-01,3.782179999999999986e-01,-3.868309999999999804e-01,-3.868309999999999804e-01,1.742049999999999987e-01,-1.318149999999999877e-01,4.802239999999999842e-01,-2.338210000000000011e-01,-2.656477000000000199e+00,-8.203589999999999494e-01,7.352410000000000334e-01,1.551293000000000033e+00,1.347280000000000033e+00,1.780807999999999947e+00,1.347280000000000033e+00,-1.063130000000000047e-01,2.119499999999999856e-02,-2.848249999999999948e-01,4.669600000000000140e-02,-2.593230000000000257e-01,-2.848249999999999948e-01,-2.083200000000000052e-01,-5.530999999999999805e-02,-3.358280000000000154e-01,-1.202884000000000064e+00,3.782179999999999986e-01,8.627489999999999881e-01,9.392540000000000333e-01,3.017130000000000090e-01,-1.355893000000000015e+00,-5.908440000000000358e-01,3.527159999999999740e-01,6.077320000000000499e-01,1.806308999999999942e+00,5.057260000000000089e-01,-5.653430000000000399e-01,9.647550000000000292e-01,6.587359999999999882e-01,-5.530999999999999805e-02,-4.378349999999999742e-01,-2.338210000000000011e-01,-6.418479999999999741e-01,4.802239999999999842e-01,3.527159999999999740e-01,6.077320000000000499e-01,4.547229999999999883e-01,-1.318149999999999877e-01,-4.307000000000000065e-03,3.272140000000000049e-01,-1.202884000000000064e+00,-6.163459999999999495e-01,9.137520000000000087e-01,-1.559906000000000015e+00,1.704302999999999901e+00,1.627798000000000078e+00,-2.848249999999999948e-01,2.762109999999999843e-01,1.296276999999999902e+00,1.296276999999999902e+00,-2.593230000000000257e-01,-1.304890000000000105e+00,-2.083200000000000052e-01,-1.318149999999999877e-01,4.037189999999999945e-01,1.092262999999999984e+00,3.527159999999999740e-01,8.372469999999999635e-01,-3.103259999999999907e-01,-3.549033999999999800e+00,-1.253886999999999974e+00,8.882499999999999840e-01,1.602295999999999943e+00,1.602295999999999943e+00,1.092262999999999984e+00,7.862440000000000540e-01,4.037189999999999945e-01,-8.081199999999999495e-02,-4.888379999999999947e-01,-8.081199999999999495e-02,-9.223660000000000192e-01,-5.530999999999999805e-02,2.762109999999999843e-01,6.332339999999999636e-01,2.507099999999999884e-01,2.762109999999999843e-01,-3.868309999999999804e-01,-1.318149999999999877e-01,2.762109999999999843e-01,7.862440000000000540e-01,8.372469999999999635e-01,9.647550000000000292e-01,1.194269999999999943e+00,-6.418479999999999741e-01,-3.013500000000000068e+00,-9.478670000000000151e-01,7.862440000000000540e-01,1.015759000000000079e+00,1.015759000000000079e+00,4.037189999999999945e-01,1.015759000000000079e+00,1.742049999999999987e-01,-7.438540000000000152e-01,2.762109999999999843e-01,2.762109999999999843e-01,4.669600000000000140e-02,5.567290000000000294e-01,4.292210000000000192e-01,5.057260000000000089e-01,-8.458609999999999740e-01,-2.554469999999999796e+00,-8.968639999999999946e-01,1.117764999999999898e+00,1.831811000000000078e+00,1.372781000000000029e+00,1.997059999999999946e-01,5.312280000000000335e-01,1.066761999999999988e+00,6.842369999999999841e-01,-1.126379000000000019e+00,-1.406897000000000064e+00,-5.530999999999999805e-02,2.252079999999999915e-01,5.567290000000000294e-01,9.647550000000000292e-01,5.567290000000000294e-01,-2.848249999999999948e-01,3.017130000000000090e-01,2.119499999999999856e-02,1.487030000000000018e-01,2.119499999999999856e-02,1.742049999999999987e-01,9.902570000000000539e-01,5.567290000000000294e-01,-1.840424000000000060e+00,-5.908440000000000358e-01,7.352410000000000334e-01,-2.980800000000000116e-02,2.507099999999999884e-01,5.822310000000000541e-01,1.066761999999999988e+00,7.862440000000000540e-01,7.097390000000000088e-01,-8.968639999999999946e-01,-6.673489999999999700e-01,7.219799999999999829e-02,9.769999999999999518e-02,6.842369999999999841e-01,5.312280000000000335e-01,6.077320000000000499e-01,2.507099999999999884e-01,-9.478670000000000151e-01,1.232010000000000050e-01,-4.307000000000000065e-03,-4.307000000000000065e-03,1.232010000000000050e-01,4.547229999999999883e-01,4.802239999999999842e-01,-3.868309999999999804e-01,2.507099999999999884e-01,4.802239999999999842e-01,7.219799999999999829e-02,-2.083200000000000052e-01,4.669600000000000140e-02,7.352410000000000334e-01,2.762109999999999843e-01,-1.318149999999999877e-01,-4.378349999999999742e-01,4.547229999999999883e-01,3.272140000000000049e-01,4.669600000000000140e-02,9.902570000000000539e-01,9.769999999999999518e-02,-2.503467000000000109e+00,5.822310000000000541e-01,1.449286000000000074e+00,-6.928509999999999946e-01,-2.338210000000000011e-01,8.372469999999999635e-01,1.270774999999999988e+00,-5.398410000000000153e-01,2.762109999999999843e-01,-4.307000000000000065e-03,-4.888379999999999947e-01,-5.530999999999999805e-02,3.782179999999999986e-01,6.587359999999999882e-01,5.567290000000000294e-01,3.017130000000000090e-01,4.669600000000000140e-02,-4.378349999999999742e-01,-2.083200000000000052e-01,-2.848249999999999948e-01,-1.828180000000000083e-01,5.312280000000000335e-01,8.627489999999999881e-01,4.547229999999999883e-01,-1.432398000000000060e+00,-5.908440000000000358e-01,8.117459999999999676e-01,1.474787999999999988e+00,4.547229999999999883e-01,-8.968639999999999946e-01,1.296276999999999902e+00,5.312280000000000335e-01,-1.814923000000000064e+00,6.587359999999999882e-01,4.547229999999999883e-01,8.117459999999999676e-01,2.252079999999999915e-01,4.292210000000000192e-01,-9.478670000000000151e-01,7.219799999999999829e-02,7.219799999999999829e-02,-4.378349999999999742e-01,7.352410000000000334e-01,1.742049999999999987e-01,9.392540000000000333e-01,-9.478670000000000151e-01,-2.338210000000000011e-01,3.527159999999999740e-01,-4.307000000000000065e-03,1.742049999999999987e-01,5.567290000000000294e-01,6.587359999999999882e-01,6.077320000000000499e-01,2.252079999999999915e-01,2.762109999999999843e-01,-2.848249999999999948e-01,-1.636411000000000060e+00,9.769999999999999518e-02,6.077320000000000499e-01,5.312280000000000335e-01,6.077320000000000499e-01,5.822310000000000541e-01,1.232010000000000050e-01,-7.693560000000000398e-01,-2.593230000000000257e-01,1.143267000000000033e+00,7.352410000000000334e-01,-7.438540000000000152e-01,-3.358280000000000154e-01,4.802239999999999842e-01,6.332339999999999636e-01,5.312280000000000335e-01,4.292210000000000192e-01,-8.081199999999999495e-02,-2.083200000000000052e-01,-4.633360000000000256e-01,-3.868309999999999804e-01,1.398282999999999943e+00,5.057260000000000089e-01,-8.968639999999999946e-01,-3.358280000000000154e-01,-2.338210000000000011e-01,5.822310000000000541e-01,1.219772000000000078e+00,5.312280000000000335e-01,-1.573170000000000124e-01,-8.968639999999999946e-01,7.219799999999999829e-02,4.669600000000000140e-02,6.077320000000000499e-01,2.252079999999999915e-01,9.902570000000000539e-01,-4.307000000000000065e-03,-9.988700000000000356e-01,1.742049999999999987e-01,4.669600000000000140e-02,9.137520000000000087e-01,3.527159999999999740e-01,1.487030000000000018e-01,-1.828180000000000083e-01,4.547229999999999883e-01,1.997059999999999946e-01,-4.307000000000000065e-03,9.769999999999999518e-02,7.219799999999999829e-02,2.119499999999999856e-02,-5.530999999999999805e-02,5.312280000000000335e-01,-4.307000000000000065e-03,-1.304890000000000105e+00,-9.478670000000000151e-01,1.143267000000000033e+00,1.296276999999999902e+00,6.332339999999999636e-01,5.057260000000000089e-01,4.292210000000000192e-01,-2.593230000000000257e-01,6.332339999999999636e-01,7.352410000000000334e-01,-5.398410000000000153e-01,-2.758483000000000018e+00,-8.081199999999999495e-02,8.627489999999999881e-01,1.066761999999999988e+00,4.292210000000000192e-01,1.041260000000000074e+00,1.449286000000000074e+00,-1.151880000000000015e+00,-1.355893000000000015e+00,5.567290000000000294e-01,7.352410000000000334e-01,-5.143389999999999906e-01,-4.633360000000000256e-01,-3.868309999999999804e-01,6.587359999999999882e-01,1.487030000000000018e-01,1.066761999999999988e+00,3.782179999999999986e-01,-6.928509999999999946e-01,7.352410000000000334e-01,8.627489999999999881e-01,-3.868309999999999804e-01,5.312280000000000335e-01,2.252079999999999915e-01,-2.083200000000000052e-01,1.997059999999999946e-01,2.252079999999999915e-01,-4.307000000000000065e-03,-6.418479999999999741e-01,1.487030000000000018e-01,1.742049999999999987e-01,3.782179999999999986e-01,-1.318149999999999877e-01,1.232010000000000050e-01,2.252079999999999915e-01,8.117459999999999676e-01,1.015759000000000079e+00,-8.713619999999999699e-01,1.143267000000000033e+00,-4.378349999999999742e-01,-1.840424000000000060e+00,4.037189999999999945e-01,1.742049999999999987e-01,1.270774999999999988e+00,1.551293000000000033e+00
7.352410000000000334e-01,1.487030000000000018e-01,-6.928509999999999946e-01,-5.908440000000000358e-01,1.270774999999999988e+00,5.057260000000000089e-01,3.782179999999999986e-01,1.232010000000000050e-01,1.959319000000000033e+00,9.392540000000000333e-01,-5.614665999999999713e+00,-2.605472999999999928e+00,9.902570000000000539e-01,2.520354999999999901e+00,2.443849999999999856e+00,1.194269999999999943e+00,1.092262999999999984e+00,2.188833999999999946e+00,-2.554469999999999796e+00,-4.008062999999999931e+00,3.272140000000000049e-01,2.061326000000000214e+00,2.749870000000000037e+00,-2.593230000000000257e-01,-2.554469999999999796e+00,-1.177381999999999929e+00,1.742049999999999987e-01,7.862440000000000540e-01,8.372469999999999635e-01,-1.573170000000000124e-01,3.017130000000000090e-01,1.755306000000000033e+00,7.607420000000000293e-01,1.487030000000000018e-01,-1.712916000000000105e+00,-7.948570000000000357e-01,5.057260000000000089e-01,1.092262999999999984e+00,-6.928509999999999946e-01,-1.228385000000000060e+00,1.245273000000000074e+00,9.902570000000000539e-01,6.842369999999999841e-01,2.252079999999999915e-01,9.647550000000000292e-01,-1.318149999999999877e-01,5.057260000000000089e-01,4.802239999999999842e-01,7.219799999999999829e-02,-2.018936000000000064e+00,-5.143389999999999906e-01,6.332339999999999636e-01,1.041260000000000074e+00,9.137520000000000087e-01,-5.530999999999999805e-02,-2.980800000000000116e-02,1.092262999999999984e+00,-4.378349999999999742e-01,-7.693560000000000398e-01,1.194269999999999943e+00,1.653299000000000074e+00,-1.100877000000000105e+00,-2.197446999999999928e+00,1.487030000000000018e-01,4.802239999999999842e-01,9.902570000000000539e-01,5.822310000000000541e-01,-5.143389999999999906e-01,1.245273000000000074e+00,2.507099999999999884e-01,-8.713619999999999699e-01,8.882499999999999840e-01,4.669600000000000140e-02,-7.183530000000000193e-01,-4.307000000000000065e-03,1.245273000000000074e+00,-4.307000000000000065e-03,-2.593230000000000257e-01,-1.573170000000000124e-01,2.252079999999999915e-01,7.097390000000000088e-01,4.292210000000000192e-01,-1.355893000000000015e+00,-2.069939000000000195e+00,6.077320000000000499e-01,1.742049999999999987e-01,1.525790999999999897e+00,2.265338999999999992e+00,1.742049999999999987e-01,2.507099999999999884e-01,5.312280000000000335e-01,-2.732981999999999800e+00,-4.123330000000000051e-01,6.842369999999999841e-01,4.669600000000000140e-02,1.321777999999999897e+00,5.822310000000000541e-01,7.097390000000000088e-01,-1.330392000000000019e+00,-4.888379999999999947e-01,3.017130000000000090e-01,3.527159999999999740e-01,1.194269999999999943e+00,-1.304890000000000105e+00,-2.083200000000000052e-01,2.507099999999999884e-01,1.449286000000000074e+00,5.567290000000000294e-01,-6.163459999999999495e-01,4.292210000000000192e-01,8.882499999999999840e-01,1.997059999999999946e-01,1.232010000000000050e-01,4.802239999999999842e-01,-2.083200000000000052e-01,-1.063130000000000047e-01,2.507099999999999884e-01,-5.530999999999999805e-02,-1.318149999999999877e-01,-1.828180000000000083e-01,-4.888379999999999947e-01,-9.223660000000000192e-01,3.782179999999999986e-01,2.494852999999999987e+00,9.902570000000000539e-01,-6.928509999999999946e-01,-1.100877000000000105e+00,-1.318149999999999877e-01,1.678800999999999988e+00,1.602295999999999943e+00,-1.355893000000000015e+00,-1.508903000000000105e+00,1.474787999999999988e+00,4.802239999999999842e-01,-3.103259999999999907e-01,-1.610910000000000064e+00,9.647550000000000292e-01,1.525790999999999897e+00,1.092262999999999984e+00,2.762109999999999843e-01,4.292210000000000192e-01,1.997059999999999946e-01,-4.307000000000000065e-03,-8.458609999999999740e-01,-3.103259999999999907e-01,-2.593230000000000257e-01,5.312280000000000335e-01,5.057260000000000089e-01,-7.183530000000000193e-01,-7.948570000000000357e-01,4.037189999999999945e-01,7.097390000000000088e-01,9.137520000000000087e-01,1.997059999999999946e-01,9.647550000000000292e-01,8.882499999999999840e-01,-1.228385000000000060e+00,-1.508903000000000105e+00,-2.980800000000000116e-02,1.168768000000000029e+00,2.647863000000000078e+00,8.117459999999999676e-01,-8.203589999999999494e-01,-1.916929000000000105e+00,-1.049873999999999974e+00,-3.103259999999999907e-01,4.802239999999999842e-01,9.902570000000000539e-01,2.163332000000000033e+00,5.312280000000000335e-01,4.292210000000000192e-01,4.547229999999999883e-01,-1.075374999999999970e+00,-1.151880000000000015e+00,-8.203589999999999494e-01,-3.103259999999999907e-01,5.312280000000000335e-01,1.219772000000000078e+00,3.017130000000000090e-01,-4.633360000000000256e-01,3.782179999999999986e-01,3.272140000000000049e-01,2.119499999999999856e-02,4.802239999999999842e-01,8.627489999999999881e-01,-1.355893000000000015e+00,-7.183530000000000193e-01,9.392540000000000333e-01,5.057260000000000089e-01,9.137520000000000087e-01,5.822310000000000541e-01,2.119499999999999856e-02,-2.848249999999999948e-01,4.292210000000000192e-01,-4.888379999999999947e-01,7.352410000000000334e-01,-9.223660000000000192e-01,-6.673489999999999700e-01,1.219772000000000078e+00,3.017130000000000090e-01,4.037189999999999945e-01,4.037189999999999945e-01,3.017130000000000090e-01,2.119499999999999856e-02,4.547229999999999883e-01,6.842369999999999841e-01,-2.848249999999999948e-01,-3.345021000000000022e+00,-5.143389999999999906e-01,1.143267000000000033e+00,7.862440000000000540e-01,5.057260000000000089e-01,1.755306000000000033e+00,9.137520000000000087e-01,-4.123330000000000051e-01,-1.279387999999999970e+00,3.017130000000000090e-01,2.762109999999999843e-01,2.507099999999999884e-01,7.219799999999999829e-02,1.232010000000000050e-01,4.292210000000000192e-01,3.017130000000000090e-01,1.232010000000000050e-01,1.997059999999999946e-01,-5.398410000000000153e-01,-1.828180000000000083e-01,-3.103259999999999907e-01,7.097390000000000088e-01,-6.418479999999999741e-01,-8.081199999999999495e-02,1.168768000000000029e+00,4.292210000000000192e-01,9.392540000000000333e-01,-2.980800000000000116e-02,-3.702043999999999890e+00,-2.338210000000000011e-01,2.392847000000000168e+00,5.567290000000000294e-01,1.321777999999999897e+00,9.902570000000000539e-01,7.862440000000000540e-01,1.997059999999999946e-01,-1.126379000000000019e+00,-5.908440000000000358e-01,-4.633360000000000256e-01,9.392540000000000333e-01,9.769999999999999518e-02,2.119499999999999856e-02,6.332339999999999636e-01,-1.063130000000000047e-01,-1.318149999999999877e-01,3.782179999999999986e-01,2.119499999999999856e-02,3.272140000000000049e-01,9.769999999999999518e-02,2.762109999999999843e-01,4.037189999999999945e-01,2.252079999999999915e-01,-1.573170000000000124e-01,3.272140000000000049e-01,3.527159999999999740e-01,9.137520000000000087e-01,-4.633360000000000256e-01,1.997059999999999946e-01,1.321777999999999897e+00,-5.530999999999999805e-02,-3.141007999999999800e+00,-1.202884000000000064e+00,1.219772000000000078e+00,5.312280000000000335e-01,-4.888379999999999947e-01,1.551293000000000033e+00,1.857312000000000074e+00,1.755306000000000033e+00,6.842369999999999841e-01,-1.202884000000000064e+00,4.292210000000000192e-01,6.842369999999999841e-01,1.232010000000000050e-01,-2.980800000000000116e-02,-4.888379999999999947e-01,-1.457899999999999974e+00,6.332339999999999636e-01,1.245273000000000074e+00,-1.304890000000000105e+00,-8.713619999999999699e-01,7.352410000000000334e-01,1.232010000000000050e-01,-5.653430000000000399e-01,3.527159999999999740e-01,1.742049999999999987e-01,3.782179999999999986e-01,1.347280000000000033e+00,4.547229999999999883e-01,4.037189999999999945e-01,1.321777999999999897e+00,-1.100877000000000105e+00,-3.549033999999999800e+00,6.842369999999999841e-01,2.469352000000000213e+00,1.194269999999999943e+00,1.117764999999999898e+00,3.782179999999999986e-01,-1.828180000000000083e-01,9.769999999999999518e-02,-1.318149999999999877e-01,7.219799999999999829e-02,-1.075374999999999970e+00,-2.477965000000000195e+00,1.015759000000000079e+00,4.292210000000000192e-01,5.057260000000000089e-01,1.296276999999999902e+00,1.232010000000000050e-01,2.119499999999999856e-02,6.077320000000000499e-01,-6.163459999999999495e-01,-9.988700000000000356e-01,-4.633360000000000256e-01,3.272140000000000049e-01,2.507099999999999884e-01,9.392540000000000333e-01,1.194269999999999943e+00,4.292210000000000192e-01,-8.081199999999999495e-02,9.137520000000000087e-01,-4.307000000000000065e-03,6.077320000000000499e-01,-1.318149999999999877e-01,-4.307000000000000065e-03,-8.081199999999999495e-02,1.232010000000000050e-01,-2.083200000000000052e-01,-6.163459999999999495e-01,-4.888379999999999947e-01,1.117764999999999898e+00,-9.733690000000000397e-01,5.567290000000000294e-01,1.066761999999999988e+00,7.219799999999999829e-02,4.547229999999999883e-01,4.037189999999999945e-01,7.097390000000000088e-01,2.762109999999999843e-01,-5.398410000000000153e-01,-4.307000000000000065e-03,-4.378349999999999742e-01,-1.253886999999999974e+00,2.762109999999999843e-01,1.092262999999999984e+00,2.507099999999999884e-01,2.252079999999999915e-01,6.842369999999999841e-01,-4.888379999999999947e-01,-8.081199999999999495e-02,9.392540000000000333e-01,1.347280000000000033e+00,-1.126379000000000019e+00,-1.126379000000000019e+00,-5.530999999999999805e-02,1.270774999999999988e+00,1.398282999999999943e+00,2.507099999999999884e-01,-7.183530000000000193e-01,3.272140000000000049e-01,-1.304890000000000105e+00,-6.928509999999999946e-01,1.194269999999999943e+00,1.474787999999999988e+00,-2.083200000000000052e-01,-2.338210000000000011e-01,4.292210000000000192e-01,-4.307000000000000065e-03,2.762109999999999843e-01,2.762109999999999843e-01,9.137520000000000087e-01,-5.143389999999999906e-01,-1.049873999999999974e+00,-1.406897000000000064e+00,-4.307000000000000065e-03,1.551293000000000033e+00,1.041260000000000074e+00,-6.673489999999999700e-01,6.587359999999999882e-01,5.312280000000000335e-01,3.272140000000000049e-01,9.392540000000000333e-01,-2.980800000000000116e-02,-8.968639999999999946e-01,1.997059999999999946e-01,4.547229999999999883e-01,-6.418479999999999741e-01,-1.661912999999999974e+00,1.015759000000000079e+00,3.030387999999999860e+00,3.272140000000000049e-01,-1.534405000000000019e+00,-1.304890000000000105e+00,4.669600000000000140e-02,1.015759000000000079e+00,7.352410000000000334e-01,7.862440000000000540e-01,1.041260000000000074e+00,4.547229999999999883e-01,9.769999999999999518e-02,-1.024372000000000060e+00,-3.868309999999999804e-01,7.352410000000000334e-01,5.312280000000000335e-01,-3.868309999999999804e-01,1.742049999999999987e-01,6.077320000000000499e-01,3.017130000000000090e-01,-2.338210000000000011e-01,-2.338210000000000011e-01,9.769999999999999518e-02,-2.848249999999999948e-01,9.137520000000000087e-01,5.567290000000000294e-01,-1.993433999999999928e+00,1.474787999999999988e+00,3.081390999999999991e+00,-2.324955000000000105e+00,-8.968639999999999946e-01,1.232010000000000050e-01,1.117764999999999898e+00,6.077320000000000499e-01,-4.888379999999999947e-01,1.449286000000000074e+00,1.219772000000000078e+00,3.272140000000000049e-01,3.017130000000000090e-01,-4.307000000000000065e-03,-2.083200000000000052e-01,-1.279387999999999970e+00,-1.202884000000000064e+00,-8.968639999999999946e-01,3.527159999999999740e-01,4.547229999999999883e-01,8.117459999999999676e-01,3.272140000000000049e-01,4.802239999999999842e-01,9.392540000000000333e-01,9.902570000000000539e-01,-9.988700000000000356e-01,-7.693560000000000398e-01,2.252079999999999915e-01,-8.081199999999999495e-02,9.902570000000000539e-01,6.077320000000000499e-01,-8.081199999999999495e-02,-2.980800000000000116e-02,1.449286000000000074e+00,8.627489999999999881e-01,-1.318149999999999877e-01,-1.508903000000000105e+00,-9.478670000000000151e-01,-2.593230000000000257e-01,1.997059999999999946e-01,1.551293000000000033e+00,7.862440000000000540e-01,-6.163459999999999495e-01,9.647550000000000292e-01,4.037189999999999945e-01,-7.183530000000000193e-01,-1.789420999999999928e+00,3.272140000000000049e-01,3.272140000000000049e-01,4.547229999999999883e-01,6.077320000000000499e-01,1.092262999999999984e+00,1.245273000000000074e+00,-6.163459999999999495e-01,-1.330392000000000019e+00,-2.083200000000000052e-01,1.487030000000000018e-01,3.527159999999999740e-01,1.742049999999999987e-01,1.347280000000000033e+00,3.272140000000000049e-01,1.487030000000000018e-01,7.607420000000000293e-01,-7.948570000000000357e-01,-1.610910000000000064e+00,-1.063130000000000047e-01,3.272140000000000049e-01,1.219772000000000078e+00,8.372469999999999635e-01,3.017130000000000090e-01,-1.318149999999999877e-01,2.762109999999999843e-01,1.232010000000000050e-01,-5.530999999999999805e-02,-8.081199999999999495e-02,-9.988700000000000356e-01,1.997059999999999946e-01,4.802239999999999842e-01,-3.613299999999999845e-01,2.762109999999999843e-01,1.117764999999999898e+00,-4.633360000000000256e-01,-8.081199999999999495e-02,1.627798000000000078e+00,1.857312000000000074e+00,5.567290000000000294e-01,-2.783984999999999932e+00,-7.948570000000000357e-01,1.015759000000000079e+00,1.296276999999999902e+00,9.902570000000000539e-01,-4.633360000000000256e-01,-6.673489999999999700e-01,-1.318149999999999877e-01,4.292210000000000192e-01,1.997059999999999946e-01,-5.143389999999999906e-01,5.057260000000000089e-01,7.097390000000000088e-01,1.066761999999999988e+00,1.525790999999999897e+00,2.252079999999999915e-01,-4.378349999999999742e-01,5.312280000000000335e-01,6.077320000000000499e-01,-1.355893000000000015e+00,-1.483402000000000109e+00,1.168768000000000029e+00,-2.338210000000000011e-01,6.587359999999999882e-01,3.017130000000000090e-01,-4.307000000000000065e-03,4.802239999999999842e-01,9.769999999999999518e-02,-2.083200000000000052e-01,4.292210000000000192e-01,1.321777999999999897e+00,1.194269999999999943e+00,-2.593230000000000257e-01,-1.636411000000000060e+00,-1.559906000000000015e+00,-6.928509999999999946e-01,1.602295999999999943e+00,2.316342000000000123e+00,9.647550000000000292e-01,-8.458609999999999740e-01,-2.248451000000000199e+00,1.066761999999999988e+00,1.245273000000000074e+00,-8.458609999999999740e-01,-5.653430000000000399e-01,9.137520000000000087e-01,-1.318149999999999877e-01,3.527159999999999740e-01,1.487030000000000018e-01,9.647550000000000292e-01,7.862440000000000540e-01,-1.457899999999999974e+00,-8.968639999999999946e-01,9.647550000000000292e-01,6.077320000000000499e-01,-3.613299999999999845e-01,1.232010000000000050e-01,5.312280000000000335e-01,1.232010000000000050e-01,1.347280000000000033e+00,2.119499999999999856e-02,-2.044436999999999838e+00,-9.733690000000000397e-01,5.822310000000000541e-01,8.882499999999999840e-01,1.474787999999999988e+00,-3.358280000000000154e-01,-1.318149999999999877e-01,4.802239999999999842e-01,7.097390000000000088e-01,1.704302999999999901e+00,-3.868309999999999804e-01,-2.503467000000000109e+00,-1.828180000000000083e-01,1.984820999999999946e+00,-4.888379999999999947e-01,-1.100877000000000105e+00,-2.593230000000000257e-01,9.902570000000000539e-01,1.041260000000000074e+00,1.232010000000000050e-01,2.762109999999999843e-01,1.449286000000000074e+00,-3.613299999999999845e-01,-1.228385000000000060e+00,2.507099999999999884e-01,5.312280000000000335e-01,1.015759000000000079e+00,2.252079999999999915e-01,-2.350457000000000019e+00,5.822310000000000541e-01,6.332339999999999636e-01,5.312280000000000335e-01,-1.063130000000000047e-01,-3.613299999999999845e-01,2.507099999999999884e-01,5.822310000000000541e-01,3.527159999999999740e-01,5.057260000000000089e-01,4.547229999999999883e-01,5.312280000000000335e-01,1.232010000000000050e-01,-8.081199999999999495e-02,-1.063130000000000047e-01,-2.593230000000000257e-01,-2.338210000000000011e-01,3.272140000000000049e-01,-2.593230000000000257e-01,3.272140000000000049e-01,2.762109999999999843e-01,1.092262999999999984e+00,9.769999999999999518e-02,-1.610910000000000064e+00,-3.868309999999999804e-01,4.802239999999999842e-01,-5.530999999999999805e-02,8.882499999999999840e-01,1.857312000000000074e+00,1.117764999999999898e+00,-1.573170000000000124e-01,-1.534405000000000019e+00,-3.868309999999999804e-01,4.547229999999999883e-01,5.312280000000000335e-01,5.312280000000000335e-01,5.567290000000000294e-01,1.742049999999999987e-01,-5.653430000000000399e-01,-2.503467000000000109e+00,-2.018936000000000064e+00,2.545856999999999815e+00,1.755306000000000033e+00,1.143267000000000033e+00,6.332339999999999636e-01,-2.338210000000000011e-01,-3.358280000000000154e-01,3.272140000000000049e-01,-4.307000000000000065e-03,-4.123330000000000051e-01,-5.530999999999999805e-02,-4.123330000000000051e-01,-4.123330000000000051e-01,7.352410000000000334e-01,3.782179999999999986e-01,-3.613299999999999845e-01,-3.103259999999999907e-01,-1.318149999999999877e-01,1.245273000000000074e+00,3.782179999999999986e-01,-1.063130000000000047e-01,7.219799999999999829e-02,1.487030000000000018e-01,2.507099999999999884e-01,-4.633360000000000256e-01,7.862440000000000540e-01,1.117764999999999898e+00,1.143267000000000033e+00,-1.840424000000000060e+00,-4.123330000000000051e-01,4.292210000000000192e-01,1.487030000000000018e-01,-4.307000000000000065e-03,9.769999999999999518e-02,1.143267000000000033e+00,9.392540000000000333e-01,-7.438540000000000152e-01,-2.044436999999999838e+00,-1.063130000000000047e-01,1.194269999999999943e+00,7.607420000000000293e-01,3.272140000000000049e-01,-7.183530000000000193e-01,2.762109999999999843e-01,8.117459999999999676e-01,-1.828180000000000083e-01,6.077320000000000499e-01,6.077320000000000499e-01,1.997059999999999946e-01,4.547229999999999883e-01,-3.103259999999999907e-01,-5.530999999999999805e-02,-2.848249999999999948e-01,1.487030000000000018e-01,1.487030000000000018e-01,7.219799999999999829e-02,1.997059999999999946e-01,6.587359999999999882e-01,1.487030000000000018e-01,-2.593230000000000257e-01,-4.378349999999999742e-01,2.507099999999999884e-01,3.272140000000000049e-01,8.882499999999999840e-01,-5.143389999999999906e-01,-9.223660000000000192e-01,2.112328999999999901e+00,-2.338210000000000011e-01,1.742049999999999987e-01,1.041260000000000074e+00,5.822310000000000541e-01,-2.848249999999999948e-01,-5.908440000000000358e-01,9.769999999999999518e-02,6.077320000000000499e-01,-8.081199999999999495e-02,-1.318149999999999877e-01,-4.307000000000000065e-03,4.547229999999999883e-01,9.392540000000000333e-01,1.270774999999999988e+00,-3.613299999999999845e-01,-2.681977999999999973e+00,-4.888379999999999947e-01,8.117459999999999676e-01,6.077320000000000499e-01,1.066761999999999988e+00,1.487030000000000018e-01,1.997059999999999946e-01,5.057260000000000089e-01,7.352410000000000334e-01,5.057260000000000089e-01,-1.049873999999999974e+00,2.119499999999999856e-02,-3.868309999999999804e-01,-5.530999999999999805e-02,7.607420000000000293e-01,2.507099999999999884e-01,-4.123330000000000051e-01,2.252079999999999915e-01,7.097390000000000088e-01,-1.828180000000000083e-01,5.057260000000000089e-01,1.653299000000000074e+00,1.487030000000000018e-01,-9.988700000000000356e-01,-1.024372000000000060e+00,-1.738418000000000019e+00,7.607420000000000293e-01,1.066761999999999988e+00,1.092262999999999984e+00,9.769999999999999518e-02,-2.980800000000000116e-02,-3.613299999999999845e-01,2.507099999999999884e-01,6.332339999999999636e-01,-5.398410000000000153e-01,5.567290000000000294e-01,4.292210000000000192e-01,-4.633360000000000256e-01,-1.075374999999999970e+00,1.066761999999999988e+00,6.332339999999999636e-01,4.292210000000000192e-01,1.997059999999999946e-01,1.959319000000000033e+00,8.627489999999999881e-01,-2.834988000000000063e+00,-1.891428000000000109e+00,8.372469999999999635e-01,1.398282999999999943e+00,8.372469999999999635e-01,5.312280000000000335e-01,4.037189999999999945e-01,2.119499999999999856e-02,1.232010000000000050e-01,1.997059999999999946e-01,2.762109999999999843e-01,-1.063130000000000047e-01,-2.083200000000000052e-01,4.669600000000000140e-02,-2.338210000000000011e-01,-1.406897000000000064e+00,2.762109999999999843e-01,5.057260000000000089e-01,6.587359999999999882e-01,6.077320000000000499e-01,6.077320000000000499e-01,2.252079999999999915e-01,9.769999999999999518e-02,7.352410000000000334e-01,1.487030000000000018e-01,-6.418479999999999741e-01,3.527159999999999740e-01,2.762109999999999843e-01,-1.318149999999999877e-01,-1.126379000000000019e+00,2.252079999999999915e-01,2.622361000000000164e+00,2.061326000000000214e+00,-1.610910000000000064e+00,-1.789420999999999928e+00,-5.530999999999999805e-02,1.041260000000000074e+00,5.057260000000000089e-01,1.143267000000000033e+00,8.117459999999999676e-01,-2.593230000000000257e-01,-5.653430000000000399e-01,2.252079999999999915e-01,1.232010000000000050e-01,-4.633360000000000256e-01,-1.063130000000000047e-01,4.547229999999999883e-01,5.312280000000000335e-01,-2.848249999999999948e-01,-1.075374999999999970e+00,5.822310000000000541e-01,1.015759000000000079e+00,3.527159999999999740e-01,3.782179999999999986e-01,3.017130000000000090e-01,3.272140000000000049e-01,-2.848249999999999948e-01,-2.980800000000000116e-02,7.219799999999999829e-02,2.252079999999999915e-01,4.037189999999999945e-01,2.119499999999999856e-02,6.587359999999999882e-01,5.312280000000000335e-01,-1.738418000000000019e+00,-2.732981999999999800e+00,2.762109999999999843e-01,1.831811000000000078e+00,1.755306000000000033e+00,1.525790999999999897e+00,1.742049999999999987e-01,3.272140000000000049e-01,-7.438540000000000152e-01,-9.478670000000000151e-01,1.117764999999999898e+00,3.272140000000000049e-01,-8.713619999999999699e-01,-8.081199999999999495e-02,1.232010000000000050e-01,5.312280000000000335e-01,1.487030000000000018e-01,3.527159999999999740e-01,4.292210000000000192e-01,-4.307000000000000065e-03,1.487030000000000018e-01,-4.633360000000000256e-01,-6.163459999999999495e-01,3.272140000000000049e-01,9.137520000000000087e-01,9.647550000000000292e-01,3.527159999999999740e-01,9.392540000000000333e-01,-7.438540000000000152e-01,-1.177381999999999929e+00,7.352410000000000334e-01,3.017130000000000090e-01,3.272140000000000049e-01,4.292210000000000192e-01,1.487030000000000018e-01,-4.378349999999999742e-01,-6.928509999999999946e-01,4.292210000000000192e-01,6.332339999999999636e-01,1.487030000000000018e-01,5.057260000000000089e-01,-5.653430000000000399e-01,1.232010000000000050e-01,9.769999999999999518e-02,1.066761999999999988e+00,3.017130000000000090e-01,-2.338210000000000011e-01,-5.143389999999999906e-01,-5.908440000000000358e-01,5.822310000000000541e-01,7.097390000000000088e-01,3.272140000000000049e-01,1.487030000000000018e-01,-8.081199999999999495e-02,2.119499999999999856e-02,2.119499999999999856e-02,3.782179999999999986e-01,1.997059999999999946e-01,-2.980800000000000116e-02,5.312280000000000335e-01,1.487030000000000018e-01,7.352410000000000334e-01,-8.081199999999999495e-02,-1.330392000000000019e+00,-9.988700000000000356e-01,9.647550000000000292e-01,5.822310000000000541e-01,-1.318149999999999877e-01,1.500289999999999901e+00,7.097390000000000088e-01,8.117459999999999676e-01,-2.848249999999999948e-01,-8.081199999999999495e-02,7.219799999999999829e-02,7.219799999999999829e-02,-1.063130000000000047e-01,9.769999999999999518e-02,4.802239999999999842e-01,4.292210000000000192e-01,-1.318149999999999877e-01,-1.063130000000000047e-01,-2.980800000000000116e-02,5.822310000000000541e-01,9.769999999999999518e-02,-1.661912999999999974e+00,3.017130000000000090e-01,5.312280000000000335e-01,1.831811000000000078e+00,1.997059999999999946e-01,-7.948570000000000357e-01,6.332339999999999636e-01,-4.307000000000000065e-03,-1.573170000000000124e-01,3.527159999999999740e-01,9.902570000000000539e-01,5.312280000000000335e-01,5.567290000000000294e-01,-3.868309999999999804e-01,-1.432398000000000060e+00,-4.307000000000000065e-03,5.057260000000000089e-01,1.015759000000000079e+00,4.547229999999999883e-01,5.057260000000000089e-01,-1.840424000000000060e+00,-1.763919000000000015e+00,6.332339999999999636e-01,1.015759000000000079e+00,6.332339999999999636e-01,-8.081199999999999495e-02,2.119499999999999856e-02,-3.613299999999999845e-01,5.312280000000000335e-01,7.862440000000000540e-01,6.842369999999999841e-01,1.997059999999999946e-01,4.802239999999999842e-01,5.567290000000000294e-01,-4.633360000000000256e-01,-1.202884000000000064e+00,3.782179999999999986e-01,6.842369999999999841e-01,3.017130000000000090e-01,-8.081199999999999495e-02,-7.438540000000000152e-01,7.219799999999999829e-02,1.372781000000000029e+00,8.882499999999999840e-01,6.077320000000000499e-01,-9.223660000000000192e-01,-4.123330000000000051e-01,-4.633360000000000256e-01,3.017130000000000090e-01,7.219799999999999829e-02,1.232010000000000050e-01,8.882499999999999840e-01,1.347280000000000033e+00,-8.081199999999999495e-02,-1.828180000000000083e-01,5.567290000000000294e-01,-1.828180000000000083e-01,-7.438540000000000152e-01,2.507099999999999884e-01,-5.653430000000000399e-01,-2.338210000000000011e-01,-1.063130000000000047e-01,1.984820999999999946e+00,2.137830000000000119e+00,-5.908440000000000358e-01,-1.151880000000000015e+00,1.232010000000000050e-01,-4.888379999999999947e-01,-8.713619999999999699e-01,1.321777999999999897e+00,5.312280000000000335e-01,-6.418479999999999741e-01,2.252079999999999915e-01,2.762109999999999843e-01,4.802239999999999842e-01,3.527159999999999740e-01,1.997059999999999946e-01,1.487030000000000018e-01,6.332339999999999636e-01,-4.378349999999999742e-01,1.997059999999999946e-01,1.997059999999999946e-01,7.352410000000000334e-01,5.567290000000000294e-01,8.627489999999999881e-01,-1.177381999999999929e+00,-1.075374999999999970e+00,-9.223660000000000192e-01,9.769999999999999518e-02,7.862440000000000540e-01,1.270774999999999988e+00,1.092262999999999984e+00,-2.083200000000000052e-01,-7.438540000000000152e-01,-1.573170000000000124e-01,7.352410000000000334e-01,3.272140000000000049e-01,4.037189999999999945e-01,4.547229999999999883e-01,4.547229999999999883e-01,-2.980800000000000116e-02,2.252079999999999915e-01,4.037189999999999945e-01,-5.653430000000000399e-01,-8.458609999999999740e-01,3.782179999999999986e-01,-6.928509999999999946e-01,4.802239999999999842e-01,9.902570000000000539e-01,-1.063130000000000047e-01,3.782179999999999986e-01,1.423785000000000078e+00,8.882499999999999840e-01,-1.330392000000000019e+00,-1.330392000000000019e+00,5.567290000000000294e-01,6.332339999999999636e-01,6.842369999999999841e-01,4.037189999999999945e-01,-2.980800000000000116e-02,4.037189999999999945e-01,1.092262999999999984e+00,-8.081199999999999495e-02,-1.432398000000000060e+00,6.587359999999999882e-01,5.567290000000000294e-01,-1.063130000000000047e-01,9.769999999999999518e-02,7.219799999999999829e-02,-1.126379000000000019e+00,6.332339999999999636e-01,1.423785000000000078e+00,8.372469999999999635e-01,-9.988700000000000356e-01,-6.163459999999999495e-01,9.769999999999999518e-02,1.997059999999999946e-01,1.755306000000000033e+00,-1.828180000000000083e-01,-2.171946000000000154e+00,8.882499999999999840e-01,1.347280000000000033e+00,1.347280000000000033e+00,7.352410000000000334e-01,2.507099999999999884e-01,-1.279387999999999970e+00,3.527159999999999740e-01,1.742049999999999987e-01,1.997059999999999946e-01,1.232010000000000050e-01,-1.049873999999999974e+00,-1.177381999999999929e+00,-1.573170000000000124e-01,1.168768000000000029e+00,7.352410000000000334e-01,4.292210000000000192e-01,4.802239999999999842e-01,2.252079999999999915e-01,3.527159999999999740e-01,-2.980800000000000116e-02,-1.063130000000000047e-01,-3.358280000000000154e-01,7.352410000000000334e-01,4.669600000000000140e-02,-2.848249999999999948e-01,4.802239999999999842e-01,-5.398410000000000153e-01,-1.828180000000000083e-01,8.117459999999999676e-01,1.347280000000000033e+00,1.997059999999999946e-01,9.647550000000000292e-01,-5.908440000000000358e-01,-2.707479999999999887e+00,-4.307000000000000065e-03,-5.398410000000000153e-01,1.143267000000000033e+00,6.077320000000000499e-01,6.587359999999999882e-01,7.862440000000000540e-01,1.041260000000000074e+00,3.782179999999999986e-01,-8.203589999999999494e-01,-1.573170000000000124e-01,-2.083200000000000052e-01,-2.848249999999999948e-01,7.352410000000000334e-01,9.902570000000000539e-01,-1.573170000000000124e-01,-1.916929000000000105e+00,-4.633360000000000256e-01,1.347280000000000033e+00,3.272140000000000049e-01,8.372469999999999635e-01,4.037189999999999945e-01,8.117459999999999676e-01,2.252079999999999915e-01,4.037189999999999945e-01,-7.438540000000000152e-01,-1.024372000000000060e+00,4.547229999999999883e-01,8.117459999999999676e-01,4.802239999999999842e-01,-1.126379000000000019e+00,-7.948570000000000357e-01,7.097390000000000088e-01,1.232010000000000050e-01,6.587359999999999882e-01,1.270774999999999988e+00,-2.980800000000000116e-02,-4.378349999999999742e-01,1.092262999999999984e+00,-3.358280000000000154e-01,-7.693560000000000398e-01,1.997059999999999946e-01,7.607420000000000293e-01,4.037189999999999945e-01,1.742049999999999987e-01,1.232010000000000050e-01,5.822310000000000541e-01,-3.868309999999999804e-01,4.802239999999999842e-01,5.312280000000000335e-01,-7.183530000000000193e-01,-9.733690000000000397e-01,8.372469999999999635e-01,7.607420000000000293e-01,-1.024372000000000060e+00,-5.908440000000000358e-01,5.822310000000000541e-01,7.352410000000000334e-01,1.525790999999999897e+00,-2.848249999999999948e-01,-1.304890000000000105e+00,1.041260000000000074e+00,1.270774999999999988e+00,3.017130000000000090e-01,-4.307000000000000065e-03,-7.183530000000000193e-01,-1.318149999999999877e-01,-2.980800000000000116e-02,1.755306000000000033e+00,-7.948570000000000357e-01,-1.687415000000000109e+00,5.312280000000000335e-01,7.352410000000000334e-01,6.332339999999999636e-01,2.119499999999999856e-02,5.312280000000000335e-01,3.272140000000000049e-01,3.527159999999999740e-01,-1.661912999999999974e+00,6.332339999999999636e-01,-1.024372000000000060e+00,4.669600000000000140e-02,9.137520000000000087e-01,1.015759000000000079e+00,1.347280000000000033e+00,7.862440000000000540e-01,4.802239999999999842e-01,-7.183530000000000193e-01,9.769999999999999518e-02,4.802239999999999842e-01,-9.478670000000000151e-01,-1.151880000000000015e+00,3.017130000000000090e-01,1.997059999999999946e-01,4.669600000000000140e-02,2.507099999999999884e-01,3.017130000000000090e-01,4.547229999999999883e-01,9.769999999999999518e-02,5.822310000000000541e-01,7.219799999999999829e-02,8.882499999999999840e-01,1.474787999999999988e+00,-9.478670000000000151e-01,-1.763919000000000015e+00,1.232010000000000050e-01,7.352410000000000334e-01,7.607420000000000293e-01,5.312280000000000335e-01,-1.318149999999999877e-01,1.997059999999999946e-01,4.802239999999999842e-01,-2.848249999999999948e-01,-1.177381999999999929e+00,7.352410000000000334e-01,1.487030000000000018e-01,-6.673489999999999700e-01,-2.593230000000000257e-01,6.842369999999999841e-01,1.576794999999999947e+00,5.312280000000000335e-01,-1.253886999999999974e+00,1.092262999999999984e+00,7.352410000000000334e-01,1.487030000000000018e-01,2.119499999999999856e-02,-1.318149999999999877e-01,1.015759000000000079e+00,4.292210000000000192e-01,-1.610910000000000064e+00,-9.733690000000000397e-01,1.143267000000000033e+00,9.137520000000000087e-01,6.587359999999999882e-01,2.252079999999999915e-01,-2.338210000000000011e-01,2.762109999999999843e-01,-1.228385000000000060e+00,-2.593230000000000257e-01,2.507099999999999884e-01,1.576794999999999947e+00,2.119499999999999856e-02,3.272140000000000049e-01,-8.458609999999999740e-01,-9.223660000000000192e-01,1.997059999999999946e-01,1.347280000000000033e+00,7.862440000000000540e-01,-1.891428000000000109e+00,9.769999999999999518e-02,1.755306000000000033e+00,1.168768000000000029e+00,7.607420000000000293e-01,-2.083200000000000052e-01,-4.123330000000000051e-01,-4.378349999999999742e-01,2.507099999999999884e-01,-4.307000000000000065e-03,-1.828180000000000083e-01,5.312280000000000335e-01,7.352410000000000334e-01,-8.968639999999999946e-01,-6.928509999999999946e-01,5.567290000000000294e-01,6.587359999999999882e-01,-8.081199999999999495e-02,-2.083200000000000052e-01,-2.848249999999999948e-01,1.041260000000000074e+00,1.066761999999999988e+00,1.742049999999999987e-01,1.487030000000000018e-01,-4.123330000000000051e-01,4.547229999999999883e-01,5.312280000000000335e-01,2.762109999999999843e-01,5.567290000000000294e-01,2.762109999999999843e-01,-5.653430000000000399e-01,1.742049999999999987e-01,1.487030000000000018e-01,-4.378349999999999742e-01,4.669600000000000140e-02,9.137520000000000087e-01,4.037189999999999945e-01,2.252079999999999915e-01,-1.814923000000000064e+00,-1.100877000000000105e+00,1.997059999999999946e-01,1.551293000000000033e+00,2.163332000000000033e+00,-2.083200000000000052e-01,1.997059999999999946e-01,2.762109999999999843e-01,-8.081199999999999495e-02,-4.307000000000000065e-03,1.742049999999999987e-01,2.119499999999999856e-02,6.332339999999999636e-01,-5.398410000000000153e-01,4.547229999999999883e-01,-2.083200000000000052e-01,-1.483402000000000109e+00,6.842369999999999841e-01,7.607420000000000293e-01,4.547229999999999883e-01,7.607420000000000293e-01,1.232010000000000050e-01,-1.355893000000000015e+00,-4.378349999999999742e-01,9.902570000000000539e-01,6.077320000000000499e-01,-2.338210000000000011e-01,7.352410000000000334e-01,6.587359999999999882e-01,-3.358280000000000154e-01,-5.908440000000000358e-01,8.372469999999999635e-01,-2.848249999999999948e-01,1.232010000000000050e-01,6.332339999999999636e-01,1.742049999999999987e-01,2.119499999999999856e-02,5.312280000000000335e-01,-4.633360000000000256e-01,9.769999999999999518e-02,2.252079999999999915e-01,7.219799999999999829e-02,-3.103259999999999907e-01,7.219799999999999829e-02,1.245273000000000074e+00,9.137520000000000087e-01,-6.673489999999999700e-01,-1.573170000000000124e-01,-1.063130000000000047e-01,-1.202884000000000064e+00,-5.398410000000000153e-01,9.137520000000000087e-01,1.321777999999999897e+00,3.782179999999999986e-01,3.527159999999999740e-01,3.017130000000000090e-01,1.997059999999999946e-01,-3.868309999999999804e-01,-2.593230000000000257e-01,-1.355893000000000015e+00,4.292210000000000192e-01,1.270774999999999988e+00,7.352410000000000334e-01,-6.673489999999999700e-01,8.627489999999999881e-01,4.802239999999999842e-01,-1.253886999999999974e+00,3.272140000000000049e-01,3.272140000000000049e-01,-2.980800000000000116e-02,9.392540000000000333e-01,-5.530999999999999805e-02,1.168768000000000029e+00,-4.123330000000000051e-01,-1.610910000000000064e+00,5.567290000000000294e-01,-5.530999999999999805e-02,5.567290000000000294e-01,1.270774999999999988e+00,7.097390000000000088e-01,-1.253886999999999974e+00,-1.432398000000000060e+00,1.092262999999999984e+00,6.842369999999999841e-01,-3.868309999999999804e-01,7.219799999999999829e-02,-3.103259999999999907e-01,3.272140000000000049e-01,3.527159999999999740e-01,4.802239999999999842e-01,2.252079999999999915e-01,-8.081199999999999495e-02,6.842369999999999841e-01,6.077320000000000499e-01,5.057260000000000089e-01,3.782179999999999986e-01,-1.661912999999999974e+00,-1.712916000000000105e+00,6.842369999999999841e-01,7.862440000000000540e-01,2.119499999999999856e-02,7.097390000000000088e-01,1.041260000000000074e+00,4.669600000000000140e-02,1.742049999999999987e-01,9.769999999999999518e-02,-5.143389999999999906e-01,7.862440000000000540e-01,4.292210000000000192e-01,-1.330392000000000019e+00,-5.908440000000000358e-01,1.143267000000000033e+00,9.392540000000000333e-01,-9.478670000000000151e-01,-2.593230000000000257e-01,1.500289999999999901e+00,7.097390000000000088e-01,-9.988700000000000356e-01,1.194269999999999943e+00,4.292210000000000192e-01,-2.848249999999999948e-01,7.862440000000000540e-01,8.882499999999999840e-01,-1.355893000000000015e+00,-1.585407999999999928e+00,-2.980800000000000116e-02,4.547229999999999883e-01,1.627798000000000078e+00,3.782179999999999986e-01,-8.081199999999999495e-02,-1.828180000000000083e-01,7.219799999999999829e-02,1.372781000000000029e+00,5.822310000000000541e-01,-1.049873999999999974e+00,2.119499999999999856e-02,-1.253886999999999974e+00,3.272140000000000049e-01,7.862440000000000540e-01,4.802239999999999842e-01,3.272140000000000049e-01,7.352410000000000334e-01,1.997059999999999946e-01,-5.143389999999999906e-01,4.547229999999999883e-01,1.487030000000000018e-01,-3.103259999999999907e-01,2.762109999999999843e-01,-2.083200000000000052e-01,-7.948570000000000357e-01,-3.103259999999999907e-01,1.653299000000000074e+00,1.959319000000000033e+00,9.392540000000000333e-01,4.669600000000000140e-02,3.017130000000000090e-01,-1.253886999999999974e+00,-2.018936000000000064e+00,-2.593230000000000257e-01,-4.633360000000000256e-01,8.372469999999999635e-01,1.015759000000000079e+00,1.602295999999999943e+00,5.312280000000000335e-01,-8.203589999999999494e-01,-1.253886999999999974e+00,-1.063130000000000047e-01,6.077320000000000499e-01,7.097390000000000088e-01,1.474787999999999988e+00,9.137520000000000087e-01,-5.530999999999999805e-02,-5.530999999999999805e-02,-8.081199999999999495e-02,-2.980800000000000116e-02,-2.980800000000000116e-02,-5.398410000000000153e-01,-7.438540000000000152e-01,7.097390000000000088e-01,-2.593230000000000257e-01,-8.458609999999999740e-01,7.219799999999999829e-02,5.822310000000000541e-01,1.602295999999999943e+00,2.507099999999999884e-01,1.232010000000000050e-01,4.669600000000000140e-02,2.119499999999999856e-02,7.352410000000000334e-01,2.137830000000000119e+00,-1.049873999999999974e+00,-3.421526000000000067e+00,8.627489999999999881e-01,1.270774999999999988e+00,6.332339999999999636e-01,9.647550000000000292e-01,-2.338210000000000011e-01,-8.968639999999999946e-01,-1.942431000000000019e+00,1.742049999999999987e-01,1.117764999999999898e+00,4.802239999999999842e-01,3.272140000000000049e-01,9.902570000000000539e-01,8.117459999999999676e-01,1.525790999999999897e+00,-2.338210000000000011e-01,-1.279387999999999970e+00,2.119499999999999856e-02,-8.081199999999999495e-02,-5.908440000000000358e-01,-2.338210000000000011e-01,-1.828180000000000083e-01,1.296276999999999902e+00,6.332339999999999636e-01,-1.573170000000000124e-01,4.802239999999999842e-01,1.270774999999999988e+00,-8.081199999999999495e-02,-9.223660000000000192e-01,-5.908440000000000358e-01,6.077320000000000499e-01,3.272140000000000049e-01,7.219799999999999829e-02,9.392540000000000333e-01,6.332339999999999636e-01,-5.653430000000000399e-01,7.219799999999999829e-02,-3.103259999999999907e-01,-4.307000000000000065e-03,-8.081199999999999495e-02,4.037189999999999945e-01,4.547229999999999883e-01,1.398282999999999943e+00,8.627489999999999881e-01,-1.024372000000000060e+00,-1.432398000000000060e+00,2.507099999999999884e-01,2.119499999999999856e-02,2.762109999999999843e-01,-8.081199999999999495e-02,-2.338210000000000011e-01,9.392540000000000333e-01,1.245273000000000074e+00,9.392540000000000333e-01,-6.163459999999999495e-01,-6.673489999999999700e-01,1.755306000000000033e+00,-2.593230000000000257e-01,-2.083200000000000052e-01,4.037189999999999945e-01,-8.081199999999999495e-02,-7.438540000000000152e-01,7.862440000000000540e-01,1.232010000000000050e-01,4.802239999999999842e-01,7.097390000000000088e-01,-1.075374999999999970e+00,-1.534405000000000019e+00,-1.063130000000000047e-01,1.015759000000000079e+00,1.487030000000000018e-01,3.017130000000000090e-01,9.902570000000000539e-01,1.372781000000000029e+00,2.507099999999999884e-01,9.392540000000000333e-01,-2.338210000000000011e-01,-2.732981999999999800e+00,-5.143389999999999906e-01,7.352410000000000334e-01,1.347280000000000033e+00,7.607420000000000293e-01,-1.100877000000000105e+00,1.449286000000000074e+00,8.882499999999999840e-01,-2.338210000000000011e-01,-8.081199999999999495e-02,1.232010000000000050e-01,4.802239999999999842e-01,-1.573170000000000124e-01,-2.299453999999999887e+00,2.762109999999999843e-01,6.332339999999999636e-01,3.272140000000000049e-01,-3.103259999999999907e-01,1.270774999999999988e+00,1.347280000000000033e+00,6.077320000000000499e-01,-3.358280000000000154e-01,2.762109999999999843e-01,-8.203589999999999494e-01,-2.848249999999999948e-01,-1.828180000000000083e-01,7.862440000000000540e-01,5.057260000000000089e-01,1.487030000000000018e-01,-2.848249999999999948e-01,-8.081199999999999495e-02,3.527159999999999740e-01,5.057260000000000089e-01,-2.848249999999999948e-01,-2.593230000000000257e-01,8.627489999999999881e-01,1.487030000000000018e-01,7.219799999999999829e-02,5.312280000000000335e-01,2.119499999999999856e-02,-8.081199999999999495e-02,3.272140000000000049e-01,1.296276999999999902e+00,5.057260000000000089e-01,-6.928509999999999946e-01,-2.120941999999999883e+00,7.862440000000000540e-01,1.997059999999999946e-01,-1.063130000000000047e-01,2.252079999999999915e-01,2.762109999999999843e-01,-7.183530000000000193e-01,2.119499999999999856e-02,1.143267000000000033e+00,1.245273000000000074e+00,2.507099999999999884e-01,7.352410000000000334e-01,4.547229999999999883e-01,-1.318149999999999877e-01,-6.673489999999999700e-01,-5.143389999999999906e-01,3.782179999999999986e-01,4.547229999999999883e-01,-9.478670000000000151e-01,-1.318149999999999877e-01,5.312280000000000335e-01,-2.848249999999999948e-01,1.143267000000000033e+00,7.219799999999999829e-02,-9.478670000000000151e-01,5.567290000000000294e-01,7.097390000000000088e-01,1.232010000000000050e-01,9.769999999999999518e-02,8.882499999999999840e-01,1.997059999999999946e-01,-8.968639999999999946e-01,-2.083200000000000052e-01,2.252079999999999915e-01,4.292210000000000192e-01,4.669600000000000140e-02,-4.307000000000000065e-03,7.862440000000000540e-01,3.272140000000000049e-01,7.097390000000000088e-01,-4.123330000000000051e-01,-1.573170000000000124e-01,-1.573170000000000124e-01,1.487030000000000018e-01,2.119499999999999856e-02,-1.100877000000000105e+00,-8.081199999999999495e-02,1.653299000000000074e+00,2.163332000000000033e+00,2.252079999999999915e-01,-2.273951999999999973e+00,-8.203589999999999494e-01,1.041260000000000074e+00,6.842369999999999841e-01,3.782179999999999986e-01,2.507099999999999884e-01,-4.307000000000000065e-03,1.232010000000000050e-01,-8.081199999999999495e-02,9.137520000000000087e-01,5.567290000000000294e-01,-1.355893000000000015e+00,-4.123330000000000051e-01,4.669600000000000140e-02,1.487030000000000018e-01,3.017130000000000090e-01,2.762109999999999843e-01,1.194269999999999943e+00,-8.081199999999999495e-02,-7.183530000000000193e-01,5.567290000000000294e-01,2.119499999999999856e-02,4.037189999999999945e-01,6.587359999999999882e-01,9.137520000000000087e-01,1.487030000000000018e-01,-5.530999999999999805e-02,-7.183530000000000193e-01,-8.081199999999999495e-02,4.669600000000000140e-02,-6.673489999999999700e-01,6.332339999999999636e-01,7.862440000000000540e-01,-1.828180000000000083e-01,1.997059999999999946e-01,-4.123330000000000051e-01,5.057260000000000089e-01,7.607420000000000293e-01,3.782179999999999986e-01,-7.693560000000000398e-01,5.057260000000000089e-01,7.097390000000000088e-01,6.332339999999999636e-01,-5.398410000000000153e-01,-7.948570000000000357e-01,1.742049999999999987e-01,-2.848249999999999948e-01,3.017130000000000090e-01,7.607420000000000293e-01,3.272140000000000049e-01,1.232010000000000050e-01,4.669600000000000140e-02,8.117459999999999676e-01,-8.081199999999999495e-02,-6.163459999999999495e-01,-5.530999999999999805e-02,-1.828180000000000083e-01,6.842369999999999841e-01,1.041260000000000074e+00,-2.593230000000000257e-01,-1.828180000000000083e-01,1.742049999999999987e-01,1.015759000000000079e+00,1.449286000000000074e+00,-1.585407999999999928e+00,-2.350457000000000019e+00,-8.081199999999999495e-02,9.392540000000000333e-01,4.547229999999999883e-01,-4.307000000000000065e-03,1.296276999999999902e+00,1.449286000000000074e+00,6.587359999999999882e-01,-8.458609999999999740e-01,4.037189999999999945e-01,-2.338210000000000011e-01,-3.358280000000000154e-01,7.862440000000000540e-01,-1.304890000000000105e+00,-8.203589999999999494e-01,7.352410000000000334e-01,-4.307000000000000065e-03,6.842369999999999841e-01,2.762109999999999843e-01,3.782179999999999986e-01,7.607420000000000293e-01,6.077320000000000499e-01,-5.398410000000000153e-01,-8.458609999999999740e-01,8.882499999999999840e-01,-9.223660000000000192e-01,2.507099999999999884e-01,1.168768000000000029e+00,6.587359999999999882e-01,2.762109999999999843e-01,3.017130000000000090e-01,-5.530999999999999805e-02,2.762109999999999843e-01,-3.868309999999999804e-01,-1.355893000000000015e+00,3.782179999999999986e-01,4.669600000000000140e-02,3.272140000000000049e-01,1.576794999999999947e+00,1.997059999999999946e-01,-1.967932999999999932e+00,1.347280000000000033e+00,1.092262999999999984e+00,-1.483402000000000109e+00,-3.868309999999999804e-01,-4.307000000000000065e-03,9.392540000000000333e-01,2.239837000000000078e+00,5.057260000000000089e-01,-2.095441000000000109e+00,-6.163459999999999495e-01,6.587359999999999882e-01,4.292210000000000192e-01,-4.307000000000000065e-03,2.507099999999999884e-01,-4.123330000000000051e-01,2.252079999999999915e-01,1.066761999999999988e+00,9.392540000000000333e-01,3.527159999999999740e-01,2.507099999999999884e-01,1.742049999999999987e-01,-5.398410000000000153e-01,-7.693560000000000398e-01,-8.081199999999999495e-02,6.587359999999999882e-01,2.119499999999999856e-02,9.769999999999999518e-02,1.232010000000000050e-01,1.232010000000000050e-01,4.669600000000000140e-02,2.762109999999999843e-01,-4.378349999999999742e-01,-3.868309999999999804e-01,9.769999999999999518e-02,1.678800999999999988e+00,1.245273000000000074e+00,9.647550000000000292e-01,-2.338210000000000011e-01,-2.554469999999999796e+00,-6.928509999999999946e-01,1.653299000000000074e+00,3.272140000000000049e-01,-1.228385000000000060e+00,1.117764999999999898e+00,5.312280000000000335e-01,4.292210000000000192e-01,5.057260000000000089e-01,7.219799999999999829e-02,4.292210000000000192e-01,9.769999999999999518e-02,2.762109999999999843e-01,1.742049999999999987e-01,-1.318149999999999877e-01,1.997059999999999946e-01,9.769999999999999518e-02,-1.100877000000000105e+00,7.219799999999999829e-02,-8.081199999999999495e-02,3.272140000000000049e-01,4.037189999999999945e-01,1.997059999999999946e-01,3.272140000000000049e-01,1.742049999999999987e-01,1.997059999999999946e-01,1.551293000000000033e+00,4.802239999999999842e-01,4.292210000000000192e-01,-3.103259999999999907e-01,-1.075374999999999970e+00,3.272140000000000049e-01,4.669600000000000140e-02,-1.063130000000000047e-01,1.742049999999999987e-01,2.762109999999999843e-01,5.312280000000000335e-01,1.474787999999999988e+00,-1.573170000000000124e-01,-1.967932999999999932e+00,3.017130000000000090e-01,8.372469999999999635e-01,5.312280000000000335e-01,-2.593230000000000257e-01,1.742049999999999987e-01,4.037189999999999945e-01,5.822310000000000541e-01,6.077320000000000499e-01,-7.693560000000000398e-01,-1.573170000000000124e-01,1.232010000000000050e-01,3.017130000000000090e-01,4.547229999999999883e-01,1.232010000000000050e-01,-2.593230000000000257e-01,-2.593230000000000257e-01,8.372469999999999635e-01,9.647550000000000292e-01,-2.593230000000000257e-01,-2.426962000000000064e+00,-1.573170000000000124e-01,1.092262999999999984e+00,5.822310000000000541e-01,1.015759000000000079e+00,7.352410000000000334e-01,1.194269999999999943e+00,7.352410000000000334e-01,-1.828180000000000083e-01,-5.143389999999999906e-01,-5.530999999999999805e-02,-2.338210000000000011e-01,-4.888379999999999947e-01,7.219799999999999829e-02,2.252079999999999915e-01,-1.406897000000000064e+00,2.762109999999999843e-01,8.627489999999999881e-01,8.372469999999999635e-01,9.902570000000000539e-01,7.352410000000000334e-01,-1.318149999999999877e-01,-1.406897000000000064e+00,-3.868309999999999804e-01,7.352410000000000334e-01,9.902570000000000539e-01,4.037189999999999945e-01,4.292210000000000192e-01,-8.081199999999999495e-02,-5.653430000000000399e-01,2.035823999999999856e+00,-8.081199999999999495e-02,-3.753047000000000022e+00,-9.478670000000000151e-01,5.057260000000000089e-01,2.469352000000000213e+00,1.755306000000000033e+00,1.232010000000000050e-01,-3.358280000000000154e-01,4.802239999999999842e-01,1.232010000000000050e-01,-7.693560000000000398e-01,-1.508903000000000105e+00,4.802239999999999842e-01,5.567290000000000294e-01,5.312280000000000335e-01,7.352410000000000334e-01,2.507099999999999884e-01,4.547229999999999883e-01,3.017130000000000090e-01,-8.968639999999999946e-01,-6.673489999999999700e-01,2.762109999999999843e-01,1.474787999999999988e+00,8.372469999999999635e-01,2.119499999999999856e-02,-1.534405000000000019e+00,-5.908440000000000358e-01,1.117764999999999898e+00,5.822310000000000541e-01,-2.980800000000000116e-02,5.057260000000000089e-01,9.769999999999999518e-02,-2.848249999999999948e-01,-6.418479999999999741e-01,5.057260000000000089e-01,8.882499999999999840e-01,2.762109999999999843e-01,4.547229999999999883e-01,3.272140000000000049e-01,-2.848249999999999948e-01,2.252079999999999915e-01,-1.318149999999999877e-01,-1.318149999999999877e-01,9.137520000000000087e-01,-2.980800000000000116e-02,-4.123330000000000051e-01,3.017130000000000090e-01,1.487030000000000018e-01,3.017130000000000090e-01,3.782179999999999986e-01,3.527159999999999740e-01,-5.653430000000000399e-01,1.449286000000000074e+00,1.092262999999999984e+00,-4.390588000000000157e+00,-1.381394999999999929e+00,1.398282999999999943e+00,1.653299000000000074e+00,1.780807999999999947e+00,6.332339999999999636e-01,4.669600000000000140e-02,8.882499999999999840e-01,4.037189999999999945e-01,-5.143389999999999906e-01,1.487030000000000018e-01,-6.163459999999999495e-01,-1.432398000000000060e+00,-1.318149999999999877e-01,2.507099999999999884e-01,4.292210000000000192e-01,2.762109999999999843e-01,-4.307000000000000065e-03,-2.083200000000000052e-01,5.567290000000000294e-01,3.782179999999999986e-01,6.077320000000000499e-01,3.272140000000000049e-01,5.312280000000000335e-01,5.822310000000000541e-01,-3.613299999999999845e-01,-1.828180000000000083e-01,3.272140000000000049e-01,5.567290000000000294e-01,-1.573170000000000124e-01,-1.355893000000000015e+00,-7.183530000000000193e-01,1.219772000000000078e+00,9.902570000000000539e-01,1.449286000000000074e+00,4.292210000000000192e-01,-1.024372000000000060e+00,-5.530999999999999805e-02,-8.968639999999999946e-01,3.272140000000000049e-01,7.352410000000000334e-01,-4.378349999999999742e-01,1.194269999999999943e+00,9.769999999999999518e-02,1.347280000000000033e+00,9.769999999999999518e-02,-1.559906000000000015e+00,-4.633360000000000256e-01,-3.103259999999999907e-01,7.607420000000000293e-01,5.567290000000000294e-01,6.587359999999999882e-01,6.332339999999999636e-01,5.312280000000000335e-01,2.252079999999999915e-01,4.292210000000000192e-01,1.487030000000000018e-01,-1.738418000000000019e+00,-8.203589999999999494e-01,3.782179999999999986e-01,5.312280000000000335e-01,7.352410000000000334e-01,7.352410000000000334e-01,3.527159999999999740e-01,-2.338210000000000011e-01,9.137520000000000087e-01,2.119499999999999856e-02,-2.338210000000000011e-01,-1.063130000000000047e-01,6.587359999999999882e-01,-5.143389999999999906e-01,-5.398410000000000153e-01,5.567290000000000294e-01,1.232010000000000050e-01,4.802239999999999842e-01,1.347280000000000033e+00,3.272140000000000049e-01,-2.593230000000000257e-01,-1.828180000000000083e-01,-6.673489999999999700e-01,1.742049999999999987e-01,5.567290000000000294e-01,5.822310000000000541e-01,-5.530999999999999805e-02,5.057260000000000089e-01,1.066761999999999988e+00,6.077320000000000499e-01,-2.936995000000000022e+00,-2.375958999999999932e+00,1.704302999999999901e+00,1.500289999999999901e+00,1.270774999999999988e+00,1.092262999999999984e+00,5.567290000000000294e-01,2.252079999999999915e-01,-1.828180000000000083e-01,-4.307000000000000065e-03,-2.338210000000000011e-01,-6.418479999999999741e-01,-3.868309999999999804e-01,-3.868309999999999804e-01,2.252079999999999915e-01,5.312280000000000335e-01,1.041260000000000074e+00,4.669600000000000140e-02,-4.123330000000000051e-01,-2.848249999999999948e-01,7.607420000000000293e-01,9.137520000000000087e-01,-6.673489999999999700e-01,-4.633360000000000256e-01,4.037189999999999945e-01,1.143267000000000033e+00,1.117764999999999898e+00,2.507099999999999884e-01,-1.483402000000000109e+00,-2.083200000000000052e-01,-2.338210000000000011e-01,3.272140000000000049e-01,-6.928509999999999946e-01,5.822310000000000541e-01,1.168768000000000029e+00,8.117459999999999676e-01,6.842369999999999841e-01,6.332339999999999636e-01,7.219799999999999829e-02,-4.633360000000000256e-01,-7.693560000000000398e-01,-5.143389999999999906e-01,-1.318149999999999877e-01,9.769999999999999518e-02,3.272140000000000049e-01,-1.063130000000000047e-01,8.372469999999999635e-01,9.769999999999999518e-02,-9.478670000000000151e-01,4.547229999999999883e-01,9.137520000000000087e-01,-1.828180000000000083e-01,-4.307000000000000065e-03,1.143267000000000033e+00,2.507099999999999884e-01,-6.928509999999999946e-01,-3.358280000000000154e-01,7.097390000000000088e-01,4.292210000000000192e-01,1.742049999999999987e-01,3.782179999999999986e-01,-5.530999999999999805e-02,-7.948570000000000357e-01,4.802239999999999842e-01,1.806308999999999942e+00,-1.355893000000000015e+00,-2.375958999999999932e+00,1.015759000000000079e+00,1.219772000000000078e+00,3.527159999999999740e-01,7.352410000000000334e-01,1.997059999999999946e-01,-4.633360000000000256e-01,7.219799999999999829e-02,-1.828180000000000083e-01,-5.530999999999999805e-02,1.092262999999999984e+00,5.822310000000000541e-01,-1.828180000000000083e-01,-3.868309999999999804e-01,2.762109999999999843e-01,2.507099999999999884e-01,-5.530999999999999805e-02,7.219799999999999829e-02,-1.063130000000000047e-01,6.332339999999999636e-01,7.607420000000000293e-01,3.017130000000000090e-01,-2.848249999999999948e-01,-2.083200000000000052e-01,2.762109999999999843e-01,3.527159999999999740e-01,-2.338210000000000011e-01,-8.968639999999999946e-01,4.037189999999999945e-01,9.137520000000000087e-01,3.527159999999999740e-01,7.219799999999999829e-02,2.119499999999999856e-02,3.272140000000000049e-01,9.902570000000000539e-01,-1.024372000000000060e+00,-1.279387999999999970e+00,6.332339999999999636e-01,1.678800999999999988e+00,-3.613299999999999845e-01,-1.406897000000000064e+00,7.862440000000000540e-01,1.143267000000000033e+00,8.627489999999999881e-01,-1.063130000000000047e-01,-4.307000000000000065e-03,-5.143389999999999906e-01,-2.044436999999999838e+00,-3.613299999999999845e-01,2.265338999999999992e+00,1.398282999999999943e+00,1.997059999999999946e-01,2.762109999999999843e-01,1.742049999999999987e-01,-4.123330000000000051e-01,-6.673489999999999700e-01,-4.123330000000000051e-01,-5.398410000000000153e-01,-1.126379000000000019e+00,3.782179999999999986e-01,6.587359999999999882e-01,8.372469999999999635e-01,3.782179999999999986e-01,8.627489999999999881e-01,7.607420000000000293e-01,4.037189999999999945e-01,2.252079999999999915e-01,-4.307000000000000065e-03,-3.103259999999999907e-01,-2.593230000000000257e-01,-2.980800000000000116e-02,2.119499999999999856e-02,4.669600000000000140e-02,1.487030000000000018e-01,1.487030000000000018e-01,4.669600000000000140e-02,8.372469999999999635e-01,2.252079999999999915e-01,-2.338210000000000011e-01,-1.063130000000000047e-01,-1.891428000000000109e+00,6.842369999999999841e-01,1.347280000000000033e+00,6.077320000000000499e-01,1.487030000000000018e-01,-5.398410000000000153e-01,7.219799999999999829e-02,6.077320000000000499e-01,1.245273000000000074e+00,-1.318149999999999877e-01,1.117764999999999898e+00,-1.279387999999999970e+00,-9.478670000000000151e-01,7.862440000000000540e-01,3.272140000000000049e-01,-1.049873999999999974e+00,2.119499999999999856e-02,4.547229999999999883e-01,5.057260000000000089e-01,5.567290000000000294e-01,-5.530999999999999805e-02,-8.081199999999999495e-02,1.997059999999999946e-01,3.527159999999999740e-01,-1.828180000000000083e-01,4.037189999999999945e-01,1.232010000000000050e-01,1.997059999999999946e-01,-8.081199999999999495e-02,-4.888379999999999947e-01,3.017130000000000090e-01,4.037189999999999945e-01,5.312280000000000335e-01,5.057260000000000089e-01,4.292210000000000192e-01,-8.203589999999999494e-01,-5.398410000000000153e-01,5.567290000000000294e-01,9.769999999999999518e-02,-7.438540000000000152e-01,2.252079999999999915e-01,2.010321999999999942e+00,1.857312000000000074e+00,-1.789420999999999928e+00,-3.613299999999999845e-01,1.232010000000000050e-01,-8.713619999999999699e-01,9.647550000000000292e-01,5.822310000000000541e-01,1.194269999999999943e+00,2.252079999999999915e-01,-1.279387999999999970e+00,-4.888379999999999947e-01,8.372469999999999635e-01,1.219772000000000078e+00,-1.024372000000000060e+00,-3.243014000000000063e+00,1.092262999999999984e+00,1.602295999999999943e+00,9.392540000000000333e-01,1.041260000000000074e+00,1.347280000000000033e+00,2.252079999999999915e-01,-1.318149999999999877e-01,-5.143389999999999906e-01,-1.151880000000000015e+00,-5.653430000000000399e-01,1.487030000000000018e-01,1.742049999999999987e-01,5.822310000000000541e-01,7.862440000000000540e-01,4.547229999999999883e-01,2.119499999999999856e-02,-2.980800000000000116e-02,3.272140000000000049e-01,2.252079999999999915e-01,4.037189999999999945e-01,3.527159999999999740e-01,-5.653430000000000399e-01,1.742049999999999987e-01,-1.228385000000000060e+00,-1.828180000000000083e-01,7.862440000000000540e-01,-4.307000000000000065e-03,1.347280000000000033e+00,1.245273000000000074e+00,1.755306000000000033e+00,-1.687415000000000109e+00,-2.120941999999999883e+00,2.507099999999999884e-01,4.802239999999999842e-01,1.117764999999999898e+00,5.057260000000000089e-01,1.487030000000000018e-01,2.252079999999999915e-01,1.487030000000000018e-01,-6.163459999999999495e-01,-1.063130000000000047e-01,7.219799999999999829e-02,2.252079999999999915e-01,9.769999999999999518e-02,-2.083200000000000052e-01,4.292210000000000192e-01,2.762109999999999843e-01,2.252079999999999915e-01,9.769999999999999518e-02,-1.063130000000000047e-01,2.252079999999999915e-01,3.017130000000000090e-01,2.507099999999999884e-01,7.607420000000000293e-01,3.017130000000000090e-01,-3.103259999999999907e-01,-9.988700000000000356e-01,-3.103259999999999907e-01,7.607420000000000293e-01,9.902570000000000539e-01,3.272140000000000049e-01,1.997059999999999946e-01,5.822310000000000541e-01,-3.868309999999999804e-01,-9.478670000000000151e-01,-5.398410000000000153e-01,1.474787999999999988e+00,1.015759000000000079e+00,-1.483402000000000109e+00,-1.381394999999999929e+00,7.862440000000000540e-01,7.607420000000000293e-01,6.587359999999999882e-01,8.117459999999999676e-01,-1.318149999999999877e-01,2.507099999999999884e-01,5.567290000000000294e-01,5.057260000000000089e-01,-1.063130000000000047e-01,-3.103259999999999907e-01,-2.083200000000000052e-01,2.119499999999999856e-02,-2.980800000000000116e-02,4.292210000000000192e-01,4.292210000000000192e-01,-4.633360000000000256e-01,-5.143389999999999906e-01,7.219799999999999829e-02,7.352410000000000334e-01,5.822310000000000541e-01,-4.307000000000000065e-03,-3.103259999999999907e-01,-2.848249999999999948e-01,1.117764999999999898e+00,1.423785000000000078e+00,3.527159999999999740e-01,1.997059999999999946e-01,-5.530999999999999805e-02,-5.530999999999999805e-02,-5.530999999999999805e-02,-5.143389999999999906e-01,-4.888379999999999947e-01,-1.318149999999999877e-01,-2.593230000000000257e-01,1.997059999999999946e-01,6.842369999999999841e-01,4.802239999999999842e-01,-6.418479999999999741e-01,7.219799999999999829e-02,9.137520000000000087e-01,6.332339999999999636e-01,-5.530999999999999805e-02,4.292210000000000192e-01,2.762109999999999843e-01,1.997059999999999946e-01,1.742049999999999987e-01,4.547229999999999883e-01,-3.103259999999999907e-01,-1.483402000000000109e+00,-1.024372000000000060e+00,1.398282999999999943e+00,1.041260000000000074e+00,3.527159999999999740e-01,4.037189999999999945e-01,1.997059999999999946e-01,1.742049999999999987e-01,9.769999999999999518e-02,-1.828180000000000083e-01,-1.318149999999999877e-01,2.119499999999999856e-02,-2.980800000000000116e-02,3.782179999999999986e-01,2.119499999999999856e-02,-2.338210000000000011e-01,6.077320000000000499e-01,-5.530999999999999805e-02,-2.980800000000000116e-02,6.332339999999999636e-01,1.997059999999999946e-01,-3.613299999999999845e-01,5.312280000000000335e-01,5.057260000000000089e-01,-3.868309999999999804e-01,6.332339999999999636e-01,1.219772000000000078e+00,7.219799999999999829e-02,-2.848249999999999948e-01,-5.530999999999999805e-02,2.119499999999999856e-02,-1.177381999999999929e+00,2.119499999999999856e-02,9.647550000000000292e-01,4.802239999999999842e-01,-3.358280000000000154e-01,5.567290000000000294e-01,5.312280000000000335e-01,5.567290000000000294e-01,-1.318149999999999877e-01,-1.573170000000000124e-01,5.057260000000000089e-01,-3.868309999999999804e-01,-5.143389999999999906e-01,2.762109999999999843e-01,6.332339999999999636e-01,4.547229999999999883e-01,3.272140000000000049e-01,-5.530999999999999805e-02,2.252079999999999915e-01,9.769999999999999518e-02,-2.083200000000000052e-01,7.862440000000000540e-01,1.232010000000000050e-01,-6.163459999999999495e-01,-2.848249999999999948e-01,6.332339999999999636e-01,3.527159999999999740e-01,1.997059999999999946e-01,2.252079999999999915e-01,5.567290000000000294e-01,7.219799999999999829e-02,-2.980800000000000116e-02,2.252079999999999915e-01,4.802239999999999842e-01,-5.143389999999999906e-01,-7.948570000000000357e-01,2.507099999999999884e-01,6.332339999999999636e-01,3.527159999999999740e-01,1.742049999999999987e-01,-5.530999999999999805e-02,6.587359999999999882e-01,1.997059999999999946e-01,-1.318149999999999877e-01,-8.081199999999999495e-02,1.194269999999999943e+00,5.312280000000000335e-01,2.252079999999999915e-01,-2.848249999999999948e-01,-6.928509999999999946e-01,-7.438540000000000152e-01,7.862440000000000540e-01,8.117459999999999676e-01,-4.123330000000000051e-01,6.077320000000000499e-01,6.332339999999999636e-01,-1.024372000000000060e+00,2.119499999999999856e-02,3.527159999999999740e-01,4.669600000000000140e-02,1.487030000000000018e-01,7.352410000000000334e-01,6.842369999999999841e-01,7.097390000000000088e-01,3.272140000000000049e-01,5.312280000000000335e-01,1.232010000000000050e-01,-8.968639999999999946e-01,-4.888379999999999947e-01,-8.203589999999999494e-01,-5.908440000000000358e-01,1.321777999999999897e+00,1.245273000000000074e+00,-7.948570000000000357e-01,3.527159999999999740e-01,4.292210000000000192e-01,-1.253886999999999974e+00,4.802239999999999842e-01,7.862440000000000540e-01,4.547229999999999883e-01,4.547229999999999883e-01,3.782179999999999986e-01,-4.307000000000000065e-03,-2.338210000000000011e-01,1.742049999999999987e-01,-1.063130000000000047e-01,1.742049999999999987e-01,-5.530999999999999805e-02,1.232010000000000050e-01,-1.828180000000000083e-01,5.567290000000000294e-01,-6.928509999999999946e-01,-5.908440000000000358e-01,7.352410000000000334e-01,4.037189999999999945e-01,6.842369999999999841e-01,1.194269999999999943e+00,5.822310000000000541e-01,-2.338210000000000011e-01,-1.063130000000000047e-01,-2.848249999999999948e-01,-3.103259999999999907e-01,4.669600000000000140e-02,1.232010000000000050e-01,4.037189999999999945e-01,1.487030000000000018e-01,1.997059999999999946e-01,-5.530999999999999805e-02,-2.593230000000000257e-01,-2.083200000000000052e-01,2.507099999999999884e-01,7.097390000000000088e-01,7.607420000000000293e-01,1.525790999999999897e+00,-8.081199999999999495e-02,-1.432398000000000060e+00,-1.228385000000000060e+00,-2.848249999999999948e-01,4.669600000000000140e-02,6.587359999999999882e-01,9.392540000000000333e-01,4.802239999999999842e-01,5.312280000000000335e-01,4.037189999999999945e-01,1.487030000000000018e-01,3.272140000000000049e-01,-2.338210000000000011e-01,-2.083200000000000052e-01,-2.593230000000000257e-01,-8.081199999999999495e-02,4.802239999999999842e-01,-6.418479999999999741e-01,-6.418479999999999741e-01,9.647550000000000292e-01,6.077320000000000499e-01,4.292210000000000192e-01,3.017130000000000090e-01,3.272140000000000049e-01,3.272140000000000049e-01,3.017130000000000090e-01,2.119499999999999856e-02,-5.143389999999999906e-01,-1.318149999999999877e-01,-6.928509999999999946e-01,-3.358280000000000154e-01,1.194269999999999943e+00,1.627798000000000078e+00,9.647550000000000292e-01,-1.318149999999999877e-01,-1.828180000000000083e-01,1.742049999999999987e-01,-4.307000000000000065e-03,-4.307000000000000065e-03,-2.980800000000000116e-02,-1.063130000000000047e-01,-2.083200000000000052e-01,4.802239999999999842e-01,1.997059999999999946e-01,-5.143389999999999906e-01,-3.103259999999999907e-01,7.219799999999999829e-02,3.272140000000000049e-01,8.117459999999999676e-01,-8.081199999999999495e-02,-8.968639999999999946e-01,9.392540000000000333e-01,9.137520000000000087e-01,1.487030000000000018e-01,-4.307000000000000065e-03,3.782179999999999986e-01,-3.613299999999999845e-01,4.037189999999999945e-01,5.567290000000000294e-01,-3.103259999999999907e-01,-5.530999999999999805e-02,2.762109999999999843e-01,6.332339999999999636e-01,-5.530999999999999805e-02,-9.988700000000000356e-01,-1.573170000000000124e-01,6.332339999999999636e-01,6.077320000000000499e-01,-1.318149999999999877e-01,-1.828180000000000083e-01,3.272140000000000049e-01,3.017130000000000090e-01,2.119499999999999856e-02,1.742049999999999987e-01,7.219799999999999829e-02,6.332339999999999636e-01,-4.307000000000000065e-03,-2.848249999999999948e-01,-8.081199999999999495e-02,-1.573170000000000124e-01,8.882499999999999840e-01,3.527159999999999740e-01,-3.613299999999999845e-01,8.627489999999999881e-01,6.077320000000000499e-01,-5.908440000000000358e-01,7.862440000000000540e-01,2.119499999999999856e-02,-3.358280000000000154e-01,-1.075374999999999970e+00,-6.163459999999999495e-01,8.372469999999999635e-01,8.627489999999999881e-01,1.117764999999999898e+00,2.252079999999999915e-01,1.742049999999999987e-01,1.232010000000000050e-01,-3.613299999999999845e-01,-3.868309999999999804e-01,7.219799999999999829e-02,1.232010000000000050e-01,9.769999999999999518e-02,3.527159999999999740e-01,3.527159999999999740e-01,-2.980800000000000116e-02,-3.358280000000000154e-01,7.219799999999999829e-02,-5.530999999999999805e-02,4.037189999999999945e-01,4.292210000000000192e-01,4.547229999999999883e-01,-5.530999999999999805e-02,-5.143389999999999906e-01,-3.868309999999999804e-01,1.347280000000000033e+00,6.587359999999999882e-01,2.507099999999999884e-01,9.769999999999999518e-02,9.137520000000000087e-01,-5.143389999999999906e-01,-2.222948999999999842e+00,7.352410000000000334e-01,8.372469999999999635e-01,-1.573170000000000124e-01,9.769999999999999518e-02,4.802239999999999842e-01,2.252079999999999915e-01,4.669600000000000140e-02,-1.318149999999999877e-01,4.547229999999999883e-01,3.782179999999999986e-01,1.487030000000000018e-01,5.567290000000000294e-01,-1.318149999999999877e-01,-1.228385000000000060e+00,-2.980800000000000116e-02,2.507099999999999884e-01,2.119499999999999856e-02,7.607420000000000293e-01,7.352410000000000334e-01,6.587359999999999882e-01,1.742049999999999987e-01,-1.585407999999999928e+00,1.997059999999999946e-01,3.782179999999999986e-01,7.607420000000000293e-01,5.312280000000000335e-01,-1.828180000000000083e-01,3.782179999999999986e-01,1.487030000000000018e-01,3.272140000000000049e-01,-6.418479999999999741e-01,-6.928509999999999946e-01,1.041260000000000074e+00,4.802239999999999842e-01,-2.338210000000000011e-01,4.802239999999999842e-01,2.119499999999999856e-02,-1.151880000000000015e+00,5.057260000000000089e-01,5.567290000000000294e-01,7.607420000000000293e-01,3.782179999999999986e-01,2.252079999999999915e-01,3.782179999999999986e-01,-2.338210000000000011e-01,9.769999999999999518e-02,-6.418479999999999741e-01,-2.980800000000000116e-02,5.312280000000000335e-01,3.272140000000000049e-01,2.252079999999999915e-01,3.272140000000000049e-01,-6.418479999999999741e-01,-1.534405000000000019e+00,1.296276999999999902e+00,1.143267000000000033e+00,4.037189999999999945e-01,7.219799999999999829e-02,-2.980800000000000116e-02,5.312280000000000335e-01,3.782179999999999986e-01,1.232010000000000050e-01,2.252079999999999915e-01,-1.063130000000000047e-01,-2.848249999999999948e-01,-2.338210000000000011e-01,-8.081199999999999495e-02,3.782179999999999986e-01,8.627489999999999881e-01,-4.307000000000000065e-03,-1.304890000000000105e+00,-1.828180000000000083e-01,8.882499999999999840e-01,-4.307000000000000065e-03,1.232010000000000050e-01,9.392540000000000333e-01,1.245273000000000074e+00,-6.673489999999999700e-01,2.762109999999999843e-01,2.507099999999999884e-01,-4.307000000000000065e-03,-4.123330000000000051e-01,1.232010000000000050e-01,3.017130000000000090e-01,5.312280000000000335e-01,3.782179999999999986e-01,3.272140000000000049e-01,5.057260000000000089e-01,-8.968639999999999946e-01,2.119499999999999856e-02,6.332339999999999636e-01,5.567290000000000294e-01,-2.848249999999999948e-01,-3.358280000000000154e-01,-2.980800000000000116e-02,7.862440000000000540e-01,7.097390000000000088e-01,-7.183530000000000193e-01,-8.968639999999999946e-01,1.347280000000000033e+00,1.015759000000000079e+00,3.527159999999999740e-01,-8.968639999999999946e-01,2.119499999999999856e-02,5.822310000000000541e-01,3.782179999999999986e-01,2.252079999999999915e-01,-4.888379999999999947e-01,2.119499999999999856e-02,1.997059999999999946e-01,5.567290000000000294e-01,8.882499999999999840e-01,-3.868309999999999804e-01,-1.406897000000000064e+00,5.567290000000000294e-01,9.392540000000000333e-01,3.272140000000000049e-01,7.219799999999999829e-02,1.500289999999999901e+00,-2.848249999999999948e-01,-2.273951999999999973e+00,5.057260000000000089e-01,9.902570000000000539e-01,2.762109999999999843e-01,5.567290000000000294e-01,-4.307000000000000065e-03,-2.083200000000000052e-01,9.769999999999999518e-02,4.292210000000000192e-01,2.252079999999999915e-01,5.312280000000000335e-01,5.057260000000000089e-01,-3.613299999999999845e-01,-4.633360000000000256e-01,2.507099999999999884e-01,1.997059999999999946e-01,7.219799999999999829e-02,-2.980800000000000116e-02,4.292210000000000192e-01,4.802239999999999842e-01,7.219799999999999829e-02,-7.183530000000000193e-01,9.647550000000000292e-01,2.762109999999999843e-01,-2.083200000000000052e-01,-4.307000000000000065e-03,7.219799999999999829e-02,6.077320000000000499e-01,1.041260000000000074e+00,-5.908440000000000358e-01,-3.868309999999999804e-01,-7.183530000000000193e-01,9.647550000000000292e-01,6.332339999999999636e-01,8.882499999999999840e-01,-1.063130000000000047e-01,-7.438540000000000152e-01,-3.613299999999999845e-01,9.137520000000000087e-01,7.862440000000000540e-01,4.292210000000000192e-01,-1.573170000000000124e-01,4.547229999999999883e-01,-4.307000000000000065e-03,-9.988700000000000356e-01,-1.318149999999999877e-01,5.057260000000000089e-01,-3.613299999999999845e-01,9.769999999999999518e-02,1.117764999999999898e+00,5.057260000000000089e-01,9.769999999999999518e-02,4.547229999999999883e-01,-8.081199999999999495e-02,5.057260000000000089e-01,8.117459999999999676e-01,-1.100877000000000105e+00,-1.279387999999999970e+00,5.312280000000000335e-01,9.647550000000000292e-01,4.802239999999999842e-01,2.252079999999999915e-01,-2.848249999999999948e-01,3.017130000000000090e-01,-2.848249999999999948e-01,5.822310000000000541e-01,6.077320000000000499e-01,3.272140000000000049e-01,8.117459999999999676e-01,-4.123330000000000051e-01,-2.452463999999999977e+00,-5.530999999999999805e-02,1.347280000000000033e+00,1.742049999999999987e-01,5.312280000000000335e-01,7.352410000000000334e-01,4.292210000000000192e-01,-2.593230000000000257e-01,1.232010000000000050e-01,8.117459999999999676e-01,3.017130000000000090e-01,1.997059999999999946e-01,2.762109999999999843e-01,7.219799999999999829e-02,-1.304890000000000105e+00,-9.988700000000000356e-01,9.769999999999999518e-02,-4.888379999999999947e-01,7.862440000000000540e-01,1.398282999999999943e+00,1.347280000000000033e+00,5.567290000000000294e-01,9.769999999999999518e-02,-8.081199999999999495e-02,-4.888379999999999947e-01,1.742049999999999987e-01,7.607420000000000293e-01,4.037189999999999945e-01,-1.253886999999999974e+00,-1.814923000000000064e+00,-5.143389999999999906e-01,9.647550000000000292e-01,1.576794999999999947e+00,7.607420000000000293e-01,3.017130000000000090e-01,1.997059999999999946e-01,9.137520000000000087e-01,-1.063130000000000047e-01,-6.163459999999999495e-01,6.332339999999999636e-01,7.352410000000000334e-01,5.312280000000000335e-01,-8.203589999999999494e-01,-1.228385000000000060e+00,2.252079999999999915e-01,-3.103259999999999907e-01,-7.693560000000000398e-01,7.352410000000000334e-01,9.647550000000000292e-01,8.372469999999999635e-01,1.143267000000000033e+00,5.057260000000000089e-01,3.272140000000000049e-01,-8.713619999999999699e-01,-9.223660000000000192e-01,7.219799999999999829e-02,5.312280000000000335e-01,3.782179999999999986e-01,-3.868309999999999804e-01,-6.163459999999999495e-01,-6.163459999999999495e-01,4.292210000000000192e-01,1.347280000000000033e+00,1.487030000000000018e-01,6.077320000000000499e-01,7.607420000000000293e-01,-2.083200000000000052e-01,-4.378349999999999742e-01,-4.307000000000000065e-03,4.802239999999999842e-01,7.097390000000000088e-01,-5.653430000000000399e-01,1.742049999999999987e-01,-2.980800000000000116e-02,-5.530999999999999805e-02,1.232010000000000050e-01,9.137520000000000087e-01,-2.593230000000000257e-01,2.762109999999999843e-01,1.487030000000000018e-01,9.769999999999999518e-02,-1.573170000000000124e-01,3.782179999999999986e-01,2.762109999999999843e-01,7.219799999999999829e-02,1.997059999999999946e-01,1.232010000000000050e-01,2.762109999999999843e-01,2.762109999999999843e-01,-1.573170000000000124e-01,2.507099999999999884e-01,3.272140000000000049e-01,4.802239999999999842e-01,-2.593230000000000257e-01,-2.848249999999999948e-01,1.742049999999999987e-01,-3.868309999999999804e-01,5.567290000000000294e-01,9.647550000000000292e-01,1.232010000000000050e-01,-4.307000000000000065e-03,1.487030000000000018e-01,-3.103259999999999907e-01,4.037189999999999945e-01,1.997059999999999946e-01,8.882499999999999840e-01,9.647550000000000292e-01,-3.613299999999999845e-01,-1.814923000000000064e+00,-5.653430000000000399e-01,3.017130000000000090e-01,5.822310000000000541e-01,6.077320000000000499e-01,4.802239999999999842e-01,8.117459999999999676e-01,5.822310000000000541e-01,-2.338210000000000011e-01,-4.123330000000000051e-01,2.252079999999999915e-01,3.017130000000000090e-01,4.547229999999999883e-01,5.057260000000000089e-01,-2.338210000000000011e-01,-2.083200000000000052e-01,-1.318149999999999877e-01,-1.828180000000000083e-01,3.527159999999999740e-01,4.292210000000000192e-01,3.527159999999999740e-01,2.762109999999999843e-01,2.762109999999999843e-01,7.219799999999999829e-02,6.842369999999999841e-01,1.742049999999999987e-01,-1.100877000000000105e+00,-2.593230000000000257e-01,3.272140000000000049e-01,2.762109999999999843e-01,7.219799999999999829e-02,9.902570000000000539e-01,3.017130000000000090e-01,-1.828180000000000083e-01,5.312280000000000335e-01,-8.081199999999999495e-02,-5.908440000000000358e-01,-2.848249999999999948e-01,7.352410000000000334e-01,3.017130000000000090e-01,1.232010000000000050e-01,3.272140000000000049e-01,4.669600000000000140e-02,-2.848249999999999948e-01,7.097390000000000088e-01,6.587359999999999882e-01,-1.318149999999999877e-01,-6.418479999999999741e-01,1.117764999999999898e+00,3.272140000000000049e-01,-9.988700000000000356e-01,-1.573170000000000124e-01,8.627489999999999881e-01,3.782179999999999986e-01,1.997059999999999946e-01,4.669600000000000140e-02,-2.848249999999999948e-01,-8.203589999999999494e-01,2.507099999999999884e-01,7.352410000000000334e-01,4.802239999999999842e-01,2.119499999999999856e-02,1.015759000000000079e+00,-2.980800000000000116e-02,-1.279387999999999970e+00,3.272140000000000049e-01,7.352410000000000334e-01,9.902570000000000539e-01,-1.636411000000000060e+00,-2.848249999999999948e-01,8.882499999999999840e-01,5.057260000000000089e-01,2.507099999999999884e-01,8.627489999999999881e-01,1.015759000000000079e+00,-2.083200000000000052e-01,-1.508903000000000105e+00,4.292210000000000192e-01,9.902570000000000539e-01,-9.478670000000000151e-01,2.252079999999999915e-01,7.607420000000000293e-01,1.232010000000000050e-01,2.762109999999999843e-01,1.742049999999999987e-01,-3.103259999999999907e-01,-1.202884000000000064e+00,2.762109999999999843e-01,1.219772000000000078e+00,7.862440000000000540e-01,-1.828180000000000083e-01,-6.928509999999999946e-01,-2.083200000000000052e-01,3.782179999999999986e-01,6.332339999999999636e-01,4.802239999999999842e-01,6.077320000000000499e-01,7.352410000000000334e-01,3.272140000000000049e-01,-7.693560000000000398e-01,-2.083200000000000052e-01,1.143267000000000033e+00,7.097390000000000088e-01,-4.888379999999999947e-01,-1.151880000000000015e+00,-1.063130000000000047e-01,5.312280000000000335e-01,1.742049999999999987e-01
3.782179999999999986e-01,1.232010000000000050e-01,7.219799999999999829e-02,1.487030000000000018e-01,1.997059999999999946e-01,-1.063130000000000047e-01,-1.828180000000000083e-01,4.669600000000000140e-02,-5.530999999999999805e-02,1.997059999999999946e-01,3.272140000000000049e-01,3.272140000000000049e-01,4.037189999999999945e-01,1.742049999999999987e-01,9.769999999999999518e-02,-2.980800000000000116e-02,2.119499999999999856e-02,7.219799999999999829e-02,9.769999999999999518e-02,2.252079999999999915e-01,3.527159999999999740e-01,2.762109999999999843e-01,3.272140000000000049e-01,3.272140000000000049e-01,-4.307000000000000065e-03,-1.063130000000000047e-01,-5.530999999999999805e-02,-1.828180000000000083e-01,-3.613299999999999845e-01,9.769999999999999518e-02,7.352410000000000334e-01,6.587359999999999882e-01,7.219799999999999829e-02,-2.980800000000000116e-02,-1.828180000000000083e-01,2.252079999999999915e-01,2.252079999999999915e-01,9.769999999999999518e-02,1.487030000000000018e-01,5.312280000000000335e-01,4.292210000000000192e-01,2.507099999999999884e-01,-8.081199999999999495e-02,-2.083200000000000052e-01,2.119499999999999856e-02,1.997059999999999946e-01,2.252079999999999915e-01,-2.980800000000000116e-02,-2.593230000000000257e-01,-1.063130000000000047e-01,5.822310000000000541e-01,7.352410000000000334e-01,-5.530999999999999805e-02,2.252079999999999915e-01,6.332339999999999636e-01,-4.633360000000000256e-01,-9.223660000000000192e-01,1.742049999999999987e-01,1.041260000000000074e+00,9.392540000000000333e-01,-1.318149999999999877e-01,-3.868309999999999804e-01,-5.530999999999999805e-02,9.902570000000000539e-01,8.882499999999999840e-01,3.272140000000000049e-01,-5.398410000000000153e-01,-8.081199999999999495e-02,1.487030000000000018e-01,-1.828180000000000083e-01,-3.358280000000000154e-01,7.219799999999999829e-02,2.252079999999999915e-01,1.487030000000000018e-01,2.762109999999999843e-01,4.547229999999999883e-01,2.252079999999999915e-01,1.997059999999999946e-01,1.232010000000000050e-01,1.742049999999999987e-01,1.742049999999999987e-01,4.669600000000000140e-02,-3.868309999999999804e-01,5.312280000000000335e-01,7.607420000000000293e-01,7.352410000000000334e-01,-3.103259999999999907e-01,-2.848249999999999948e-01,-6.928509999999999946e-01,9.769999999999999518e-02,3.272140000000000049e-01,-1.573170000000000124e-01,5.057260000000000089e-01,1.296276999999999902e+00,9.392540000000000333e-01,5.567290000000000294e-01,-1.318149999999999877e-01,-1.840424000000000060e+00,-7.693560000000000398e-01,7.862440000000000540e-01,1.066761999999999988e+00,-3.868309999999999804e-01,-9.988700000000000356e-01,3.527159999999999740e-01,9.902570000000000539e-01,8.372469999999999635e-01,-7.438540000000000152e-01,-7.438540000000000152e-01,1.245273000000000074e+00,7.352410000000000334e-01,7.607420000000000293e-01,2.507099999999999884e-01,-1.330392000000000019e+00,3.527159999999999740e-01,3.017130000000000090e-01,-4.633360000000000256e-01,-2.338210000000000011e-01,1.423785000000000078e+00,-2.980800000000000116e-02,-8.203589999999999494e-01,-6.418479999999999741e-01,8.117459999999999676e-01,1.143267000000000033e+00,5.567290000000000294e-01,1.194269999999999943e+00,-1.508903000000000105e+00,-2.069939000000000195e+00,-1.355893000000000015e+00,1.321777999999999897e+00,1.449286000000000074e+00,1.755306000000000033e+00,1.449286000000000074e+00,-4.123330000000000051e-01,-2.083200000000000052e-01,-3.358280000000000154e-01,7.097390000000000088e-01,-1.318149999999999877e-01,3.527159999999999740e-01,7.219799999999999829e-02,-1.636411000000000060e+00,-2.987998000000000154e+00,7.607420000000000293e-01,1.041260000000000074e+00,3.272140000000000049e-01,8.882499999999999840e-01,1.653299000000000074e+00,-2.848249999999999948e-01,4.037189999999999945e-01,1.321777999999999897e+00,8.117459999999999676e-01,-3.166509000000000018e+00,-1.942431000000000019e+00,-1.828180000000000083e-01,2.061326000000000214e+00,5.822310000000000541e-01,1.347280000000000033e+00,9.392540000000000333e-01,6.842369999999999841e-01,1.997059999999999946e-01,1.487030000000000018e-01,-3.103259999999999907e-01,-1.330392000000000019e+00,-2.146443999999999797e+00,1.755306000000000033e+00,2.214335000000000164e+00,1.474787999999999988e+00,4.292210000000000192e-01,-3.472529000000000199e+00,-1.573170000000000124e-01,1.997059999999999946e-01,1.041260000000000074e+00,-4.307000000000000065e-03,2.596859999999999946e+00,3.527159999999999740e-01,-4.110070000000000334e+00,-3.217512999999999845e+00,2.316342000000000123e+00,2.622361000000000164e+00,1.015759000000000079e+00,7.607420000000000293e-01,1.143267000000000033e+00,7.862440000000000540e-01,7.097390000000000088e-01,-1.534405000000000019e+00,-1.253886999999999974e+00,-4.888379999999999947e-01,-3.103259999999999907e-01,-4.307000000000000065e-03,7.607420000000000293e-01,8.882499999999999840e-01,7.862440000000000540e-01,4.802239999999999842e-01,4.292210000000000192e-01,-5.908440000000000358e-01,-4.307000000000000065e-03,-8.203589999999999494e-01,-9.988700000000000356e-01,3.272140000000000049e-01,1.423785000000000078e+00,1.474787999999999988e+00,1.487030000000000018e-01,-1.304890000000000105e+00,1.321777999999999897e+00,-4.307000000000000065e-03,-5.653430000000000399e-01,6.077320000000000499e-01,9.392540000000000333e-01,3.782179999999999986e-01,1.487030000000000018e-01,-2.848249999999999948e-01,-2.338210000000000011e-01,-1.202884000000000064e+00,-7.693560000000000398e-01,1.806308999999999942e+00,6.842369999999999841e-01,-1.024372000000000060e+00,1.296276999999999902e+00,-2.477965000000000195e+00,-1.559906000000000015e+00,1.398282999999999943e+00,1.372781000000000029e+00,1.245273000000000074e+00,1.525790999999999897e+00,1.092262999999999984e+00,7.097390000000000088e-01,-3.103259999999999907e-01,-1.687415000000000109e+00,-8.968639999999999946e-01,-1.828180000000000083e-01,1.347280000000000033e+00,1.245273000000000074e+00,-4.888379999999999947e-01,3.017130000000000090e-01,2.119499999999999856e-02,-1.100877000000000105e+00,-2.477965000000000195e+00,8.372469999999999635e-01,9.902570000000000539e-01,4.547229999999999883e-01,2.877378000000000213e+00,1.270774999999999988e+00,-2.069939000000000195e+00,-2.987998000000000154e+00,3.272140000000000049e-01,2.520354999999999901e+00,1.857312000000000074e+00,7.862440000000000540e-01,-6.418479999999999741e-01,-2.593230000000000257e-01,-1.789420999999999928e+00,-1.942431000000000019e+00,8.372469999999999635e-01,7.862440000000000540e-01,2.928380999999999901e+00,1.908315999999999901e+00,4.292210000000000192e-01,-1.712916000000000105e+00,-4.696607000000000198e+00,1.742049999999999987e-01,4.037189999999999945e-01,2.341844000000000037e+00,2.290840000000000209e+00,-8.081199999999999495e-02,3.782179999999999986e-01,1.487030000000000018e-01,1.232010000000000050e-01,-2.593230000000000257e-01,-2.848249999999999948e-01,-7.693560000000000398e-01,-4.123330000000000051e-01,4.669600000000000140e-02,1.742049999999999987e-01,-4.307000000000000065e-03,9.769999999999999518e-02,7.097390000000000088e-01,2.119499999999999856e-02,1.525790999999999897e+00,5.567290000000000294e-01,-6.928509999999999946e-01,-7.183530000000000193e-01,-1.304890000000000105e+00,8.882499999999999840e-01,1.997059999999999946e-01,-5.530999999999999805e-02,1.908315999999999901e+00,1.296276999999999902e+00,-4.123330000000000051e-01,-2.401460000000000150e+00,-7.693560000000000398e-01,3.782179999999999986e-01,3.361908999999999814e+00,1.015759000000000079e+00,1.755306000000000033e+00,-9.223660000000000192e-01,-1.891428000000000109e+00,-2.083200000000000052e-01,-1.330392000000000019e+00,-4.123330000000000051e-01,1.245273000000000074e+00,1.627798000000000078e+00,-8.081199999999999495e-02,-1.049873999999999974e+00,7.607420000000000293e-01,1.143267000000000033e+00,9.137520000000000087e-01,7.607420000000000293e-01,3.272140000000000049e-01,-1.024372000000000060e+00,-9.733690000000000397e-01,-7.438540000000000152e-01,3.017130000000000090e-01,6.077320000000000499e-01,3.782179999999999986e-01,1.487030000000000018e-01,1.449286000000000074e+00,-3.358280000000000154e-01,1.041260000000000074e+00,2.252079999999999915e-01,-1.508903000000000105e+00,-5.530999999999999805e-02,-8.713619999999999699e-01,-2.528967999999999883e+00,8.117459999999999676e-01,1.755306000000000033e+00,3.782179999999999986e-01,1.831811000000000078e+00,6.332339999999999636e-01,1.908315999999999901e+00,1.296276999999999902e+00,-1.814923000000000064e+00,-1.559906000000000015e+00,-1.432398000000000060e+00,9.902570000000000539e-01,7.607420000000000293e-01,7.352410000000000334e-01,7.097390000000000088e-01,1.232010000000000050e-01,-1.151880000000000015e+00,1.487030000000000018e-01,2.119499999999999856e-02,-1.432398000000000060e+00,9.392540000000000333e-01,1.678800999999999988e+00,-1.318149999999999877e-01,-2.593230000000000257e-01,6.842369999999999841e-01,7.097390000000000088e-01,5.312280000000000335e-01,6.077320000000000499e-01,3.782179999999999986e-01,7.219799999999999829e-02,-6.418479999999999741e-01,-9.478670000000000151e-01,-4.633360000000000256e-01,1.143267000000000033e+00,1.092262999999999984e+00,-5.143389999999999906e-01,-1.355893000000000015e+00,6.077320000000000499e-01,1.742049999999999987e-01,-1.228385000000000060e+00,1.245273000000000074e+00,5.822310000000000541e-01,1.423785000000000078e+00,9.392540000000000333e-01,-4.633360000000000256e-01,6.587359999999999882e-01,1.347280000000000033e+00,-6.163459999999999495e-01,-2.375958999999999932e+00,-5.398410000000000153e-01,7.352410000000000334e-01,7.352410000000000334e-01,-2.120941999999999883e+00,4.547229999999999883e-01,3.527159999999999740e-01,1.627798000000000078e+00,1.143267000000000033e+00,4.037189999999999945e-01,3.272140000000000049e-01,4.802239999999999842e-01,1.232010000000000050e-01,-4.307000000000000065e-03,-2.980800000000000116e-02,2.119499999999999856e-02,2.252079999999999915e-01,-7.948570000000000357e-01,-4.378349999999999742e-01,-2.338210000000000011e-01,2.119499999999999856e-02,1.398282999999999943e+00,1.487030000000000018e-01,4.292210000000000192e-01,7.352410000000000334e-01,1.245273000000000074e+00,7.862440000000000540e-01,8.372469999999999635e-01,-6.456220000000000070e+00,-1.891428000000000109e+00,1.347280000000000033e+00,2.494852999999999987e+00,1.704302999999999901e+00,1.015759000000000079e+00,2.035823999999999856e+00,-1.406897000000000064e+00,-2.083200000000000052e-01,9.769999999999999518e-02,-3.396024000000000154e+00,-1.573170000000000124e-01,1.041260000000000074e+00,1.423785000000000078e+00,1.780807999999999947e+00,1.729803999999999897e+00,-1.100877000000000105e+00,-2.120941999999999883e+00,-8.713619999999999699e-01,1.245273000000000074e+00,1.857312000000000074e+00,-4.123330000000000051e-01,-2.848249999999999948e-01,8.627489999999999881e-01,5.057260000000000089e-01,3.017130000000000090e-01,-1.063130000000000047e-01,-3.868309999999999804e-01,-1.318149999999999877e-01,-9.478670000000000151e-01,1.487030000000000018e-01,7.219799999999999829e-02,1.423785000000000078e+00,2.507099999999999884e-01,1.742049999999999987e-01,1.755306000000000033e+00,-3.868309999999999804e-01,-4.059065999999999619e+00,-8.081199999999999495e-02,-1.024372000000000060e+00,1.500289999999999901e+00,2.367344999999999811e+00,1.653299000000000074e+00,-7.948570000000000357e-01,-1.202884000000000064e+00,1.398282999999999943e+00,3.527159999999999740e-01,7.352410000000000334e-01,6.332339999999999636e-01,9.392540000000000333e-01,-8.713619999999999699e-01,-2.171946000000000154e+00,4.037189999999999945e-01,5.312280000000000335e-01,-9.478670000000000151e-01,-4.123330000000000051e-01,4.037189999999999945e-01,3.017130000000000090e-01,4.669600000000000140e-02,1.755306000000000033e+00,1.704302999999999901e+00,1.143267000000000033e+00,-6.673489999999999700e-01,-1.304890000000000105e+00,-2.593230000000000257e-01,-3.358280000000000154e-01,5.822310000000000541e-01,3.017130000000000090e-01,6.077320000000000499e-01,1.066761999999999988e+00,4.037189999999999945e-01,-2.018936000000000064e+00,-2.962495999999999796e+00,-2.120941999999999883e+00,2.112328999999999901e+00,3.361908999999999814e+00,2.418347999999999942e+00,1.449286000000000074e+00,7.607420000000000293e-01,-1.151880000000000015e+00,-3.103259999999999907e-01,-6.163459999999999495e-01,-1.304890000000000105e+00,7.607420000000000293e-01,-5.530999999999999805e-02,-2.401460000000000150e+00,3.272140000000000049e-01,1.219772000000000078e+00,7.862440000000000540e-01,1.041260000000000074e+00,1.232010000000000050e-01,-8.081199999999999495e-02,-8.713619999999999699e-01,-8.081199999999999495e-02,7.352410000000000334e-01,-5.530999999999999805e-02,-5.530999999999999805e-02,1.882813999999999988e+00,1.627798000000000078e+00,2.035823999999999856e+00,-1.432398000000000060e+00,-2.834988000000000063e+00,-1.661912999999999974e+00,-6.673489999999999700e-01,2.418347999999999942e+00,3.922944999999999904e+00,-2.069939000000000195e+00,-1.789420999999999928e+00,1.041260000000000074e+00,1.117764999999999898e+00,8.372469999999999635e-01,2.119499999999999856e-02,-1.304890000000000105e+00,3.527159999999999740e-01,3.527159999999999740e-01,4.547229999999999883e-01,-8.081199999999999495e-02,-2.848249999999999948e-01,-4.888379999999999947e-01,-2.338210000000000011e-01,4.547229999999999883e-01,3.782179999999999986e-01,4.802239999999999842e-01,1.997059999999999946e-01,3.017130000000000090e-01,5.312280000000000335e-01,-1.828180000000000083e-01,9.769999999999999518e-02,9.392540000000000333e-01,1.500289999999999901e+00,2.119499999999999856e-02,-2.885991000000000195e+00,-2.452463999999999977e+00,4.547229999999999883e-01,1.653299000000000074e+00,5.567290000000000294e-01,4.547229999999999883e-01,1.959319000000000033e+00,3.272140000000000049e-01,-2.197446999999999928e+00,6.842369999999999841e-01,1.270774999999999988e+00,7.352410000000000334e-01,-3.358280000000000154e-01,1.487030000000000018e-01,7.607420000000000293e-01,-1.075374999999999970e+00,-1.177381999999999929e+00,5.822310000000000541e-01,2.762109999999999843e-01,-2.593230000000000257e-01,2.507099999999999884e-01,7.219799999999999829e-02,4.292210000000000192e-01,7.097390000000000088e-01,5.057260000000000089e-01,-4.307000000000000065e-03,2.252079999999999915e-01,-5.530999999999999805e-02,-1.828180000000000083e-01,3.017130000000000090e-01,4.802239999999999842e-01,-2.083200000000000052e-01,7.352410000000000334e-01,9.392540000000000333e-01,5.822310000000000541e-01,-5.530999999999999805e-02,-2.146443999999999797e+00,-1.024372000000000060e+00,1.780807999999999947e+00,5.312280000000000335e-01,-9.478670000000000151e-01,-1.508903000000000105e+00,3.017130000000000090e-01,2.290840000000000209e+00,1.015759000000000079e+00,1.576794999999999947e+00,1.449286000000000074e+00,1.487030000000000018e-01,-1.508903000000000105e+00,-1.279387999999999970e+00,-1.100877000000000105e+00,-2.528967999999999883e+00,1.997059999999999946e-01,1.959319000000000033e+00,-8.968639999999999946e-01,-2.593230000000000257e-01,1.704302999999999901e+00,1.653299000000000074e+00,8.372469999999999635e-01,5.057260000000000089e-01,2.762109999999999843e-01,1.232010000000000050e-01,-2.593230000000000257e-01,-2.848249999999999948e-01,-3.103259999999999907e-01,-6.418479999999999741e-01,-5.143389999999999906e-01,7.219799999999999829e-02,5.057260000000000089e-01,2.252079999999999915e-01,-1.573170000000000124e-01,3.017130000000000090e-01,6.587359999999999882e-01,1.219772000000000078e+00,5.312280000000000335e-01,1.742049999999999987e-01,-7.183530000000000193e-01,-6.418479999999999741e-01,1.933816999999999897e+00,-6.163459999999999495e-01,-5.385150999999999577e+00,1.143267000000000033e+00,1.959319000000000033e+00,2.749870000000000037e+00,2.112328999999999901e+00,7.097390000000000088e-01,-1.432398000000000060e+00,-2.171946000000000154e+00,4.547229999999999883e-01,7.352410000000000334e-01,7.219799999999999829e-02,-1.075374999999999970e+00,-8.458609999999999740e-01,6.332339999999999636e-01,1.232010000000000050e-01,1.041260000000000074e+00,4.292210000000000192e-01,-4.378349999999999742e-01,7.607420000000000293e-01,8.117459999999999676e-01,4.292210000000000192e-01,-2.338210000000000011e-01,-3.868309999999999804e-01,4.802239999999999842e-01,-2.593230000000000257e-01,-5.530999999999999805e-02,-3.358280000000000154e-01,-5.398410000000000153e-01,4.037189999999999945e-01,9.392540000000000333e-01,4.037189999999999945e-01,-2.593230000000000257e-01,-2.593230000000000257e-01,7.607420000000000293e-01,6.587359999999999882e-01,-1.279387999999999970e+00,8.882499999999999840e-01,-2.980800000000000116e-02,3.017130000000000090e-01,-9.733690000000000397e-01,-2.783984999999999932e+00,5.822310000000000541e-01,1.500289999999999901e+00,1.500289999999999901e+00,1.245273000000000074e+00,2.749870000000000037e+00,7.607420000000000293e-01,-1.126379000000000019e+00,-1.573170000000000124e-01,-8.968639999999999946e-01,-1.432398000000000060e+00,5.822310000000000541e-01,7.219799999999999829e-02,3.527159999999999740e-01,6.587359999999999882e-01,6.077320000000000499e-01,4.669600000000000140e-02,-6.163459999999999495e-01,1.487030000000000018e-01,-7.948570000000000357e-01,3.527159999999999740e-01,3.272140000000000049e-01,5.822310000000000541e-01,7.607420000000000293e-01,6.842369999999999841e-01,5.057260000000000089e-01,1.997059999999999946e-01,-1.828180000000000083e-01,4.669600000000000140e-02,1.194269999999999943e+00,-4.123330000000000051e-01,-1.738418000000000019e+00,2.507099999999999884e-01,6.842369999999999841e-01,-5.908440000000000358e-01,6.842369999999999841e-01,1.232010000000000050e-01,-8.203589999999999494e-01,5.567290000000000294e-01,1.168768000000000029e+00,-5.653430000000000399e-01,-7.183530000000000193e-01,6.077320000000000499e-01,1.742049999999999987e-01,1.117764999999999898e+00,4.802239999999999842e-01,1.168768000000000029e+00,1.742049999999999987e-01,-9.733690000000000397e-01,-1.279387999999999970e+00,2.119499999999999856e-02,2.137830000000000119e+00,8.882499999999999840e-01,1.232010000000000050e-01,-2.044436999999999838e+00,-4.307000000000000065e-03,9.137520000000000087e-01,-1.330392000000000019e+00,-1.063130000000000047e-01,6.077320000000000499e-01,7.352410000000000334e-01,-5.530999999999999805e-02,4.802239999999999842e-01,7.352410000000000334e-01,4.802239999999999842e-01,-2.848249999999999948e-01,9.769999999999999518e-02,5.567290000000000294e-01,1.232010000000000050e-01,-1.559906000000000015e+00,-5.653430000000000399e-01,2.622361000000000164e+00,-2.848249999999999948e-01,-3.141007999999999800e+00,2.507099999999999884e-01,1.296276999999999902e+00,2.137830000000000119e+00,2.239837000000000078e+00,-3.613299999999999845e-01,-2.834988000000000063e+00,-1.049873999999999974e+00,5.057260000000000089e-01,2.826375000000000082e+00,1.219772000000000078e+00,-8.458609999999999740e-01,-1.330392000000000019e+00,-5.908440000000000358e-01,-2.848249999999999948e-01,7.219799999999999829e-02,1.015759000000000079e+00,8.882499999999999840e-01,-1.355893000000000015e+00,-8.081199999999999495e-02,-4.888379999999999947e-01,1.474787999999999988e+00,1.321777999999999897e+00,7.352410000000000334e-01,4.802239999999999842e-01,-7.183530000000000193e-01,-7.183530000000000193e-01,-1.828180000000000083e-01,-4.307000000000000065e-03,-2.083200000000000052e-01,1.232010000000000050e-01,2.252079999999999915e-01,2.119499999999999856e-02,3.527159999999999740e-01,1.742049999999999987e-01,-2.083200000000000052e-01,2.252079999999999915e-01,4.037189999999999945e-01,-2.338210000000000011e-01,4.037189999999999945e-01,7.607420000000000293e-01,-2.848249999999999948e-01,1.627798000000000078e+00,1.487030000000000018e-01,-2.146443999999999797e+00,-4.123330000000000051e-01,3.527159999999999740e-01,-1.828180000000000083e-01,8.882499999999999840e-01,1.423785000000000078e+00,1.398282999999999943e+00,3.017130000000000090e-01,-2.083200000000000052e-01,-1.763919000000000015e+00,-5.908440000000000358e-01,6.077320000000000499e-01,-1.573170000000000124e-01,-2.980800000000000116e-02,8.627489999999999881e-01,5.312280000000000335e-01,8.882499999999999840e-01,1.372781000000000029e+00,-3.868309999999999804e-01,3.272140000000000049e-01,-3.358280000000000154e-01,-6.418479999999999741e-01,1.487030000000000018e-01,-3.358280000000000154e-01,-8.458609999999999740e-01,-2.593230000000000257e-01,5.567290000000000294e-01,1.321777999999999897e+00,6.842369999999999841e-01,1.487030000000000018e-01,1.742049999999999987e-01,3.782179999999999986e-01,3.527159999999999740e-01,-1.712916000000000105e+00,3.272140000000000049e-01,4.547229999999999883e-01,9.137520000000000087e-01,-1.573170000000000124e-01,-2.848249999999999948e-01,1.194269999999999943e+00,-4.123330000000000051e-01,-8.713619999999999699e-01,7.352410000000000334e-01,6.077320000000000499e-01,8.372469999999999635e-01,1.347280000000000033e+00,2.119499999999999856e-02,3.017130000000000090e-01,-9.988700000000000356e-01,-1.049873999999999974e+00,9.769999999999999518e-02,-3.613299999999999845e-01,7.607420000000000293e-01,7.862440000000000540e-01,5.567290000000000294e-01,-1.828180000000000083e-01,-6.163459999999999495e-01,1.041260000000000074e+00,-2.593230000000000257e-01,-3.868309999999999804e-01,7.219799999999999829e-02,1.066761999999999988e+00,1.041260000000000074e+00,7.352410000000000334e-01,7.219799999999999829e-02,2.762109999999999843e-01,-4.307000000000000065e-03,-7.438540000000000152e-01,-4.378349999999999742e-01,9.769999999999999518e-02,4.292210000000000192e-01,7.862440000000000540e-01,3.017130000000000090e-01,5.822310000000000541e-01,-2.222948999999999842e+00,-1.228385000000000060e+00,1.296276999999999902e+00,1.780807999999999947e+00,3.017130000000000090e-01,9.769999999999999518e-02,-4.633360000000000256e-01,4.037189999999999945e-01,1.474787999999999988e+00,-5.530999999999999805e-02,-2.018936000000000064e+00,5.057260000000000089e-01,1.245273000000000074e+00,-1.508903000000000105e+00,3.782179999999999986e-01,-1.573170000000000124e-01,1.143267000000000033e+00,6.842369999999999841e-01,1.487030000000000018e-01,2.507099999999999884e-01,1.997059999999999946e-01,2.252079999999999915e-01,4.669600000000000140e-02,-5.653430000000000399e-01,1.232010000000000050e-01,-2.593230000000000257e-01,5.057260000000000089e-01,7.607420000000000293e-01,7.352410000000000334e-01,-8.203589999999999494e-01,-9.223660000000000192e-01,-7.438540000000000152e-01,4.292210000000000192e-01,1.041260000000000074e+00,1.551293000000000033e+00,1.194269999999999943e+00,-2.083200000000000052e-01,-3.358280000000000154e-01,-9.733690000000000397e-01,1.245273000000000074e+00,-4.888379999999999947e-01,-5.398410000000000153e-01,2.252079999999999915e-01,8.372469999999999635e-01,2.119499999999999856e-02,3.782179999999999986e-01,-2.083200000000000052e-01,2.119499999999999856e-02,3.272140000000000049e-01,5.057260000000000089e-01,3.017130000000000090e-01,-5.398410000000000153e-01,3.017130000000000090e-01,-5.530999999999999805e-02,-8.081199999999999495e-02,4.292210000000000192e-01,2.507099999999999884e-01,-6.418479999999999741e-01,5.312280000000000335e-01,5.312280000000000335e-01,3.272140000000000049e-01,2.762109999999999843e-01,-1.573170000000000124e-01,1.487030000000000018e-01,7.607420000000000293e-01,-1.573170000000000124e-01,-3.868309999999999804e-01,-4.307000000000000065e-03,4.547229999999999883e-01,-1.177381999999999929e+00,7.607420000000000293e-01,1.270774999999999988e+00,3.272140000000000049e-01,-6.163459999999999495e-01,-5.908440000000000358e-01,3.017130000000000090e-01,7.097390000000000088e-01,5.312280000000000335e-01,1.296276999999999902e+00,-9.478670000000000151e-01,-2.044436999999999838e+00,1.143267000000000033e+00,5.822310000000000541e-01,-4.888379999999999947e-01,7.607420000000000293e-01,1.296276999999999902e+00,5.057260000000000089e-01,1.997059999999999946e-01,4.669600000000000140e-02,-5.530999999999999805e-02,-3.358280000000000154e-01,-3.358280000000000154e-01,4.292210000000000192e-01,2.252079999999999915e-01,3.527159999999999740e-01,-2.848249999999999948e-01,-3.358280000000000154e-01,2.252079999999999915e-01,-6.928509999999999946e-01,-4.633360000000000256e-01,1.423785000000000078e+00,-5.398410000000000153e-01,-6.163459999999999495e-01,8.627489999999999881e-01,1.398282999999999943e+00,1.232010000000000050e-01,-1.063130000000000047e-01,-4.123330000000000051e-01,4.802239999999999842e-01,1.245273000000000074e+00,7.862440000000000540e-01,1.398282999999999943e+00,-6.163459999999999495e-01,-8.458609999999999740e-01,-4.123330000000000051e-01,-3.103259999999999907e-01,9.392540000000000333e-01,-4.378349999999999742e-01,-1.432398000000000060e+00,6.842369999999999841e-01,7.607420000000000293e-01,5.822310000000000541e-01,6.077320000000000499e-01,8.117459999999999676e-01,9.902570000000000539e-01,-1.063130000000000047e-01,-1.381394999999999929e+00,-9.988700000000000356e-01,4.802239999999999842e-01,-2.593230000000000257e-01,1.066761999999999988e+00,8.882499999999999840e-01,2.762109999999999843e-01,1.487030000000000018e-01,2.507099999999999884e-01,4.802239999999999842e-01,1.997059999999999946e-01,2.119499999999999856e-02,-5.530999999999999805e-02,-1.828180000000000083e-01,-1.075374999999999970e+00,3.017130000000000090e-01,-2.338210000000000011e-01,4.292210000000000192e-01,5.312280000000000335e-01,8.627489999999999881e-01,9.902570000000000539e-01,-3.868309999999999804e-01,-1.126379000000000019e+00,2.252079999999999915e-01,3.782179999999999986e-01,1.245273000000000074e+00,6.842369999999999841e-01,-2.848249999999999948e-01,-2.338210000000000011e-01,5.567290000000000294e-01,-2.848249999999999948e-01,4.547229999999999883e-01,3.272140000000000049e-01,4.802239999999999842e-01,-7.183530000000000193e-01,-2.083200000000000052e-01,9.769999999999999518e-02,5.312280000000000335e-01,3.017130000000000090e-01,2.507099999999999884e-01,-2.083200000000000052e-01,-3.103259999999999907e-01,-4.307000000000000065e-03,2.762109999999999843e-01,5.057260000000000089e-01,-1.063130000000000047e-01,3.272140000000000049e-01,5.312280000000000335e-01,3.272140000000000049e-01,7.219799999999999829e-02,4.802239999999999842e-01,1.066761999999999988e+00,-1.063130000000000047e-01,-4.888379999999999947e-01,-2.848249999999999948e-01,-2.338210000000000011e-01,1.997059999999999946e-01,1.500289999999999901e+00,5.312280000000000335e-01,-1.202884000000000064e+00,4.669600000000000140e-02,2.252079999999999915e-01,2.507099999999999884e-01,9.647550000000000292e-01,7.352410000000000334e-01,-6.928509999999999946e-01,4.292210000000000192e-01,4.547229999999999883e-01,-2.338210000000000011e-01,-9.478670000000000151e-01,8.117459999999999676e-01,4.802239999999999842e-01,1.487030000000000018e-01,7.219799999999999829e-02,-1.828180000000000083e-01,-2.980800000000000116e-02,4.292210000000000192e-01,-4.307000000000000065e-03,5.567290000000000294e-01,7.097390000000000088e-01,-1.318149999999999877e-01,3.782179999999999986e-01,2.507099999999999884e-01,-5.398410000000000153e-01,3.272140000000000049e-01,4.292210000000000192e-01,-1.610910000000000064e+00,-2.630974999999999842e+00,5.822310000000000541e-01,1.627798000000000078e+00,2.418347999999999942e+00,1.398282999999999943e+00,2.762109999999999843e-01,6.332339999999999636e-01,-3.358280000000000154e-01,-9.223660000000000192e-01,2.119499999999999856e-02,-4.378349999999999742e-01,5.057260000000000089e-01,7.862440000000000540e-01,-1.228385000000000060e+00,-8.203589999999999494e-01,4.802239999999999842e-01,-6.418479999999999741e-01,5.057260000000000089e-01,9.902570000000000539e-01,7.607420000000000293e-01,8.882499999999999840e-01,1.232010000000000050e-01,-3.868309999999999804e-01,3.527159999999999740e-01,6.077320000000000499e-01,4.292210000000000192e-01,-1.177381999999999929e+00,-6.418479999999999741e-01,-4.888379999999999947e-01,3.272140000000000049e-01,5.822310000000000541e-01,7.862440000000000540e-01,8.882499999999999840e-01,4.802239999999999842e-01,1.742049999999999987e-01,3.272140000000000049e-01,4.547229999999999883e-01,-1.687415000000000109e+00,-1.024372000000000060e+00,4.037189999999999945e-01,8.117459999999999676e-01,6.332339999999999636e-01,-2.593230000000000257e-01,6.332339999999999636e-01,-4.633360000000000256e-01,-5.908440000000000358e-01,1.474787999999999988e+00,1.500289999999999901e+00,-1.355893000000000015e+00,-2.426962000000000064e+00,2.163332000000000033e+00,1.576794999999999947e+00,-3.103259999999999907e-01,-7.438540000000000152e-01,-2.980800000000000116e-02,-8.081199999999999495e-02,3.272140000000000049e-01,2.252079999999999915e-01,2.252079999999999915e-01,5.057260000000000089e-01,-3.358280000000000154e-01,1.487030000000000018e-01,2.507099999999999884e-01,5.822310000000000541e-01,2.252079999999999915e-01,-4.307000000000000065e-03,-1.318149999999999877e-01,1.997059999999999946e-01,1.232010000000000050e-01,7.352410000000000334e-01,-1.177381999999999929e+00,-9.223660000000000192e-01,5.822310000000000541e-01,1.194269999999999943e+00,7.352410000000000334e-01,3.272140000000000049e-01,1.219772000000000078e+00,7.219799999999999829e-02,-1.151880000000000015e+00,7.219799999999999829e-02,4.037189999999999945e-01,7.097390000000000088e-01,6.077320000000000499e-01,-1.330392000000000019e+00,-8.081199999999999495e-02,2.252079999999999915e-01,6.077320000000000499e-01,3.527159999999999740e-01,-6.163459999999999495e-01,6.332339999999999636e-01,7.097390000000000088e-01,1.742049999999999987e-01,1.742049999999999987e-01,6.332339999999999636e-01,9.769999999999999518e-02,-2.338210000000000011e-01,-4.307000000000000065e-03,-6.928509999999999946e-01,4.037189999999999945e-01,-4.123330000000000051e-01,-1.355893000000000015e+00,3.017130000000000090e-01,1.857312000000000074e+00,1.066761999999999988e+00,6.587359999999999882e-01,3.017130000000000090e-01,-1.063130000000000047e-01,-2.980800000000000116e-02,-1.828180000000000083e-01,-2.083200000000000052e-01,-8.081199999999999495e-02,4.669600000000000140e-02,1.487030000000000018e-01,1.487030000000000018e-01,9.769999999999999518e-02,-1.318149999999999877e-01,1.997059999999999946e-01,6.842369999999999841e-01,6.842369999999999841e-01,-1.828180000000000083e-01,7.219799999999999829e-02,7.219799999999999829e-02,7.219799999999999829e-02,1.997059999999999946e-01,1.487030000000000018e-01,9.769999999999999518e-02,-6.418479999999999741e-01,1.232010000000000050e-01,1.321777999999999897e+00,4.037189999999999945e-01,-2.936995000000000022e+00,-4.888379999999999947e-01,1.347280000000000033e+00,1.653299000000000074e+00,1.245273000000000074e+00,9.392540000000000333e-01,-2.980800000000000116e-02,1.997059999999999946e-01,-2.083200000000000052e-01,-5.653430000000000399e-01,-4.378349999999999742e-01,-2.083200000000000052e-01,-1.828180000000000083e-01,-1.063130000000000047e-01,-2.083200000000000052e-01,-2.593230000000000257e-01,4.037189999999999945e-01,7.352410000000000334e-01,1.015759000000000079e+00,1.487030000000000018e-01,3.782179999999999986e-01,5.822310000000000541e-01,1.066761999999999988e+00,-5.653430000000000399e-01,-3.115505999999999887e+00,-4.123330000000000051e-01,1.780807999999999947e+00,1.347280000000000033e+00,2.252079999999999915e-01,1.997059999999999946e-01,-1.063130000000000047e-01,-4.633360000000000256e-01,7.607420000000000293e-01,8.117459999999999676e-01,-2.848249999999999948e-01,-1.381394999999999929e+00,-1.865925999999999974e+00,7.352410000000000334e-01,1.525790999999999897e+00,1.449286000000000074e+00,1.194269999999999943e+00,-3.868309999999999804e-01,4.669600000000000140e-02,-3.103259999999999907e-01,-3.613299999999999845e-01,2.762109999999999843e-01,6.077320000000000499e-01,-5.143389999999999906e-01,-6.673489999999999700e-01,1.487030000000000018e-01,8.627489999999999881e-01,-1.049873999999999974e+00,-1.738418000000000019e+00,1.653299000000000074e+00,-8.081199999999999495e-02,4.037189999999999945e-01,7.352410000000000334e-01,2.252079999999999915e-01,9.647550000000000292e-01,9.647550000000000292e-01,6.842369999999999841e-01,5.057260000000000089e-01,3.272140000000000049e-01,-1.330392000000000019e+00,4.292210000000000192e-01,-6.673489999999999700e-01,-1.075374999999999970e+00,1.041260000000000074e+00,1.997059999999999946e-01,-1.712916000000000105e+00,2.507099999999999884e-01,1.015759000000000079e+00,7.607420000000000293e-01,8.627489999999999881e-01,5.312280000000000335e-01,4.802239999999999842e-01,-3.868309999999999804e-01,-8.458609999999999740e-01,4.292210000000000192e-01,3.527159999999999740e-01,-8.968639999999999946e-01,9.769999999999999518e-02,4.547229999999999883e-01,5.822310000000000541e-01,8.372469999999999635e-01,1.487030000000000018e-01,-3.358280000000000154e-01,5.822310000000000541e-01,8.627489999999999881e-01,-9.478670000000000151e-01,-1.177381999999999929e+00,1.742049999999999987e-01,7.352410000000000334e-01,8.627489999999999881e-01,-6.418479999999999741e-01,-6.673489999999999700e-01,7.352410000000000334e-01,1.117764999999999898e+00,8.117459999999999676e-01,1.066761999999999988e+00,-1.828180000000000083e-01,-6.928509999999999946e-01,-4.123330000000000051e-01,-4.307000000000000065e-03,-3.868309999999999804e-01,-1.828180000000000083e-01,3.527159999999999740e-01,1.143267000000000033e+00,1.232010000000000050e-01,-1.151880000000000015e+00,-1.814923000000000064e+00,9.647550000000000292e-01,1.372781000000000029e+00,8.882499999999999840e-01,2.507099999999999884e-01,2.762109999999999843e-01,2.762109999999999843e-01,-4.307000000000000065e-03,-2.848249999999999948e-01,-7.183530000000000193e-01,1.742049999999999987e-01,3.782179999999999986e-01,5.057260000000000089e-01,4.292210000000000192e-01,-2.980800000000000116e-02,-3.103259999999999907e-01,-3.103259999999999907e-01,-7.693560000000000398e-01,4.547229999999999883e-01,1.041260000000000074e+00,-4.307000000000000065e-03,-2.980800000000000116e-02,1.500289999999999901e+00,6.332339999999999636e-01,-1.483402000000000109e+00,3.017130000000000090e-01,4.547229999999999883e-01,-8.968639999999999946e-01,-9.478670000000000151e-01,1.015759000000000079e+00,8.627489999999999881e-01,3.017130000000000090e-01,7.352410000000000334e-01,-2.848249999999999948e-01,9.769999999999999518e-02,2.252079999999999915e-01,-1.828180000000000083e-01,7.219799999999999829e-02,1.997059999999999946e-01,1.997059999999999946e-01,4.292210000000000192e-01,5.567290000000000294e-01,-8.081199999999999495e-02,-5.653430000000000399e-01,-1.063130000000000047e-01,5.822310000000000541e-01,-5.530999999999999805e-02,1.232010000000000050e-01,4.802239999999999842e-01,-2.848249999999999948e-01,-1.573170000000000124e-01,3.017130000000000090e-01,1.194269999999999943e+00,3.527159999999999740e-01,-6.163459999999999495e-01,-6.163459999999999495e-01,-1.063130000000000047e-01,2.507099999999999884e-01,4.547229999999999883e-01,9.769999999999999518e-02,6.842369999999999841e-01,1.270774999999999988e+00,5.312280000000000335e-01,-1.610910000000000064e+00,-6.163459999999999495e-01,5.567290000000000294e-01,6.842369999999999841e-01,7.219799999999999829e-02,-3.868309999999999804e-01,8.117459999999999676e-01,1.015759000000000079e+00,3.272140000000000049e-01,-3.613299999999999845e-01,-7.693560000000000398e-01,8.117459999999999676e-01,-1.151880000000000015e+00,4.037189999999999945e-01,6.332339999999999636e-01,5.057260000000000089e-01,-5.530999999999999805e-02,-1.573170000000000124e-01,-8.081199999999999495e-02,7.097390000000000088e-01,8.372469999999999635e-01,5.822310000000000541e-01,3.527159999999999740e-01,-2.083200000000000052e-01,-2.083200000000000052e-01,2.252079999999999915e-01,-2.083200000000000052e-01,-1.304890000000000105e+00,-8.081199999999999495e-02,8.372469999999999635e-01,-1.573170000000000124e-01,1.997059999999999946e-01,1.092262999999999984e+00,-4.888379999999999947e-01,-4.888379999999999947e-01,1.168768000000000029e+00,1.194269999999999943e+00,3.017130000000000090e-01,4.669600000000000140e-02,4.669600000000000140e-02,4.669600000000000140e-02,7.219799999999999829e-02,4.669600000000000140e-02,-7.183530000000000193e-01,-1.355893000000000015e+00,2.119499999999999856e-02,-4.307000000000000065e-03,1.194269999999999943e+00,1.219772000000000078e+00,4.802239999999999842e-01,3.527159999999999740e-01,-4.307000000000000065e-03,-2.338210000000000011e-01,1.066761999999999988e+00,7.097390000000000088e-01,-2.171946000000000154e+00,-1.049873999999999974e+00,3.272140000000000049e-01,1.219772000000000078e+00,1.449286000000000074e+00,-8.968639999999999946e-01,-2.980800000000000116e-02,-7.438540000000000152e-01,-1.573170000000000124e-01,1.423785000000000078e+00,8.117459999999999676e-01,5.057260000000000089e-01,7.219799999999999829e-02,9.769999999999999518e-02,1.997059999999999946e-01,4.669600000000000140e-02,-8.081199999999999495e-02,-3.358280000000000154e-01,-2.338210000000000011e-01,-1.828180000000000083e-01,2.762109999999999843e-01,1.487030000000000018e-01,-2.338210000000000011e-01,3.782179999999999986e-01,1.500289999999999901e+00,-1.508903000000000105e+00,-5.653430000000000399e-01,7.607420000000000293e-01,-2.848249999999999948e-01,1.576794999999999947e+00,1.194269999999999943e+00,-4.888379999999999947e-01,-1.610910000000000064e+00,-8.081199999999999495e-02,1.041260000000000074e+00,9.392540000000000333e-01,9.392540000000000333e-01,1.487030000000000018e-01,-4.307000000000000065e-03,-1.063130000000000047e-01,2.762109999999999843e-01,-4.378349999999999742e-01,-1.457899999999999974e+00,9.769999999999999518e-02,9.902570000000000539e-01,1.117764999999999898e+00,3.782179999999999986e-01,-6.418479999999999741e-01,-1.457899999999999974e+00,2.762109999999999843e-01,1.168768000000000029e+00,4.802239999999999842e-01,-2.848249999999999948e-01,4.292210000000000192e-01,1.245273000000000074e+00,-6.418479999999999741e-01,7.607420000000000293e-01,3.272140000000000049e-01,-8.203589999999999494e-01,-2.848249999999999948e-01,7.219799999999999829e-02,3.527159999999999740e-01,-5.530999999999999805e-02,2.507099999999999884e-01,8.627489999999999881e-01,9.137520000000000087e-01,-4.123330000000000051e-01,-8.458609999999999740e-01,-5.908440000000000358e-01,3.782179999999999986e-01,1.143267000000000033e+00,4.802239999999999842e-01,1.487030000000000018e-01,2.762109999999999843e-01,8.372469999999999635e-01,1.347280000000000033e+00,-6.418479999999999741e-01,-2.426962000000000064e+00,-1.457899999999999974e+00,6.077320000000000499e-01,1.245273000000000074e+00,-5.530999999999999805e-02,1.321777999999999897e+00,1.704302999999999901e+00,8.372469999999999635e-01,-5.398410000000000153e-01,-1.202884000000000064e+00,-2.593230000000000257e-01,4.037189999999999945e-01,7.862440000000000540e-01,-1.318149999999999877e-01,-6.673489999999999700e-01,5.057260000000000089e-01,6.842369999999999841e-01,2.507099999999999884e-01,-2.083200000000000052e-01,-4.888379999999999947e-01,4.547229999999999883e-01,-1.304890000000000105e+00,3.272140000000000049e-01,7.352410000000000334e-01,7.862440000000000540e-01,7.352410000000000334e-01,9.392540000000000333e-01,4.292210000000000192e-01,-1.063130000000000047e-01,-8.081199999999999495e-02,-4.378349999999999742e-01,-4.123330000000000051e-01,4.037189999999999945e-01,5.822310000000000541e-01,-1.063130000000000047e-01,2.507099999999999884e-01,-5.908440000000000358e-01,-3.358280000000000154e-01,4.547229999999999883e-01,7.219799999999999829e-02,-4.307000000000000065e-03,1.041260000000000074e+00,1.194269999999999943e+00,4.547229999999999883e-01,-4.633360000000000256e-01,-1.610910000000000064e+00,5.567290000000000294e-01,-2.338210000000000011e-01,9.137520000000000087e-01,9.392540000000000333e-01,4.037189999999999945e-01,1.742049999999999987e-01,-2.338210000000000011e-01,5.312280000000000335e-01,-2.848249999999999948e-01,-4.888379999999999947e-01,3.017130000000000090e-01,5.312280000000000335e-01,2.119499999999999856e-02,8.627489999999999881e-01,4.292210000000000192e-01,-1.228385000000000060e+00,-9.223660000000000192e-01,5.567290000000000294e-01,6.587359999999999882e-01,-7.438540000000000152e-01,1.232010000000000050e-01,7.862440000000000540e-01,9.392540000000000333e-01,-1.573170000000000124e-01,1.041260000000000074e+00,1.627798000000000078e+00,7.862440000000000540e-01,-1.228385000000000060e+00,-1.763919000000000015e+00,3.272140000000000049e-01,2.507099999999999884e-01,9.769999999999999518e-02,6.332339999999999636e-01,1.015759000000000079e+00,1.232010000000000050e-01,-5.143389999999999906e-01,-2.732981999999999800e+00,1.117764999999999898e+00,7.607420000000000293e-01,7.352410000000000334e-01,1.449286000000000074e+00,4.037189999999999945e-01,-1.177381999999999929e+00,3.017130000000000090e-01,1.551293000000000033e+00,-7.948570000000000357e-01,-5.530999999999999805e-02,-5.530999999999999805e-02,-2.083200000000000052e-01,1.997059999999999946e-01,1.742049999999999987e-01,6.332339999999999636e-01,1.066761999999999988e+00,-5.143389999999999906e-01,-1.763919000000000015e+00,4.037189999999999945e-01,8.372469999999999635e-01,7.862440000000000540e-01,7.097390000000000088e-01,-8.081199999999999495e-02,1.232010000000000050e-01,3.527159999999999740e-01,-2.980800000000000116e-02,3.782179999999999986e-01,1.487030000000000018e-01,-1.330392000000000019e+00,7.219799999999999829e-02,1.398282999999999943e+00,2.507099999999999884e-01,-5.530999999999999805e-02,5.312280000000000335e-01,1.997059999999999946e-01,-1.318149999999999877e-01,8.882499999999999840e-01,5.057260000000000089e-01,-7.693560000000000398e-01,3.527159999999999740e-01,1.194269999999999943e+00,-2.044436999999999838e+00,-2.120941999999999883e+00,-1.318149999999999877e-01,9.392540000000000333e-01,1.780807999999999947e+00,1.194269999999999943e+00,7.352410000000000334e-01,1.997059999999999946e-01,-4.307000000000000065e-03,-5.530999999999999805e-02,-3.358280000000000154e-01,-2.980800000000000116e-02,1.780807999999999947e+00,4.292210000000000192e-01,-1.406897000000000064e+00,-2.069939000000000195e+00,3.782179999999999986e-01,4.292210000000000192e-01,-7.183530000000000193e-01,6.077320000000000499e-01,8.117459999999999676e-01,7.097390000000000088e-01,4.292210000000000192e-01,5.312280000000000335e-01,1.143267000000000033e+00,3.272140000000000049e-01,-1.661912999999999974e+00,6.587359999999999882e-01,6.332339999999999636e-01,-7.183530000000000193e-01,-4.378349999999999742e-01,5.312280000000000335e-01,8.372469999999999635e-01,4.547229999999999883e-01,9.769999999999999518e-02,4.292210000000000192e-01,2.252079999999999915e-01,-4.307000000000000065e-03,-6.928509999999999946e-01,-2.980800000000000116e-02,6.587359999999999882e-01,1.487030000000000018e-01,-6.163459999999999495e-01,1.487030000000000018e-01,4.669600000000000140e-02,3.527159999999999740e-01,-4.123330000000000051e-01,9.769999999999999518e-02,8.372469999999999635e-01,-8.458609999999999740e-01,4.037189999999999945e-01,7.352410000000000334e-01,8.372469999999999635e-01,4.802239999999999842e-01,9.769999999999999518e-02,1.742049999999999987e-01,1.232010000000000050e-01,-1.063130000000000047e-01,-8.081199999999999495e-02,2.252079999999999915e-01,5.057260000000000089e-01,-3.358280000000000154e-01,-9.223660000000000192e-01,-3.358280000000000154e-01,7.352410000000000334e-01,7.219799999999999829e-02,5.057260000000000089e-01,4.037189999999999945e-01,-2.848249999999999948e-01,5.822310000000000541e-01,5.057260000000000089e-01,9.902570000000000539e-01,1.270774999999999988e+00,-5.653430000000000399e-01,-2.299453999999999887e+00,-5.398410000000000153e-01,1.729803999999999897e+00,1.602295999999999943e+00,7.352410000000000334e-01,-8.081199999999999495e-02,-1.228385000000000060e+00,-1.828180000000000083e-01,-2.980800000000000116e-02,7.352410000000000334e-01,2.252079999999999915e-01,1.997059999999999946e-01,4.037189999999999945e-01,9.902570000000000539e-01,2.252079999999999915e-01,-1.063130000000000047e-01,-6.418479999999999741e-01,-2.324955000000000105e+00,7.352410000000000334e-01,1.041260000000000074e+00,9.902570000000000539e-01,5.567290000000000294e-01,1.487030000000000018e-01,7.607420000000000293e-01,3.272140000000000049e-01,-2.980800000000000116e-02,-3.103259999999999907e-01,-5.398410000000000153e-01,-1.100877000000000105e+00,4.037189999999999945e-01,7.097390000000000088e-01,4.547229999999999883e-01,4.037189999999999945e-01,4.292210000000000192e-01,2.762109999999999843e-01,3.272140000000000049e-01,1.997059999999999946e-01,-1.573170000000000124e-01,-3.103259999999999907e-01,2.507099999999999884e-01,1.232010000000000050e-01,1.997059999999999946e-01,2.762109999999999843e-01,-2.083200000000000052e-01,-4.888379999999999947e-01,3.272140000000000049e-01,-1.828180000000000083e-01,1.997059999999999946e-01,1.908315999999999901e+00,4.669600000000000140e-02,-1.228385000000000060e+00,-1.063130000000000047e-01,1.296276999999999902e+00,1.041260000000000074e+00,1.742049999999999987e-01,1.487030000000000018e-01,2.252079999999999915e-01,9.769999999999999518e-02,-3.868309999999999804e-01,1.232010000000000050e-01,-5.653430000000000399e-01,2.119499999999999856e-02,4.802239999999999842e-01,6.077320000000000499e-01,-2.980800000000000116e-02,-5.908440000000000358e-01,3.272140000000000049e-01,3.272140000000000049e-01,-6.418479999999999741e-01,-1.318149999999999877e-01,2.119499999999999856e-02,6.332339999999999636e-01,7.607420000000000293e-01,2.507099999999999884e-01,8.627489999999999881e-01,2.762109999999999843e-01,-7.438540000000000152e-01,4.547229999999999883e-01,1.168768000000000029e+00,-2.848249999999999948e-01,-5.908440000000000358e-01,7.862440000000000540e-01,-4.307000000000000065e-03,-1.661912999999999974e+00,-3.358280000000000154e-01,3.527159999999999740e-01,6.587359999999999882e-01,5.312280000000000335e-01,8.882499999999999840e-01,6.587359999999999882e-01,-4.633360000000000256e-01,9.769999999999999518e-02,1.487030000000000018e-01,1.232010000000000050e-01,6.842369999999999841e-01,2.762109999999999843e-01,-4.378349999999999742e-01,-1.063130000000000047e-01,-2.083200000000000052e-01,9.137520000000000087e-01,3.527159999999999740e-01,5.822310000000000541e-01,-1.318149999999999877e-01,-3.358280000000000154e-01,-4.888379999999999947e-01,2.252079999999999915e-01,-3.868309999999999804e-01,6.332339999999999636e-01,7.097390000000000088e-01,1.232010000000000050e-01,4.037189999999999945e-01,4.037189999999999945e-01,2.119499999999999856e-02,-8.081199999999999495e-02,3.782179999999999986e-01,-2.338210000000000011e-01,-4.888379999999999947e-01,4.292210000000000192e-01,-2.980800000000000116e-02,3.782179999999999986e-01,7.097390000000000088e-01,-3.868309999999999804e-01,-4.633360000000000256e-01,4.037189999999999945e-01,9.769999999999999518e-02,3.017130000000000090e-01,6.332339999999999636e-01,5.312280000000000335e-01,7.862440000000000540e-01,-8.203589999999999494e-01,2.507099999999999884e-01,2.762109999999999843e-01,-1.126379000000000019e+00,1.232010000000000050e-01,-3.868309999999999804e-01,6.332339999999999636e-01,1.015759000000000079e+00,4.547229999999999883e-01,3.527159999999999740e-01,-3.868309999999999804e-01,-4.633360000000000256e-01,2.252079999999999915e-01,6.332339999999999636e-01,-5.653430000000000399e-01,-2.980800000000000116e-02,1.066761999999999988e+00,5.312280000000000335e-01,1.232010000000000050e-01,-6.673489999999999700e-01,2.507099999999999884e-01,5.822310000000000541e-01,4.802239999999999842e-01,4.547229999999999883e-01,2.762109999999999843e-01,-1.828180000000000083e-01,7.352410000000000334e-01,-5.908440000000000358e-01,-2.848249999999999948e-01,-2.980800000000000116e-02,-3.358280000000000154e-01,-2.848249999999999948e-01,4.292210000000000192e-01,9.392540000000000333e-01,2.252079999999999915e-01,3.527159999999999740e-01,-3.103259999999999907e-01,-9.223660000000000192e-01,5.057260000000000089e-01,1.653299000000000074e+00,6.842369999999999841e-01,-1.840424000000000060e+00,-1.151880000000000015e+00,1.321777999999999897e+00,1.168768000000000029e+00,7.352410000000000334e-01,2.507099999999999884e-01,-3.103259999999999907e-01,-3.103259999999999907e-01,4.292210000000000192e-01,-4.307000000000000065e-03,-1.828180000000000083e-01,3.017130000000000090e-01,8.372469999999999635e-01,4.669600000000000140e-02,-7.948570000000000357e-01,-6.928509999999999946e-01,-2.980800000000000116e-02,1.997059999999999946e-01,7.862440000000000540e-01,1.015759000000000079e+00,8.372469999999999635e-01,2.762109999999999843e-01,-3.358280000000000154e-01,-2.593230000000000257e-01,1.997059999999999946e-01,6.332339999999999636e-01,-5.143389999999999906e-01,-1.763919000000000015e+00,3.272140000000000049e-01,1.143267000000000033e+00,1.270774999999999988e+00,7.097390000000000088e-01,-5.530999999999999805e-02,1.997059999999999946e-01,-6.673489999999999700e-01,7.219799999999999829e-02,4.037189999999999945e-01,1.232010000000000050e-01,-1.828180000000000083e-01,-1.063130000000000047e-01,-5.143389999999999906e-01,-3.103259999999999907e-01,6.842369999999999841e-01,5.567290000000000294e-01,5.312280000000000335e-01,7.352410000000000334e-01,1.997059999999999946e-01,-8.968639999999999946e-01,-2.980800000000000116e-02,8.882499999999999840e-01,2.507099999999999884e-01,-6.163459999999999495e-01,6.842369999999999841e-01,4.292210000000000192e-01,1.742049999999999987e-01,-9.988700000000000356e-01,-4.888379999999999947e-01,7.862440000000000540e-01,6.077320000000000499e-01,3.017130000000000090e-01,7.352410000000000334e-01,2.119499999999999856e-02,-1.024372000000000060e+00,-7.183530000000000193e-01,5.567290000000000294e-01,1.997059999999999946e-01,5.567290000000000294e-01,7.862440000000000540e-01,9.769999999999999518e-02,1.232010000000000050e-01,-1.573170000000000124e-01,3.272140000000000049e-01,-2.593230000000000257e-01,-2.848249999999999948e-01,-8.081199999999999495e-02,5.312280000000000335e-01,4.669600000000000140e-02,2.507099999999999884e-01,4.037189999999999945e-01,3.272140000000000049e-01,4.802239999999999842e-01,-4.378349999999999742e-01,2.252079999999999915e-01,1.997059999999999946e-01,1.742049999999999987e-01,3.527159999999999740e-01,1.398282999999999943e+00,1.232010000000000050e-01,-2.630974999999999842e+00,-9.733690000000000397e-01,8.372469999999999635e-01,1.245273000000000074e+00,7.862440000000000540e-01,4.037189999999999945e-01,1.997059999999999946e-01,1.742049999999999987e-01,5.057260000000000089e-01,3.782179999999999986e-01,-1.406897000000000064e+00,-1.585407999999999928e+00,7.352410000000000334e-01,8.117459999999999676e-01,1.117764999999999898e+00,1.500289999999999901e+00,3.782179999999999986e-01,-2.095441000000000109e+00,-6.673489999999999700e-01,8.372469999999999635e-01,1.041260000000000074e+00,8.372469999999999635e-01,5.057260000000000089e-01,-1.318149999999999877e-01,-4.378349999999999742e-01,-3.358280000000000154e-01,-2.848249999999999948e-01,-1.304890000000000105e+00,7.219799999999999829e-02,9.392540000000000333e-01,6.077320000000000499e-01,1.232010000000000050e-01,7.862440000000000540e-01,7.097390000000000088e-01,3.527159999999999740e-01,-1.126379000000000019e+00,1.997059999999999946e-01,6.077320000000000499e-01,5.567290000000000294e-01,1.232010000000000050e-01,-4.378349999999999742e-01,-4.123330000000000051e-01,9.647550000000000292e-01,2.252079999999999915e-01,7.219799999999999829e-02,4.669600000000000140e-02,-4.378349999999999742e-01,-5.908440000000000358e-01,3.527159999999999740e-01,1.117764999999999898e+00,7.219799999999999829e-02,-4.307000000000000065e-03,3.272140000000000049e-01,1.997059999999999946e-01,2.507099999999999884e-01,-2.083200000000000052e-01,-5.908440000000000358e-01,5.567290000000000294e-01,8.117459999999999676e-01,8.882499999999999840e-01,7.219799999999999829e-02,-2.848249999999999948e-01,1.194269999999999943e+00,7.219799999999999829e-02,-8.968639999999999946e-01,-9.478670000000000151e-01,1.487030000000000018e-01,1.232010000000000050e-01,1.232010000000000050e-01,3.017130000000000090e-01,1.245273000000000074e+00,6.077320000000000499e-01,4.037189999999999945e-01,8.372469999999999635e-01,-1.828180000000000083e-01,-4.888379999999999947e-01,-5.908440000000000358e-01,-3.613299999999999845e-01,-5.530999999999999805e-02,6.332339999999999636e-01,4.669600000000000140e-02,4.037189999999999945e-01,3.272140000000000049e-01,3.527159999999999740e-01,2.119499999999999856e-02,-8.081199999999999495e-02,9.769999999999999518e-02,4.547229999999999883e-01,6.077320000000000499e-01,-4.378349999999999742e-01,-2.338210000000000011e-01,-1.318149999999999877e-01,-4.307000000000000065e-03,5.312280000000000335e-01,4.292210000000000192e-01,-1.828180000000000083e-01,-4.378349999999999742e-01,8.372469999999999635e-01,7.862440000000000540e-01,2.507099999999999884e-01,2.762109999999999843e-01,7.219799999999999829e-02,2.507099999999999884e-01,-5.398410000000000153e-01,-4.307000000000000065e-03,-1.406897000000000064e+00,-3.358280000000000154e-01,1.092262999999999984e+00,1.041260000000000074e+00,3.782179999999999986e-01,4.547229999999999883e-01,1.449286000000000074e+00,-5.530999999999999805e-02,-1.381394999999999929e+00,3.782179999999999986e-01,7.219799999999999829e-02,9.769999999999999518e-02,3.017130000000000090e-01,4.802239999999999842e-01,-3.868309999999999804e-01,-8.968639999999999946e-01,-1.279387999999999970e+00,9.392540000000000333e-01,9.137520000000000087e-01,7.097390000000000088e-01,7.219799999999999829e-02,8.117459999999999676e-01,3.017130000000000090e-01,2.119499999999999856e-02,3.272140000000000049e-01,-2.338210000000000011e-01,2.762109999999999843e-01,-4.123330000000000051e-01,1.232010000000000050e-01,-3.103259999999999907e-01,2.507099999999999884e-01,1.997059999999999946e-01,-9.223660000000000192e-01,6.842369999999999841e-01,5.312280000000000335e-01,8.372469999999999635e-01,-3.103259999999999907e-01,-2.980800000000000116e-02,2.252079999999999915e-01,1.742049999999999987e-01,3.272140000000000049e-01,3.272140000000000049e-01,6.332339999999999636e-01,4.669600000000000140e-02,-2.732981999999999800e+00,-8.713619999999999699e-01,1.347280000000000033e+00,1.653299000000000074e+00,6.842369999999999841e-01,1.372781000000000029e+00,1.742049999999999987e-01,-3.868309999999999804e-01,-2.069939000000000195e+00,4.037189999999999945e-01,5.312280000000000335e-01,1.997059999999999946e-01,2.252079999999999915e-01,8.882499999999999840e-01,4.292210000000000192e-01,4.669600000000000140e-02,-3.868309999999999804e-01,-8.458609999999999740e-01,7.862440000000000540e-01,1.755306000000000033e+00,-8.081199999999999495e-02,-1.559906000000000015e+00,1.742049999999999987e-01,3.527159999999999740e-01,4.802239999999999842e-01,9.392540000000000333e-01,-3.358280000000000154e-01,-5.653430000000000399e-01,3.782179999999999986e-01,7.097390000000000088e-01,-2.980800000000000116e-02,-9.223660000000000192e-01,7.097390000000000088e-01,9.902570000000000539e-01,3.527159999999999740e-01,2.252079999999999915e-01,2.119499999999999856e-02,4.292210000000000192e-01,4.037189999999999945e-01,-2.018936000000000064e+00,-2.146443999999999797e+00,7.352410000000000334e-01,1.347280000000000033e+00,8.372469999999999635e-01,5.312280000000000335e-01,6.077320000000000499e-01,7.607420000000000293e-01,8.117459999999999676e-01,2.119499999999999856e-02,-1.304890000000000105e+00,-8.713619999999999699e-01,-8.081199999999999495e-02,6.332339999999999636e-01,1.742049999999999987e-01,1.015759000000000079e+00,8.627489999999999881e-01,5.567290000000000294e-01,-6.928509999999999946e-01,-7.438540000000000152e-01,-9.988700000000000356e-01,1.041260000000000074e+00,1.041260000000000074e+00,-1.457899999999999974e+00,9.137520000000000087e-01,9.647550000000000292e-01,4.802239999999999842e-01,5.312280000000000335e-01,-4.378349999999999742e-01,-1.049873999999999974e+00,-3.613299999999999845e-01,8.117459999999999676e-01,8.882499999999999840e-01,5.057260000000000089e-01,-2.848249999999999948e-01,-2.848249999999999948e-01,4.292210000000000192e-01,1.487030000000000018e-01,2.507099999999999884e-01,-4.633360000000000256e-01,2.507099999999999884e-01,9.769999999999999518e-02,7.097390000000000088e-01,3.017130000000000090e-01,4.802239999999999842e-01,-6.163459999999999495e-01,-5.653430000000000399e-01,1.232010000000000050e-01,1.168768000000000029e+00,5.312280000000000335e-01,-2.732981999999999800e+00,3.782179999999999986e-01,8.627489999999999881e-01,1.347280000000000033e+00,1.245273000000000074e+00,6.077320000000000499e-01,-7.438540000000000152e-01,1.487030000000000018e-01,-9.223660000000000192e-01,-1.318149999999999877e-01,5.312280000000000335e-01,3.782179999999999986e-01,-6.673489999999999700e-01,-2.980800000000000116e-02,5.312280000000000335e-01,6.332339999999999636e-01,-2.980800000000000116e-02,2.252079999999999915e-01,4.669600000000000140e-02,-1.789420999999999928e+00,7.219799999999999829e-02,1.015759000000000079e+00,1.755306000000000033e+00,1.653299000000000074e+00,2.762109999999999843e-01,-1.712916000000000105e+00,-4.307000000000000065e-03,6.332339999999999636e-01,-1.318149999999999877e-01,-1.828180000000000083e-01,-8.081199999999999495e-02,5.057260000000000089e-01,5.312280000000000335e-01,-5.143389999999999906e-01,-7.183530000000000193e-01,4.802239999999999842e-01,5.822310000000000541e-01,-2.338210000000000011e-01,1.232010000000000050e-01,-2.083200000000000052e-01,-4.888379999999999947e-01,1.092262999999999984e+00,1.041260000000000074e+00,6.587359999999999882e-01,1.232010000000000050e-01,1.232010000000000050e-01,-2.593230000000000257e-01,-1.828180000000000083e-01,4.292210000000000192e-01,2.762109999999999843e-01,-1.828180000000000083e-01,-1.100877000000000105e+00,-1.318149999999999877e-01,6.332339999999999636e-01,6.332339999999999636e-01,4.292210000000000192e-01,1.232010000000000050e-01,-4.888379999999999947e-01,1.602295999999999943e+00,7.862440000000000540e-01,-3.103259999999999907e-01,-3.103259999999999907e-01,1.742049999999999987e-01,-8.081199999999999495e-02,2.119499999999999856e-02,-3.103259999999999907e-01,-1.126379000000000019e+00,7.862440000000000540e-01,2.252079999999999915e-01,1.742049999999999987e-01,1.117764999999999898e+00,1.117764999999999898e+00,-1.075374999999999970e+00,1.232010000000000050e-01,4.802239999999999842e-01,-2.848249999999999948e-01,-6.163459999999999495e-01,8.117459999999999676e-01,1.372781000000000029e+00,-6.163459999999999495e-01,-2.338210000000000011e-01,-8.081199999999999495e-02,7.352410000000000334e-01,1.194269999999999943e+00,2.252079999999999915e-01,-1.432398000000000060e+00,4.802239999999999842e-01,4.669600000000000140e-02,3.017130000000000090e-01,5.567290000000000294e-01,-3.868309999999999804e-01,-3.358280000000000154e-01,9.769999999999999518e-02,7.607420000000000293e-01,8.372469999999999635e-01,-3.868309999999999804e-01,5.312280000000000335e-01,9.769999999999999518e-02,-1.151880000000000015e+00,7.352410000000000334e-01,2.507099999999999884e-01,2.252079999999999915e-01,1.168768000000000029e+00,1.143267000000000033e+00,2.507099999999999884e-01,-4.378349999999999742e-01,-8.458609999999999740e-01,-6.928509999999999946e-01,-1.573170000000000124e-01,1.041260000000000074e+00,6.077320000000000499e-01,6.587359999999999882e-01,4.802239999999999842e-01,1.487030000000000018e-01,-1.891428000000000109e+00,-7.948570000000000357e-01,1.194269999999999943e+00,1.487030000000000018e-01,-3.103259999999999907e-01,8.627489999999999881e-01,1.755306000000000033e+00,1.015759000000000079e+00,-4.633360000000000256e-01,-6.418479999999999741e-01,-2.593230000000000257e-01,-2.980800000000000116e-02,-8.713619999999999699e-01,-4.307000000000000065e-03,2.507099999999999884e-01,3.782179999999999986e-01,1.525790999999999897e+00,6.842369999999999841e-01,5.822310000000000541e-01,-1.828180000000000083e-01,7.219799999999999829e-02,3.782179999999999986e-01,4.292210000000000192e-01,-6.418479999999999741e-01,-6.673489999999999700e-01,-9.988700000000000356e-01,4.037189999999999945e-01,5.312280000000000335e-01,-1.573170000000000124e-01,1.347280000000000033e+00,6.077320000000000499e-01,-4.633360000000000256e-01,8.882499999999999840e-01,1.015759000000000079e+00,-1.712916000000000105e+00,-2.018936000000000064e+00,-3.358280000000000154e-01,1.704302999999999901e+00,1.015759000000000079e+00,1.194269999999999943e+00,2.762109999999999843e-01,-8.081199999999999495e-02,-1.828180000000000083e-01,-2.848249999999999948e-01,9.137520000000000087e-01,1.997059999999999946e-01,-9.478670000000000151e-01,7.219799999999999829e-02,8.117459999999999676e-01,-2.338210000000000011e-01,1.143267000000000033e+00,3.017130000000000090e-01,-2.095441000000000109e+00,-1.789420999999999928e+00,1.041260000000000074e+00,5.567290000000000294e-01,2.163332000000000033e+00,1.627798000000000078e+00,-2.848249999999999948e-01,3.017130000000000090e-01,-1.063130000000000047e-01,-1.636411000000000060e+00,-8.458609999999999740e-01,8.372469999999999635e-01,4.037189999999999945e-01,2.119499999999999856e-02,-1.063130000000000047e-01,2.119499999999999856e-02,-7.948570000000000357e-01,1.602295999999999943e+00,7.607420000000000293e-01,7.097390000000000088e-01,1.232010000000000050e-01,-1.828180000000000083e-01,-4.307000000000000065e-03,-2.848249999999999948e-01,3.272140000000000049e-01,-5.143389999999999906e-01,8.882499999999999840e-01,1.551293000000000033e+00,4.669600000000000140e-02,-2.980800000000000116e-02,-7.693560000000000398e-01,-2.350457000000000019e+00,1.347280000000000033e+00,5.822310000000000541e-01,2.252079999999999915e-01,7.097390000000000088e-01,-1.024372000000000060e+00,-3.358280000000000154e-01,8.627489999999999881e-01,5.567290000000000294e-01,9.647550000000000292e-01,1.041260000000000074e+00,1.487030000000000018e-01,-1.828180000000000083e-01,1.232010000000000050e-01,1.576794999999999947e+00,-4.123330000000000051e-01,-7.438540000000000152e-01,-7.948570000000000357e-01,-8.081199999999999495e-02,2.507099999999999884e-01,8.372469999999999635e-01,4.669600000000000140e-02,-2.980800000000000116e-02,4.547229999999999883e-01,3.017130000000000090e-01,1.232010000000000050e-01,3.017130000000000090e-01,4.802239999999999842e-01,-3.868309999999999804e-01,9.137520000000000087e-01,4.547229999999999883e-01,-1.151880000000000015e+00,9.902570000000000539e-01,1.487030000000000018e-01,-1.942431000000000019e+00,-2.338210000000000011e-01,1.997059999999999946e-01,1.347280000000000033e+00,1.168768000000000029e+00,1.372781000000000029e+00,6.842369999999999841e-01,-4.307000000000000065e-03,-6.163459999999999495e-01,-5.143389999999999906e-01,-5.143389999999999906e-01,-2.593230000000000257e-01,1.117764999999999898e+00,7.219799999999999829e-02,-5.908440000000000358e-01,2.252079999999999915e-01,-8.081199999999999495e-02,6.332339999999999636e-01,3.017130000000000090e-01,3.272140000000000049e-01,1.117764999999999898e+00,2.119499999999999856e-02,-4.633360000000000256e-01,-2.848249999999999948e-01,8.117459999999999676e-01,-1.318149999999999877e-01,3.272140000000000049e-01,5.312280000000000335e-01,4.292210000000000192e-01,-5.143389999999999906e-01,-7.183530000000000193e-01,8.882499999999999840e-01,4.292210000000000192e-01,-1.126379000000000019e+00,6.842369999999999841e-01,4.547229999999999883e-01,2.119499999999999856e-02,-7.183530000000000193e-01,4.292210000000000192e-01,-6.163459999999999495e-01,9.647550000000000292e-01,1.066761999999999988e+00,1.704302999999999901e+00,1.997059999999999946e-01,-7.438540000000000152e-01,5.312280000000000335e-01,2.086826999999999988e+00,-3.358280000000000154e-01,-2.477965000000000195e+00,-9.223660000000000192e-01,-3.868309999999999804e-01,8.117459999999999676e-01,1.143267000000000033e+00,8.372469999999999635e-01,-7.693560000000000398e-01,-1.828180000000000083e-01,8.372469999999999635e-01,4.037189999999999945e-01,-1.318149999999999877e-01,1.742049999999999987e-01,2.507099999999999884e-01,7.219799999999999829e-02,-9.478670000000000151e-01,4.669600000000000140e-02,6.842369999999999841e-01,9.769999999999999518e-02,-2.593230000000000257e-01,-5.530999999999999805e-02,1.449286000000000074e+00,7.862440000000000540e-01,-2.848249999999999948e-01,1.232010000000000050e-01,4.037189999999999945e-01,2.252079999999999915e-01,-1.063130000000000047e-01,-2.593230000000000257e-01,4.802239999999999842e-01,-1.063130000000000047e-01,-8.203589999999999494e-01,1.997059999999999946e-01,5.312280000000000335e-01,7.219799999999999829e-02,-2.083200000000000052e-01,-4.888379999999999947e-01,9.647550000000000292e-01,3.017130000000000090e-01,5.312280000000000335e-01,2.188833999999999946e+00,1.232010000000000050e-01,-1.228385000000000060e+00,-4.123330000000000051e-01,2.119499999999999856e-02,8.882499999999999840e-01,1.997059999999999946e-01,-8.458609999999999740e-01,3.527159999999999740e-01,-8.081199999999999495e-02,-6.928509999999999946e-01,9.392540000000000333e-01,1.372781000000000029e+00,-1.828180000000000083e-01,-3.613299999999999845e-01,9.647550000000000292e-01,1.245273000000000074e+00,2.762109999999999843e-01,-1.126379000000000019e+00,-7.693560000000000398e-01,-2.593230000000000257e-01,7.219799999999999829e-02,1.742049999999999987e-01,3.272140000000000049e-01,4.292210000000000192e-01,9.902570000000000539e-01,3.017130000000000090e-01,-1.075374999999999970e+00,2.252079999999999915e-01,5.312280000000000335e-01,-4.633360000000000256e-01,4.037189999999999945e-01,-2.593230000000000257e-01,6.587359999999999882e-01,9.769999999999999518e-02,4.802239999999999842e-01,8.372469999999999635e-01,1.449286000000000074e+00,-1.712916000000000105e+00,-1.636411000000000060e+00,7.097390000000000088e-01,3.782179999999999986e-01,1.997059999999999946e-01,1.219772000000000078e+00,7.219799999999999829e-02,-1.253886999999999974e+00,2.119499999999999856e-02,7.862440000000000540e-01,7.097390000000000088e-01,-8.081199999999999495e-02,6.077320000000000499e-01,3.782179999999999986e-01,-3.358280000000000154e-01,-1.828180000000000083e-01,4.292210000000000192e-01,5.057260000000000089e-01,4.037189999999999945e-01,1.997059999999999946e-01,-1.063130000000000047e-01,-1.828180000000000083e-01,-4.123330000000000051e-01,-6.928509999999999946e-01,4.547229999999999883e-01,9.902570000000000539e-01,-4.307000000000000065e-03,1.576794999999999947e+00,4.292210000000000192e-01,-8.081199999999999495e-02,-9.223660000000000192e-01,-3.358280000000000154e-01,5.567290000000000294e-01,-1.828180000000000083e-01,5.567290000000000294e-01,1.194269999999999943e+00,5.057260000000000089e-01,-9.733690000000000397e-01,3.272140000000000049e-01,4.037189999999999945e-01,-2.338210000000000011e-01,-1.279387999999999970e+00,3.527159999999999740e-01,8.372469999999999635e-01,2.596859999999999946e+00,-1.330392000000000019e+00,-1.304890000000000105e+00,5.567290000000000294e-01,1.015759000000000079e+00,9.392540000000000333e-01,-4.307000000000000065e-03,-6.673489999999999700e-01,6.587359999999999882e-01,-4.378349999999999742e-01,-9.223660000000000192e-01,-3.868309999999999804e-01,-5.530999999999999805e-02,9.769999999999999518e-02,1.347280000000000033e+00,5.822310000000000541e-01,6.332339999999999636e-01,3.017130000000000090e-01,-3.103259999999999907e-01,3.272140000000000049e-01,2.252079999999999915e-01,3.527159999999999740e-01,3.527159999999999740e-01,9.769999999999999518e-02,1.487030000000000018e-01,-1.828180000000000083e-01,-1.063130000000000047e-01,-3.358280000000000154e-01,-1.318149999999999877e-01,3.782179999999999986e-01,4.292210000000000192e-01,1.997059999999999946e-01,5.822310000000000541e-01,-4.123330000000000051e-01,1.015759000000000079e+00,7.219799999999999829e-02,-2.069939000000000195e+00,6.842369999999999841e-01,1.627798000000000078e+00,-4.633360000000000256e-01,-2.848249999999999948e-01,7.219799999999999829e-02,1.194269999999999943e+00,1.015759000000000079e+00,5.822310000000000541e-01,-1.355893000000000015e+00,-1.828180000000000083e-01,3.272140000000000049e-01,9.769999999999999518e-02,1.232010000000000050e-01,1.997059999999999946e-01,7.097390000000000088e-01,3.782179999999999986e-01,4.669600000000000140e-02,-2.848249999999999948e-01,-4.888379999999999947e-01,4.547229999999999883e-01,2.119499999999999856e-02,-1.318149999999999877e-01,2.507099999999999884e-01,4.669600000000000140e-02,3.782179999999999986e-01,4.802239999999999842e-01,3.782179999999999986e-01,5.312280000000000335e-01,4.292210000000000192e-01,1.232010000000000050e-01,-9.988700000000000356e-01,-5.143389999999999906e-01,4.292210000000000192e-01,9.902570000000000539e-01,1.487030000000000018e-01,-1.483402000000000109e+00,1.704302999999999901e+00,6.077320000000000499e-01,-1.432398000000000060e+00,-4.307000000000000065e-03,-4.123330000000000051e-01,5.822310000000000541e-01,8.117459999999999676e-01,4.802239999999999842e-01,-1.828180000000000083e-01,7.219799999999999829e-02,1.372781000000000029e+00,8.627489999999999881e-01,-9.733690000000000397e-01,-1.049873999999999974e+00,1.487030000000000018e-01,6.332339999999999636e-01,-1.024372000000000060e+00,-3.855052999999999841e+00,1.321777999999999897e+00,2.596859999999999946e+00,1.857312000000000074e+00,1.092262999999999984e+00,7.097390000000000088e-01,-1.318149999999999877e-01,-5.530999999999999805e-02,-4.307000000000000065e-03,-1.355893000000000015e+00,3.527159999999999740e-01,1.232010000000000050e-01,-1.126379000000000019e+00,1.232010000000000050e-01,6.332339999999999636e-01,2.119499999999999856e-02,2.507099999999999884e-01,1.168768000000000029e+00,4.037189999999999945e-01,-4.307000000000000065e-03,-5.398410000000000153e-01,1.232010000000000050e-01,4.802239999999999842e-01,7.219799999999999829e-02,8.882499999999999840e-01,8.372469999999999635e-01,-2.375958999999999932e+00,-2.452463999999999977e+00,1.500289999999999901e+00,2.367344999999999811e+00,1.755306000000000033e+00,8.882499999999999840e-01,-9.478670000000000151e-01,-4.378349999999999742e-01,2.762109999999999843e-01,7.352410000000000334e-01,9.769999999999999518e-02,2.119499999999999856e-02,-6.163459999999999495e-01,-4.633360000000000256e-01,-5.143389999999999906e-01,-2.338210000000000011e-01,8.882499999999999840e-01,7.097390000000000088e-01,8.627489999999999881e-01,-1.063130000000000047e-01,-2.980800000000000116e-02,1.232010000000000050e-01,-2.848249999999999948e-01,-3.613299999999999845e-01,-2.083200000000000052e-01,-3.103259999999999907e-01,1.066761999999999988e+00,1.143267000000000033e+00,8.372469999999999635e-01,4.547229999999999883e-01,7.219799999999999829e-02,-4.123330000000000051e-01,-4.123330000000000051e-01,1.997059999999999946e-01,-2.848249999999999948e-01,2.119499999999999856e-02,4.037189999999999945e-01,1.487030000000000018e-01,5.822310000000000541e-01,3.272140000000000049e-01,-5.653430000000000399e-01,6.842369999999999841e-01,-2.980800000000000116e-02,-1.967932999999999932e+00,5.057260000000000089e-01,1.194269999999999943e+00,1.576794999999999947e+00,3.272140000000000049e-01,-7.693560000000000398e-01,2.507099999999999884e-01,-2.593230000000000257e-01,4.037189999999999945e-01,7.607420000000000293e-01,4.547229999999999883e-01,1.487030000000000018e-01,-9.478670000000000151e-01,-4.888379999999999947e-01,5.312280000000000335e-01,6.077320000000000499e-01,6.077320000000000499e-01,3.017130000000000090e-01,-1.828180000000000083e-01,-4.307000000000000065e-03,1.487030000000000018e-01,9.769999999999999518e-02,4.669600000000000140e-02,2.507099999999999884e-01,1.742049999999999987e-01,2.507099999999999884e-01,1.232010000000000050e-01,1.997059999999999946e-01,2.507099999999999884e-01,4.669600000000000140e-02,4.547229999999999883e-01,9.902570000000000539e-01,-4.633360000000000256e-01,-7.438540000000000152e-01,1.015759000000000079e+00,-1.304890000000000105e+00,-6.928509999999999946e-01,1.653299000000000074e+00,7.352410000000000334e-01,-2.593230000000000257e-01,2.507099999999999884e-01,5.057260000000000089e-01,5.057260000000000089e-01,4.037189999999999945e-01,8.882499999999999840e-01,-1.100877000000000105e+00,-8.968639999999999946e-01,4.802239999999999842e-01,-2.980800000000000116e-02,3.527159999999999740e-01,4.037189999999999945e-01,4.292210000000000192e-01,-4.123330000000000051e-01,-1.228385000000000060e+00,1.066761999999999988e+00,-3.358280000000000154e-01,9.769999999999999518e-02,1.168768000000000029e+00,8.372469999999999635e-01,9.769999999999999518e-02,3.527159999999999740e-01,2.252079999999999915e-01,-2.083200000000000052e-01,2.119499999999999856e-02,1.487030000000000018e-01,2.119499999999999856e-02,-2.338210000000000011e-01,2.119499999999999856e-02,2.119499999999999856e-02,2.119499999999999856e-02,5.567290000000000294e-01,9.769999999999999518e-02,-6.928509999999999946e-01,2.762109999999999843e-01,5.822310000000000541e-01,7.352410000000000334e-01,7.097390000000000088e-01,6.077320000000000499e-01,-2.593230000000000257e-01,-1.406897000000000064e+00,-3.868309999999999804e-01,1.742049999999999987e-01,4.802239999999999842e-01,4.669600000000000140e-02,1.500289999999999901e+00,5.567290000000000294e-01,-8.968639999999999946e-01,-7.438540000000000152e-01,7.862440000000000540e-01,-2.083200000000000052e-01,-4.123330000000000051e-01,1.015759000000000079e+00,1.270774999999999988e+00,8.372469999999999635e-01,-8.081199999999999495e-02,-1.049873999999999974e+00,-2.848249999999999948e-01,4.292210000000000192e-01,4.669600000000000140e-02,-4.307000000000000065e-03,1.742049999999999987e-01,1.232010000000000050e-01,4.547229999999999883e-01,4.037189999999999945e-01,-5.530999999999999805e-02,1.487030000000000018e-01,-3.358280000000000154e-01,-2.593230000000000257e-01,-2.593230000000000257e-01,3.527159999999999740e-01,7.862440000000000540e-01,5.057260000000000089e-01,5.567290000000000294e-01,3.272140000000000049e-01,-1.318149999999999877e-01,2.252079999999999915e-01,4.547229999999999883e-01,-7.438540000000000152e-01,-3.103259999999999907e-01,2.119499999999999856e-02,-5.143389999999999906e-01,9.392540000000000333e-01,1.372781000000000029e+00,3.272140000000000049e-01,-5.653430000000000399e-01,-5.143389999999999906e-01,1.997059999999999946e-01,9.769999999999999518e-02,9.392540000000000333e-01,1.232010000000000050e-01,-9.733690000000000397e-01,1.487030000000000018e-01,1.143267000000000033e+00,3.527159999999999740e-01,-3.613299999999999845e-01,4.292210000000000192e-01,2.252079999999999915e-01,3.017130000000000090e-01,-8.081199999999999495e-02,-5.908440000000000358e-01,3.527159999999999740e-01,5.312280000000000335e-01,3.782179999999999986e-01,-3.358280000000000154e-01,-2.083200000000000052e-01,7.862440000000000540e-01,1.997059999999999946e-01,3.527159999999999740e-01,1.997059999999999946e-01,-2.083200000000000052e-01,1.742049999999999987e-01,4.547229999999999883e-01,2.119499999999999856e-02,-1.318149999999999877e-01,-2.980800000000000116e-02,4.037189999999999945e-01,4.292210000000000192e-01,-1.063130000000000047e-01,1.997059999999999946e-01,2.507099999999999884e-01,-1.063130000000000047e-01,-8.968639999999999946e-01,-1.573170000000000124e-01,5.057260000000000089e-01,1.296276999999999902e+00,6.077320000000000499e-01,7.352410000000000334e-01,-2.083200000000000052e-01,-8.081199999999999495e-02,2.119499999999999856e-02,1.487030000000000018e-01,-4.633360000000000256e-01,-1.024372000000000060e+00,1.742049999999999987e-01,1.066761999999999988e+00,-5.143389999999999906e-01,4.292210000000000192e-01,1.219772000000000078e+00,3.527159999999999740e-01,2.119499999999999856e-02,-3.103259999999999907e-01,3.782179999999999986e-01,6.587359999999999882e-01,7.219799999999999829e-02,9.769999999999999518e-02,9.769999999999999518e-02,-2.338210000000000011e-01,-1.828180000000000083e-01,-6.418479999999999741e-01,9.769999999999999518e-02,4.292210000000000192e-01,5.567290000000000294e-01,3.527159999999999740e-01,9.769999999999999518e-02,3.527159999999999740e-01,-3.868309999999999804e-01,1.487030000000000018e-01,5.057260000000000089e-01,4.802239999999999842e-01,3.017130000000000090e-01,2.762109999999999843e-01,-3.358280000000000154e-01,-4.307000000000000065e-03,-6.673489999999999700e-01,1.742049999999999987e-01,8.882499999999999840e-01,1.232010000000000050e-01,-2.848249999999999948e-01,-8.081199999999999495e-02,1.742049999999999987e-01,9.137520000000000087e-01,3.272140000000000049e-01,-1.828180000000000083e-01,2.252079999999999915e-01,9.769999999999999518e-02,-2.980800000000000116e-02,2.762109999999999843e-01,4.037189999999999945e-01,3.272140000000000049e-01,-2.980800000000000116e-02,-6.673489999999999700e-01,-8.081199999999999495e-02,-9.988700000000000356e-01,7.607420000000000293e-01,1.245273000000000074e+00,4.292210000000000192e-01,5.312280000000000335e-01,-3.103259999999999907e-01,1.997059999999999946e-01,3.782179999999999986e-01,4.669600000000000140e-02,3.272140000000000049e-01,3.527159999999999740e-01,5.312280000000000335e-01,-1.828180000000000083e-01,-3.613299999999999845e-01,-3.613299999999999845e-01,1.232010000000000050e-01,-6.418479999999999741e-01,5.822310000000000541e-01,6.332339999999999636e-01,5.312280000000000335e-01,1.232010000000000050e-01,5.567290000000000294e-01,3.272140000000000049e-01,2.762109999999999843e-01,-4.888379999999999947e-01,-1.406897000000000064e+00,4.037189999999999945e-01,-4.633360000000000256e-01,1.168768000000000029e+00,1.474787999999999988e+00,1.219772000000000078e+00,2.119499999999999856e-02,-1.049873999999999974e+00,-4.633360000000000256e-01,-1.840424000000000060e+00,3.272140000000000049e-01,8.117459999999999676e-01,8.882499999999999840e-01
1.487030000000000018e-01,3.782179999999999986e-01,2.762109999999999843e-01,1.232010000000000050e-01,9.769999999999999518e-02,1.232010000000000050e-01,-2.980800000000000116e-02,4.669600000000000140e-02,2.507099999999999884e-01,2.762109999999999843e-01,3.527159999999999740e-01,2.252079999999999915e-01,3.272140000000000049e-01,5.057260000000000089e-01,4.037189999999999945e-01,-1.828180000000000083e-01,-4.378349999999999742e-01,-4.123330000000000051e-01,-1.318149999999999877e-01,1.742049999999999987e-01,3.272140000000000049e-01,5.057260000000000089e-01,6.077320000000000499e-01,3.782179999999999986e-01,-4.307000000000000065e-03,-1.318149999999999877e-01,-1.063130000000000047e-01,-5.530999999999999805e-02,1.997059999999999946e-01,4.037189999999999945e-01,3.272140000000000049e-01,1.487030000000000018e-01,1.232010000000000050e-01,2.507099999999999884e-01,1.232010000000000050e-01,-2.980800000000000116e-02,-5.530999999999999805e-02,-1.318149999999999877e-01,-5.530999999999999805e-02,3.782179999999999986e-01,5.312280000000000335e-01,3.272140000000000049e-01,4.669600000000000140e-02,1.232010000000000050e-01,2.252079999999999915e-01,7.219799999999999829e-02,-8.081199999999999495e-02,2.119499999999999856e-02,4.669600000000000140e-02,1.997059999999999946e-01,1.742049999999999987e-01,1.487030000000000018e-01,3.017130000000000090e-01,2.762109999999999843e-01,2.507099999999999884e-01,3.272140000000000049e-01,7.219799999999999829e-02,-1.828180000000000083e-01,4.669600000000000140e-02,1.232010000000000050e-01,1.742049999999999987e-01,1.232010000000000050e-01,1.232010000000000050e-01,2.507099999999999884e-01,1.997059999999999946e-01,1.487030000000000018e-01,1.742049999999999987e-01,9.769999999999999518e-02,-1.318149999999999877e-01,-1.318149999999999877e-01,3.017130000000000090e-01,4.037189999999999945e-01,1.232010000000000050e-01,5.312280000000000335e-01,9.769999999999999518e-02,-2.980800000000000116e-02,2.252079999999999915e-01,-2.980800000000000116e-02,-6.928509999999999946e-01,-2.848249999999999948e-01,3.527159999999999740e-01,7.607420000000000293e-01,6.332339999999999636e-01,3.782179999999999986e-01,1.232010000000000050e-01,-5.530999999999999805e-02,1.232010000000000050e-01,2.119499999999999856e-02,-2.848249999999999948e-01,-2.980800000000000116e-02,4.547229999999999883e-01,1.997059999999999946e-01,2.762109999999999843e-01,5.312280000000000335e-01,3.272140000000000049e-01,2.119499999999999856e-02,-5.908440000000000358e-01,4.669600000000000140e-02,1.232010000000000050e-01,-5.530999999999999805e-02,1.742049999999999987e-01,5.057260000000000089e-01,4.547229999999999883e-01,5.567290000000000294e-01,1.487030000000000018e-01,-4.378349999999999742e-01,-5.908440000000000358e-01,-9.223660000000000192e-01,1.092262999999999984e+00,1.092262999999999984e+00,4.547229999999999883e-01,-5.530999999999999805e-02,5.822310000000000541e-01,1.194269999999999943e+00,-3.613299999999999845e-01,-9.733690000000000397e-01,3.782179999999999986e-01,-2.848249999999999948e-01,-5.530999999999999805e-02,1.232010000000000050e-01,1.092262999999999984e+00,-4.123330000000000051e-01,-2.197446999999999928e+00,2.119499999999999856e-02,6.842369999999999841e-01,2.507099999999999884e-01,1.398282999999999943e+00,7.607420000000000293e-01,1.423785000000000078e+00,-8.081199999999999495e-02,-5.908440000000000358e-01,-3.868309999999999804e-01,7.219799999999999829e-02,3.017130000000000090e-01,3.272140000000000049e-01,2.507099999999999884e-01,4.547229999999999883e-01,-5.143389999999999906e-01,-1.049873999999999974e+00,-8.081199999999999495e-02,-1.828180000000000083e-01,6.842369999999999841e-01,1.015759000000000079e+00,3.272140000000000049e-01,1.997059999999999946e-01,8.882499999999999840e-01,8.117459999999999676e-01,-2.980800000000000116e-02,-6.928509999999999946e-01,5.822310000000000541e-01,-4.633360000000000256e-01,-8.968639999999999946e-01,3.782179999999999986e-01,-5.398410000000000153e-01,7.219799999999999829e-02,1.015759000000000079e+00,1.474787999999999988e+00,-4.307000000000000065e-03,4.037189999999999945e-01,7.352410000000000334e-01,-8.081199999999999495e-02,-4.888379999999999947e-01,-1.828180000000000083e-01,7.219799999999999829e-02,-2.338210000000000011e-01,2.762109999999999843e-01,-4.633360000000000256e-01,2.252079999999999915e-01,1.194269999999999943e+00,5.057260000000000089e-01,-2.593230000000000257e-01,-1.049873999999999974e+00,-2.980800000000000116e-02,5.822310000000000541e-01,1.143267000000000033e+00,5.822310000000000541e-01,-6.163459999999999495e-01,-1.177381999999999929e+00,8.372469999999999635e-01,1.653299000000000074e+00,6.332339999999999636e-01,-2.848249999999999948e-01,-9.223660000000000192e-01,-1.279387999999999970e+00,9.769999999999999518e-02,5.312280000000000335e-01,2.507099999999999884e-01,2.252079999999999915e-01,7.097390000000000088e-01,1.092262999999999984e+00,1.742049999999999987e-01,-9.478670000000000151e-01,-6.418479999999999741e-01,4.292210000000000192e-01,9.137520000000000087e-01,7.862440000000000540e-01,-7.948570000000000357e-01,4.037189999999999945e-01,-1.318149999999999877e-01,2.507099999999999884e-01,4.802239999999999842e-01,4.547229999999999883e-01,-6.928509999999999946e-01,-1.942431000000000019e+00,1.449286000000000074e+00,1.143267000000000033e+00,6.842369999999999841e-01,-8.081199999999999495e-02,4.547229999999999883e-01,-2.980800000000000116e-02,-3.103259999999999907e-01,-2.083200000000000052e-01,8.882499999999999840e-01,6.077320000000000499e-01,-9.988700000000000356e-01,-4.123330000000000051e-01,8.627489999999999881e-01,-4.888379999999999947e-01,-1.049873999999999974e+00,6.842369999999999841e-01,3.272140000000000049e-01,9.902570000000000539e-01,3.272140000000000049e-01,2.119499999999999856e-02,3.272140000000000049e-01,9.392540000000000333e-01,2.119499999999999856e-02,-9.478670000000000151e-01,3.272140000000000049e-01,2.252079999999999915e-01,1.092262999999999984e+00,-1.318149999999999877e-01,-1.636411000000000060e+00,-8.081199999999999495e-02,1.500289999999999901e+00,1.997059999999999946e-01,1.041260000000000074e+00,-8.081199999999999495e-02,7.219799999999999829e-02,3.017130000000000090e-01,9.769999999999999518e-02,-1.318149999999999877e-01,-6.418479999999999741e-01,-1.534405000000000019e+00,5.312280000000000335e-01,8.372469999999999635e-01,9.902570000000000539e-01,8.882499999999999840e-01,-4.888379999999999947e-01,-2.338210000000000011e-01,7.352410000000000334e-01,-5.143389999999999906e-01,-7.693560000000000398e-01,1.143267000000000033e+00,2.316342000000000123e+00,-5.908440000000000358e-01,-5.908440000000000358e-01,3.272140000000000049e-01,-2.848249999999999948e-01,-1.573170000000000124e-01,4.292210000000000192e-01,-1.318149999999999877e-01,-2.848249999999999948e-01,4.547229999999999883e-01,4.669600000000000140e-02,-1.508903000000000105e+00,3.782179999999999986e-01,-1.573170000000000124e-01,-1.828180000000000083e-01,1.296276999999999902e+00,9.137520000000000087e-01,1.219772000000000078e+00,4.037189999999999945e-01,6.842369999999999841e-01,2.119499999999999856e-02,-9.223660000000000192e-01,-7.438540000000000152e-01,-9.733690000000000397e-01,-2.083200000000000052e-01,9.392540000000000333e-01,4.802239999999999842e-01,2.762109999999999843e-01,7.219799999999999829e-02,3.527159999999999740e-01,4.292210000000000192e-01,-2.083200000000000052e-01,-1.318149999999999877e-01,-5.143389999999999906e-01,-2.593230000000000257e-01,1.602295999999999943e+00,6.332339999999999636e-01,-3.868309999999999804e-01,-4.888379999999999947e-01,6.587359999999999882e-01,-8.081199999999999495e-02,-3.103259999999999907e-01,1.232010000000000050e-01,-3.868309999999999804e-01,9.392540000000000333e-01,5.822310000000000541e-01,-2.083200000000000052e-01,-7.948570000000000357e-01,1.487030000000000018e-01,8.627489999999999881e-01,8.117459999999999676e-01,6.842369999999999841e-01,1.742049999999999987e-01,-1.457899999999999974e+00,-4.123330000000000051e-01,2.762109999999999843e-01,7.097390000000000088e-01,-8.081199999999999495e-02,2.252079999999999915e-01,4.037189999999999945e-01,-2.338210000000000011e-01,1.041260000000000074e+00,-2.980800000000000116e-02,-8.713619999999999699e-01,5.057260000000000089e-01,4.292210000000000192e-01,5.312280000000000335e-01,2.507099999999999884e-01,1.066761999999999988e+00,-8.081199999999999495e-02,-6.418479999999999741e-01,1.487030000000000018e-01,-4.378349999999999742e-01,6.587359999999999882e-01,6.077320000000000499e-01,-6.163459999999999495e-01,9.769999999999999518e-02,-4.888379999999999947e-01,-8.713619999999999699e-01,9.392540000000000333e-01,7.862440000000000540e-01,3.527159999999999740e-01,-7.948570000000000357e-01,4.547229999999999883e-01,6.332339999999999636e-01,3.527159999999999740e-01,1.117764999999999898e+00,5.822310000000000541e-01,-4.378349999999999742e-01,-2.044436999999999838e+00,3.782179999999999986e-01,1.143267000000000033e+00,8.117459999999999676e-01,-8.968639999999999946e-01,-1.202884000000000064e+00,-1.024372000000000060e+00,8.627489999999999881e-01,1.270774999999999988e+00,1.143267000000000033e+00,8.627489999999999881e-01,-2.848249999999999948e-01,-2.338210000000000011e-01,7.219799999999999829e-02,7.219799999999999829e-02,1.742049999999999987e-01,1.742049999999999987e-01,2.252079999999999915e-01,4.037189999999999945e-01,-3.358280000000000154e-01,-7.183530000000000193e-01,-1.828180000000000083e-01,9.902570000000000539e-01,5.822310000000000541e-01,4.292210000000000192e-01,2.762109999999999843e-01,-3.868309999999999804e-01,-4.378349999999999742e-01,-7.948570000000000357e-01,-8.713619999999999699e-01,1.602295999999999943e+00,1.704302999999999901e+00,-1.318149999999999877e-01,5.312280000000000335e-01,1.487030000000000018e-01,-6.163459999999999495e-01,-5.143389999999999906e-01,1.398282999999999943e+00,8.882499999999999840e-01,-1.355893000000000015e+00,-1.304890000000000105e+00,5.822310000000000541e-01,6.332339999999999636e-01,8.372469999999999635e-01,3.782179999999999986e-01,-3.103259999999999907e-01,-1.024372000000000060e+00,9.137520000000000087e-01,8.627489999999999881e-01,8.117459999999999676e-01,-3.868309999999999804e-01,9.769999999999999518e-02,4.669600000000000140e-02,-6.163459999999999495e-01,-5.143389999999999906e-01,3.272140000000000049e-01,5.057260000000000089e-01,4.037189999999999945e-01,8.117459999999999676e-01,7.862440000000000540e-01,2.507099999999999884e-01,-5.653430000000000399e-01,1.143267000000000033e+00,-9.223660000000000192e-01,-2.911493000000000109e+00,6.332339999999999636e-01,1.500289999999999901e+00,6.842369999999999841e-01,6.842369999999999841e-01,-2.338210000000000011e-01,-5.908440000000000358e-01,1.729803999999999897e+00,-2.980800000000000116e-02,-1.661912999999999974e+00,1.487030000000000018e-01,5.312280000000000335e-01,9.392540000000000333e-01,6.332339999999999636e-01,5.057260000000000089e-01,-5.530999999999999805e-02,7.219799999999999829e-02,-2.338210000000000011e-01,-4.633360000000000256e-01,-1.318149999999999877e-01,1.997059999999999946e-01,9.392540000000000333e-01,-1.585407999999999928e+00,-1.024372000000000060e+00,1.755306000000000033e+00,8.372469999999999635e-01,-2.338210000000000011e-01,1.487030000000000018e-01,1.015759000000000079e+00,-7.438540000000000152e-01,-4.123330000000000051e-01,4.292210000000000192e-01,8.117459999999999676e-01,-2.083200000000000052e-01,5.567290000000000294e-01,7.862440000000000540e-01,-8.081199999999999495e-02,-5.398410000000000153e-01,-1.534405000000000019e+00,7.862440000000000540e-01,1.092262999999999984e+00,5.822310000000000541e-01,3.272140000000000049e-01,2.762109999999999843e-01,2.762109999999999843e-01,-8.081199999999999495e-02,-5.143389999999999906e-01,3.017130000000000090e-01,3.782179999999999986e-01,-1.828180000000000083e-01,7.219799999999999829e-02,-6.418479999999999741e-01,-4.307000000000000065e-03,5.312280000000000335e-01,1.245273000000000074e+00,9.392540000000000333e-01,-4.307000000000000065e-03,-6.163459999999999495e-01,-2.593230000000000257e-01,6.077320000000000499e-01,4.037189999999999945e-01,-2.848249999999999948e-01,-4.378349999999999742e-01,9.137520000000000087e-01,8.117459999999999676e-01,-1.573170000000000124e-01,-1.330392000000000019e+00,6.332339999999999636e-01,9.647550000000000292e-01,2.119499999999999856e-02,-1.738418000000000019e+00,1.041260000000000074e+00,4.802239999999999842e-01,-1.024372000000000060e+00,1.232010000000000050e-01,6.587359999999999882e-01,2.010321999999999942e+00,7.862440000000000540e-01,-4.888379999999999947e-01,2.507099999999999884e-01,-1.063130000000000047e-01,-1.738418000000000019e+00,-3.868309999999999804e-01,3.272140000000000049e-01,4.037189999999999945e-01,4.802239999999999842e-01,4.292210000000000192e-01,7.097390000000000088e-01,7.862440000000000540e-01,-1.828180000000000083e-01,-8.968639999999999946e-01,4.547229999999999883e-01,4.292210000000000192e-01,7.219799999999999829e-02,-3.613299999999999845e-01,-2.338210000000000011e-01,9.902570000000000539e-01,3.527159999999999740e-01,-1.151880000000000015e+00,6.332339999999999636e-01,8.882499999999999840e-01,8.627489999999999881e-01,4.037189999999999945e-01,1.742049999999999987e-01,7.219799999999999829e-02,-3.868309999999999804e-01,-4.378349999999999742e-01,9.769999999999999518e-02,2.507099999999999884e-01,9.392540000000000333e-01,4.547229999999999883e-01,-7.693560000000000398e-01,-4.888379999999999947e-01,4.802239999999999842e-01,1.997059999999999946e-01,-8.081199999999999495e-02,7.097390000000000088e-01,2.252079999999999915e-01,2.119499999999999856e-02,6.587359999999999882e-01,-1.318149999999999877e-01,-3.868309999999999804e-01,-3.103259999999999907e-01,7.219799999999999829e-02,1.270774999999999988e+00,6.587359999999999882e-01,5.312280000000000335e-01,2.762109999999999843e-01,2.119499999999999856e-02,-9.478670000000000151e-01,3.272140000000000049e-01,5.057260000000000089e-01,-3.358280000000000154e-01,-6.928509999999999946e-01,5.057260000000000089e-01,5.312280000000000335e-01,-8.081199999999999495e-02,-4.633360000000000256e-01,1.041260000000000074e+00,1.232010000000000050e-01,-1.253886999999999974e+00,-1.228385000000000060e+00,1.194269999999999943e+00,1.908315999999999901e+00,1.831811000000000078e+00,2.252079999999999915e-01,-1.585407999999999928e+00,-5.530999999999999805e-02,1.997059999999999946e-01,5.057260000000000089e-01,-1.063130000000000047e-01,-8.081199999999999495e-02,1.742049999999999987e-01,1.997059999999999946e-01,5.312280000000000335e-01,4.802239999999999842e-01,8.882499999999999840e-01,-1.738418000000000019e+00,-4.123330000000000051e-01,-1.573170000000000124e-01,-2.338210000000000011e-01,9.137520000000000087e-01,1.704302999999999901e+00,4.292210000000000192e-01,-4.888379999999999947e-01,4.802239999999999842e-01,4.292210000000000192e-01,-2.083200000000000052e-01,-1.828180000000000083e-01,1.232010000000000050e-01,8.117459999999999676e-01,4.802239999999999842e-01,-1.253886999999999974e+00,-5.143389999999999906e-01,1.041260000000000074e+00,6.077320000000000499e-01,9.902570000000000539e-01,4.292210000000000192e-01,-2.980800000000000116e-02,-5.398410000000000153e-01,-8.968639999999999946e-01,-3.613299999999999845e-01,-8.713619999999999699e-01,6.332339999999999636e-01,-1.063130000000000047e-01,8.117459999999999676e-01,2.061326000000000214e+00,6.842369999999999841e-01,-1.406897000000000064e+00,-2.980800000000000116e-02,1.296276999999999902e+00,-4.307000000000000065e-03,-1.279387999999999970e+00,2.252079999999999915e-01,1.117764999999999898e+00,9.769999999999999518e-02,7.219799999999999829e-02,3.527159999999999740e-01,1.232010000000000050e-01,9.392540000000000333e-01,-2.593230000000000257e-01,-1.942431000000000019e+00,4.292210000000000192e-01,-1.573170000000000124e-01,1.487030000000000018e-01,4.037189999999999945e-01,9.647550000000000292e-01,-3.358280000000000154e-01,1.755306000000000033e+00,1.321777999999999897e+00,-3.804050000000000153e+00,-7.183530000000000193e-01,2.239837000000000078e+00,3.106892999999999905e+00,3.017130000000000090e-01,-2.146443999999999797e+00,1.997059999999999946e-01,-1.789420999999999928e+00,-5.530999999999999805e-02,1.984820999999999946e+00,-1.712916000000000105e+00,2.762109999999999843e-01,1.729803999999999897e+00,1.551293000000000033e+00,7.097390000000000088e-01,-4.307000000000000065e-03,-1.063130000000000047e-01,-5.530999999999999805e-02,5.567290000000000294e-01,-2.018936000000000064e+00,-1.993433999999999928e+00,5.567290000000000294e-01,8.627489999999999881e-01,5.567290000000000294e-01,6.587359999999999882e-01,1.066761999999999988e+00,4.547229999999999883e-01,-8.458609999999999740e-01,-4.888379999999999947e-01,2.762109999999999843e-01,1.997059999999999946e-01,1.219772000000000078e+00,1.219772000000000078e+00,-8.203589999999999494e-01,2.762109999999999843e-01,-3.103259999999999907e-01,-4.633360000000000256e-01,-1.573170000000000124e-01,1.041260000000000074e+00,7.352410000000000334e-01,-7.693560000000000398e-01,-7.438540000000000152e-01,-2.848249999999999948e-01,8.372469999999999635e-01,2.762109999999999843e-01,7.607420000000000293e-01,8.882499999999999840e-01,4.802239999999999842e-01,1.232010000000000050e-01,-5.530999999999999805e-02,-1.063130000000000047e-01,-7.438540000000000152e-01,2.252079999999999915e-01,4.669600000000000140e-02,8.117459999999999676e-01,8.882499999999999840e-01,-6.163459999999999495e-01,-2.197446999999999928e+00,9.392540000000000333e-01,5.312280000000000335e-01,4.802239999999999842e-01,4.547229999999999883e-01,7.097390000000000088e-01,1.372781000000000029e+00,3.272140000000000049e-01,-8.968639999999999946e-01,-8.968639999999999946e-01,-1.828180000000000083e-01,4.037189999999999945e-01,-2.980800000000000116e-02,3.017130000000000090e-01,1.092262999999999984e+00,-8.081199999999999495e-02,-1.253886999999999974e+00,3.782179999999999986e-01,1.627798000000000078e+00,2.252079999999999915e-01,-1.891428000000000109e+00,-1.828180000000000083e-01,8.372469999999999635e-01,-2.848249999999999948e-01,7.352410000000000334e-01,1.449286000000000074e+00,5.057260000000000089e-01,-9.478670000000000151e-01,6.842369999999999841e-01,-1.063130000000000047e-01,-3.103259999999999907e-01,3.782179999999999986e-01,1.487030000000000018e-01,-3.613299999999999845e-01,-2.338210000000000011e-01,2.119499999999999856e-02,8.372469999999999635e-01,4.547229999999999883e-01,4.037189999999999945e-01,-4.123330000000000051e-01,1.742049999999999987e-01,7.219799999999999829e-02,6.842369999999999841e-01,4.547229999999999883e-01,-2.593230000000000257e-01,-5.398410000000000153e-01,-8.203589999999999494e-01,6.077320000000000499e-01,1.296276999999999902e+00,-6.928509999999999946e-01,-4.307000000000000065e-03,1.015759000000000079e+00,2.252079999999999915e-01,-2.848249999999999948e-01,2.762109999999999843e-01,1.742049999999999987e-01,2.507099999999999884e-01,3.782179999999999986e-01,3.017130000000000090e-01,-5.530999999999999805e-02,-1.432398000000000060e+00,-1.573170000000000124e-01,1.232010000000000050e-01,-5.398410000000000153e-01,6.842369999999999841e-01,1.194269999999999943e+00,1.041260000000000074e+00,7.352410000000000334e-01,4.669600000000000140e-02,1.232010000000000050e-01,3.017130000000000090e-01,-4.633360000000000256e-01,-9.223660000000000192e-01,-3.868309999999999804e-01,9.647550000000000292e-01,1.270774999999999988e+00,-5.398410000000000153e-01,-3.868309999999999804e-01,4.669600000000000140e-02,4.802239999999999842e-01,1.015759000000000079e+00,4.037189999999999945e-01,-1.253886999999999974e+00,-8.081199999999999495e-02,6.587359999999999882e-01,7.097390000000000088e-01,7.352410000000000334e-01,-1.573170000000000124e-01,5.822310000000000541e-01,4.547229999999999883e-01,-9.478670000000000151e-01,-5.908440000000000358e-01,1.997059999999999946e-01,7.352410000000000334e-01,1.117764999999999898e+00,2.252079999999999915e-01,-2.018936000000000064e+00,-5.530999999999999805e-02,7.097390000000000088e-01,2.762109999999999843e-01,4.547229999999999883e-01,7.097390000000000088e-01,3.017130000000000090e-01,7.352410000000000334e-01,6.587359999999999882e-01,-1.508903000000000105e+00,-2.248451000000000199e+00,7.862440000000000540e-01,8.372469999999999635e-01,1.117764999999999898e+00,8.627489999999999881e-01,8.372469999999999635e-01,-9.478670000000000151e-01,-2.083200000000000052e-01,9.137520000000000087e-01,1.997059999999999946e-01,-1.573170000000000124e-01,-9.733690000000000397e-01,-3.868309999999999804e-01,1.487030000000000018e-01,5.567290000000000294e-01,8.627489999999999881e-01,3.782179999999999986e-01,-1.318149999999999877e-01,4.292210000000000192e-01,3.527159999999999740e-01,-7.183530000000000193e-01,3.017130000000000090e-01,-2.083200000000000052e-01,1.997059999999999946e-01,5.567290000000000294e-01,2.762109999999999843e-01,2.252079999999999915e-01,2.762109999999999843e-01,4.292210000000000192e-01,9.769999999999999518e-02,-3.868309999999999804e-01,4.802239999999999842e-01,4.547229999999999883e-01,-1.381394999999999929e+00,-8.968639999999999946e-01,3.272140000000000049e-01,8.882499999999999840e-01,1.474787999999999988e+00,4.292210000000000192e-01,-1.318149999999999877e-01,-2.593230000000000257e-01,1.168768000000000029e+00,-2.980800000000000116e-02,-7.948570000000000357e-01,-2.848249999999999948e-01,-1.063130000000000047e-01,-3.613299999999999845e-01,5.312280000000000335e-01,7.862440000000000540e-01,4.547229999999999883e-01,9.769999999999999518e-02,5.567290000000000294e-01,-7.438540000000000152e-01,-1.828180000000000083e-01,5.822310000000000541e-01,4.802239999999999842e-01,3.017130000000000090e-01,-8.081199999999999495e-02,-3.613299999999999845e-01,3.527159999999999740e-01,4.292210000000000192e-01,-1.100877000000000105e+00,-2.848249999999999948e-01,6.587359999999999882e-01,9.647550000000000292e-01,9.137520000000000087e-01,2.762109999999999843e-01,4.547229999999999883e-01,5.822310000000000541e-01,-1.279387999999999970e+00,-1.432398000000000060e+00,9.392540000000000333e-01,1.066761999999999988e+00,1.117764999999999898e+00,-8.081199999999999495e-02,-4.633360000000000256e-01,5.822310000000000541e-01,-1.100877000000000105e+00,-1.828180000000000083e-01,1.742049999999999987e-01,4.547229999999999883e-01,5.567290000000000294e-01,8.372469999999999635e-01,4.292210000000000192e-01,2.507099999999999884e-01,-8.081199999999999495e-02,-5.530999999999999805e-02,-3.613299999999999845e-01,5.312280000000000335e-01,-2.980800000000000116e-02,-8.713619999999999699e-01,1.742049999999999987e-01,1.755306000000000033e+00,-5.530999999999999805e-02,-1.304890000000000105e+00,-2.848249999999999948e-01,8.117459999999999676e-01,7.097390000000000088e-01,7.097390000000000088e-01,4.802239999999999842e-01,6.332339999999999636e-01,1.742049999999999987e-01,-1.828180000000000083e-01,-3.868309999999999804e-01,-3.358280000000000154e-01,2.252079999999999915e-01,9.769999999999999518e-02,-6.163459999999999495e-01,2.252079999999999915e-01,1.232010000000000050e-01,1.997059999999999946e-01,5.567290000000000294e-01,2.252079999999999915e-01,-9.988700000000000356e-01,9.392540000000000333e-01,1.041260000000000074e+00,-3.103259999999999907e-01,8.627489999999999881e-01,-1.828180000000000083e-01,-1.712916000000000105e+00,5.567290000000000294e-01,8.882499999999999840e-01,-3.613299999999999845e-01,6.587359999999999882e-01,3.527159999999999740e-01,3.782179999999999986e-01,4.802239999999999842e-01,-2.980800000000000116e-02,-8.968639999999999946e-01,-2.980800000000000116e-02,6.842369999999999841e-01,1.232010000000000050e-01,-8.203589999999999494e-01,2.507099999999999884e-01,8.627489999999999881e-01,4.037189999999999945e-01,1.232010000000000050e-01,-4.307000000000000065e-03,4.547229999999999883e-01,1.742049999999999987e-01,-4.633360000000000256e-01,-1.573170000000000124e-01,7.607420000000000293e-01,-8.081199999999999495e-02,-6.163459999999999495e-01,8.627489999999999881e-01,1.627798000000000078e+00,7.862440000000000540e-01,-8.458609999999999740e-01,-1.457899999999999974e+00,-2.083200000000000052e-01,7.352410000000000334e-01,1.755306000000000033e+00,2.762109999999999843e-01,-8.968639999999999946e-01,1.232010000000000050e-01,2.507099999999999884e-01,2.762109999999999843e-01,7.352410000000000334e-01,-6.928509999999999946e-01,-9.988700000000000356e-01,3.017130000000000090e-01,8.372469999999999635e-01,6.842369999999999841e-01,4.292210000000000192e-01,5.567290000000000294e-01,4.292210000000000192e-01,-5.908440000000000358e-01,-2.338210000000000011e-01,4.292210000000000192e-01,-2.338210000000000011e-01,2.119499999999999856e-02,2.252079999999999915e-01,3.272140000000000049e-01,7.219799999999999829e-02,-2.083200000000000052e-01,2.507099999999999884e-01,5.822310000000000541e-01,1.487030000000000018e-01,7.097390000000000088e-01,6.842369999999999841e-01,1.232010000000000050e-01,-6.163459999999999495e-01,2.119499999999999856e-02,1.742049999999999987e-01,6.077320000000000499e-01,2.119499999999999856e-02,-3.868309999999999804e-01,-7.438540000000000152e-01,-6.418479999999999741e-01,8.882499999999999840e-01,9.902570000000000539e-01,5.567290000000000294e-01,-8.081199999999999495e-02,8.882499999999999840e-01,3.782179999999999986e-01,-5.908440000000000358e-01,4.669600000000000140e-02,-5.530999999999999805e-02,-4.888379999999999947e-01,4.547229999999999883e-01,1.015759000000000079e+00,4.037189999999999945e-01,-1.457899999999999974e+00,-2.338210000000000011e-01,6.077320000000000499e-01,9.137520000000000087e-01,3.017130000000000090e-01,2.119499999999999856e-02,-7.948570000000000357e-01,-5.908440000000000358e-01,9.392540000000000333e-01,1.245273000000000074e+00,6.332339999999999636e-01,-5.908440000000000358e-01,5.312280000000000335e-01,-3.613299999999999845e-01,-1.049873999999999974e+00,1.041260000000000074e+00,1.092262999999999984e+00,2.507099999999999884e-01,-7.948570000000000357e-01,-5.143389999999999906e-01,-1.828180000000000083e-01,1.704302999999999901e+00,2.214335000000000164e+00,-7.438540000000000152e-01,-1.406897000000000064e+00,-1.828180000000000083e-01,1.997059999999999946e-01,4.547229999999999883e-01,7.607420000000000293e-01,-3.103259999999999907e-01,-5.653430000000000399e-01,4.669600000000000140e-02,4.669600000000000140e-02,4.669600000000000140e-02,1.015759000000000079e+00,9.647550000000000292e-01,-8.713619999999999699e-01,-3.613299999999999845e-01,1.321777999999999897e+00,1.194269999999999943e+00,4.802239999999999842e-01,-2.593230000000000257e-01,1.997059999999999946e-01,1.232010000000000050e-01,-3.613299999999999845e-01,-7.948570000000000357e-01,-5.530999999999999805e-02,-3.613299999999999845e-01,2.762109999999999843e-01,3.272140000000000049e-01,3.782179999999999986e-01,3.017130000000000090e-01,1.997059999999999946e-01,9.769999999999999518e-02,1.232010000000000050e-01,9.769999999999999518e-02,3.017130000000000090e-01,4.292210000000000192e-01,5.822310000000000541e-01,-4.633360000000000256e-01,-2.171946000000000154e+00,1.245273000000000074e+00,7.097390000000000088e-01,-2.848249999999999948e-01,5.567290000000000294e-01,1.117764999999999898e+00,1.232010000000000050e-01,1.487030000000000018e-01,7.352410000000000334e-01,1.487030000000000018e-01,-6.418479999999999741e-01,-6.673489999999999700e-01,-2.593230000000000257e-01,-3.868309999999999804e-01,9.769999999999999518e-02,7.352410000000000334e-01,7.607420000000000293e-01,1.742049999999999987e-01,-1.304890000000000105e+00,6.842369999999999841e-01,1.066761999999999988e+00,6.077320000000000499e-01,1.245273000000000074e+00,2.762109999999999843e-01,-2.171946000000000154e+00,-3.868309999999999804e-01,8.372469999999999635e-01,2.252079999999999915e-01,-1.100877000000000105e+00,1.755306000000000033e+00,1.092262999999999984e+00,-5.143389999999999906e-01,2.119499999999999856e-02,3.272140000000000049e-01,-8.458609999999999740e-01,2.762109999999999843e-01,5.567290000000000294e-01,3.017130000000000090e-01,4.292210000000000192e-01,-3.358280000000000154e-01,-4.633360000000000256e-01,1.742049999999999987e-01,5.312280000000000335e-01,1.232010000000000050e-01,1.487030000000000018e-01,6.077320000000000499e-01,-4.378349999999999742e-01,4.547229999999999883e-01,8.372469999999999635e-01,-2.848249999999999948e-01,4.037189999999999945e-01,-2.980800000000000116e-02,4.547229999999999883e-01,-3.358280000000000154e-01,-1.100877000000000105e+00,5.822310000000000541e-01,6.587359999999999882e-01,7.219799999999999829e-02,-8.081199999999999495e-02,-3.103259999999999907e-01,-5.530999999999999805e-02,1.602295999999999943e+00,5.312280000000000335e-01,-1.457899999999999974e+00,3.017130000000000090e-01,3.017130000000000090e-01,1.742049999999999987e-01,6.842369999999999841e-01,1.232010000000000050e-01,4.669600000000000140e-02,2.119499999999999856e-02,-1.828180000000000083e-01,5.312280000000000335e-01,4.037189999999999945e-01,-1.828180000000000083e-01,-1.828180000000000083e-01,9.392540000000000333e-01,9.769999999999999518e-02,-1.865925999999999974e+00,3.782179999999999986e-01,7.862440000000000540e-01,1.551293000000000033e+00,1.232010000000000050e-01,7.219799999999999829e-02,1.232010000000000050e-01,-1.457899999999999974e+00,-5.398410000000000153e-01,9.647550000000000292e-01,5.822310000000000541e-01,3.527159999999999740e-01,1.296276999999999902e+00,1.653299000000000074e+00,-6.418479999999999741e-01,-6.163459999999999495e-01,-1.049873999999999974e+00,-2.848249999999999948e-01,2.119499999999999856e-02,1.232010000000000050e-01,-4.307000000000000065e-03,1.092262999999999984e+00,9.137520000000000087e-01,-5.530999999999999805e-02,3.782179999999999986e-01,1.015759000000000079e+00,-1.330392000000000019e+00,-2.593230000000000257e-01,7.862440000000000540e-01,7.219799999999999829e-02,-1.279387999999999970e+00,8.372469999999999635e-01,2.762109999999999843e-01,7.352410000000000334e-01,1.423785000000000078e+00,1.997059999999999946e-01,-3.358280000000000154e-01,2.119499999999999856e-02,9.769999999999999518e-02,-2.848249999999999948e-01,-1.828180000000000083e-01,-2.848249999999999948e-01,1.487030000000000018e-01,3.527159999999999740e-01,7.352410000000000334e-01,-5.908440000000000358e-01,7.219799999999999829e-02,3.017130000000000090e-01,5.567290000000000294e-01,8.627489999999999881e-01,2.507099999999999884e-01,-1.304890000000000105e+00,6.077320000000000499e-01,9.769999999999999518e-02,-1.573170000000000124e-01,2.507099999999999884e-01,3.017130000000000090e-01,7.862440000000000540e-01,4.037189999999999945e-01,-3.103259999999999907e-01,4.547229999999999883e-01,2.119499999999999856e-02,-2.848249999999999948e-01,1.117764999999999898e+00,1.487030000000000018e-01,-4.307000000000000065e-03,-9.988700000000000356e-01,-6.418479999999999741e-01,5.312280000000000335e-01,1.270774999999999988e+00,1.232010000000000050e-01,-5.530999999999999805e-02,1.066761999999999988e+00,-2.338210000000000011e-01,-1.840424000000000060e+00,-4.633360000000000256e-01,1.041260000000000074e+00,5.822310000000000541e-01,1.219772000000000078e+00,1.347280000000000033e+00,3.017130000000000090e-01,-8.713619999999999699e-01,7.219799999999999829e-02,-1.318149999999999877e-01,5.567290000000000294e-01,2.507099999999999884e-01,-1.075374999999999970e+00,2.252079999999999915e-01,2.762109999999999843e-01,8.882499999999999840e-01,7.352410000000000334e-01,-6.163459999999999495e-01,-1.573170000000000124e-01,1.997059999999999946e-01,1.232010000000000050e-01,-1.318149999999999877e-01,4.547229999999999883e-01,-8.081199999999999495e-02,2.507099999999999884e-01,5.822310000000000541e-01,-4.633360000000000256e-01,5.822310000000000541e-01,3.272140000000000049e-01,1.742049999999999987e-01,-2.338210000000000011e-01,5.822310000000000541e-01,2.762109999999999843e-01,-5.653430000000000399e-01,-4.123330000000000051e-01,8.372469999999999635e-01,-2.593230000000000257e-01,8.627489999999999881e-01,9.647550000000000292e-01,8.882499999999999840e-01,-7.948570000000000357e-01,2.119499999999999856e-02,1.232010000000000050e-01,5.567290000000000294e-01,5.567290000000000294e-01,-2.732981999999999800e+00,-9.478670000000000151e-01,7.862440000000000540e-01,5.312280000000000335e-01,9.392540000000000333e-01,1.449286000000000074e+00,2.507099999999999884e-01,-8.713619999999999699e-01,2.762109999999999843e-01,6.332339999999999636e-01,-1.318149999999999877e-01,-4.307000000000000065e-03,9.769999999999999518e-02,3.782179999999999986e-01,4.547229999999999883e-01,5.822310000000000541e-01,-8.081199999999999495e-02,-4.378349999999999742e-01,-1.318149999999999877e-01,-2.980800000000000116e-02,-2.848249999999999948e-01,3.017130000000000090e-01,3.527159999999999740e-01,3.017130000000000090e-01,2.762109999999999843e-01,4.037189999999999945e-01,-4.378349999999999742e-01,2.252079999999999915e-01,2.507099999999999884e-01,5.312280000000000335e-01,1.487030000000000018e-01,7.097390000000000088e-01,-3.358280000000000154e-01,-4.888379999999999947e-01,-3.613299999999999845e-01,3.527159999999999740e-01,9.137520000000000087e-01,4.802239999999999842e-01,-3.358280000000000154e-01,-3.868309999999999804e-01,2.762109999999999843e-01,3.017130000000000090e-01,7.097390000000000088e-01,9.137520000000000087e-01,5.057260000000000089e-01,-7.693560000000000398e-01,-1.828180000000000083e-01,4.669600000000000140e-02,-8.081199999999999495e-02,-7.183530000000000193e-01,3.782179999999999986e-01,8.372469999999999635e-01,4.669600000000000140e-02,-2.848249999999999948e-01,1.232010000000000050e-01,-6.418479999999999741e-01,3.527159999999999740e-01,6.332339999999999636e-01,8.117459999999999676e-01,4.802239999999999842e-01,1.232010000000000050e-01,1.232010000000000050e-01,2.507099999999999884e-01,2.762109999999999843e-01,-3.103259999999999907e-01,-6.928509999999999946e-01,3.782179999999999986e-01,9.137520000000000087e-01,9.769999999999999518e-02,-1.916929000000000105e+00,1.232010000000000050e-01,1.168768000000000029e+00,1.092262999999999984e+00,-7.438540000000000152e-01,-4.307000000000000065e-03,1.015759000000000079e+00,3.782179999999999986e-01,-2.593230000000000257e-01,-1.828180000000000083e-01,3.527159999999999740e-01,4.292210000000000192e-01,3.782179999999999986e-01,2.762109999999999843e-01,3.272140000000000049e-01,2.762109999999999843e-01,-7.693560000000000398e-01,-1.202884000000000064e+00,-3.103259999999999907e-01,7.352410000000000334e-01,8.627489999999999881e-01,5.057260000000000089e-01,1.015759000000000079e+00,-3.868309999999999804e-01,-8.081199999999999495e-02,5.057260000000000089e-01,5.057260000000000089e-01,3.017130000000000090e-01,-2.980800000000000116e-02,-8.081199999999999495e-02,4.037189999999999945e-01,-4.307000000000000065e-03,-3.613299999999999845e-01,-1.573170000000000124e-01,8.372469999999999635e-01,2.507099999999999884e-01,-3.103259999999999907e-01,-8.081199999999999495e-02,4.802239999999999842e-01,-4.307000000000000065e-03,-1.318149999999999877e-01,9.769999999999999518e-02,7.352410000000000334e-01,4.669600000000000140e-02,-2.848249999999999948e-01,1.997059999999999946e-01,2.507099999999999884e-01,7.607420000000000293e-01,6.332339999999999636e-01,5.057260000000000089e-01,4.037189999999999945e-01,-8.081199999999999495e-02,-1.828180000000000083e-01,-9.223660000000000192e-01,4.669600000000000140e-02,3.782179999999999986e-01,1.742049999999999987e-01,1.525790999999999897e+00,-9.223660000000000192e-01,-3.115505999999999887e+00,2.507099999999999884e-01,1.066761999999999988e+00,1.194269999999999943e+00,6.842369999999999841e-01,1.270774999999999988e+00,4.802239999999999842e-01,-2.083200000000000052e-01,-2.338210000000000011e-01,4.037189999999999945e-01,-3.868309999999999804e-01,-1.100877000000000105e+00,9.769999999999999518e-02,8.627489999999999881e-01,1.398282999999999943e+00,1.232010000000000050e-01,-1.279387999999999970e+00,5.312280000000000335e-01,2.119499999999999856e-02,-1.559906000000000015e+00,3.272140000000000049e-01,1.347280000000000033e+00,1.066761999999999988e+00,2.762109999999999843e-01,-8.968639999999999946e-01,-1.828180000000000083e-01,1.742049999999999987e-01,5.567290000000000294e-01,5.567290000000000294e-01,8.372469999999999635e-01,4.802239999999999842e-01,-4.888379999999999947e-01,1.997059999999999946e-01,2.507099999999999884e-01,3.782179999999999986e-01,9.769999999999999518e-02,-8.968639999999999946e-01,-1.828180000000000083e-01,4.547229999999999883e-01,2.762109999999999843e-01,1.487030000000000018e-01,-1.508903000000000105e+00,1.449286000000000074e+00,1.551293000000000033e+00,-9.478670000000000151e-01,-8.968639999999999946e-01,1.015759000000000079e+00,1.015759000000000079e+00,-5.530999999999999805e-02,6.842369999999999841e-01,-1.063130000000000047e-01,-4.888379999999999947e-01,-5.143389999999999906e-01,6.332339999999999636e-01,5.822310000000000541e-01,-4.633360000000000256e-01,1.487030000000000018e-01,9.769999999999999518e-02,1.232010000000000050e-01,4.802239999999999842e-01,1.015759000000000079e+00,5.567290000000000294e-01,-1.406897000000000064e+00,2.119499999999999856e-02,1.245273000000000074e+00,4.292210000000000192e-01,-3.358280000000000154e-01,-8.081199999999999495e-02,-1.483402000000000109e+00,2.507099999999999884e-01,3.782179999999999986e-01,1.168768000000000029e+00,8.627489999999999881e-01,-2.338210000000000011e-01,-5.908440000000000358e-01,7.607420000000000293e-01,2.507099999999999884e-01,-1.318149999999999877e-01,-1.024372000000000060e+00,1.117764999999999898e+00,-3.103259999999999907e-01,-1.063130000000000047e-01,9.137520000000000087e-01,4.802239999999999842e-01,7.862440000000000540e-01,4.292210000000000192e-01,-8.081199999999999495e-02,-4.307000000000000065e-03,2.762109999999999843e-01,-8.713619999999999699e-01,2.119499999999999856e-02,1.232010000000000050e-01,-7.693560000000000398e-01,7.352410000000000334e-01,1.449286000000000074e+00,8.372469999999999635e-01,-9.988700000000000356e-01,-1.177381999999999929e+00,1.015759000000000079e+00,4.037189999999999945e-01,4.037189999999999945e-01,4.037189999999999945e-01,-5.143389999999999906e-01,1.742049999999999987e-01,8.117459999999999676e-01,4.802239999999999842e-01,4.669600000000000140e-02,-1.573170000000000124e-01,3.272140000000000049e-01,3.017130000000000090e-01,-8.203589999999999494e-01,-7.948570000000000357e-01,-5.530999999999999805e-02,3.782179999999999986e-01,4.547229999999999883e-01,1.092262999999999984e+00,8.372469999999999635e-01,-1.304890000000000105e+00,-1.100877000000000105e+00,1.525790999999999897e+00,1.270774999999999988e+00,-1.228385000000000060e+00,-3.358280000000000154e-01,7.097390000000000088e-01,7.352410000000000334e-01,8.882499999999999840e-01,-8.081199999999999495e-02,2.507099999999999884e-01,4.292210000000000192e-01,-6.418479999999999741e-01,2.507099999999999884e-01,-1.828180000000000083e-01,-1.712916000000000105e+00,-1.318149999999999877e-01,1.423785000000000078e+00,1.092262999999999984e+00,2.119499999999999856e-02,-5.530999999999999805e-02,8.372469999999999635e-01,3.527159999999999740e-01,-6.928509999999999946e-01,-4.307000000000000065e-03,7.862440000000000540e-01,5.312280000000000335e-01,-7.438540000000000152e-01,1.997059999999999946e-01,4.037189999999999945e-01,-4.633360000000000256e-01,3.527159999999999740e-01,4.669600000000000140e-02,4.669600000000000140e-02,4.037189999999999945e-01,2.252079999999999915e-01,8.117459999999999676e-01,-8.081199999999999495e-02,-7.693560000000000398e-01,7.097390000000000088e-01,-2.980800000000000116e-02,8.882499999999999840e-01,6.077320000000000499e-01,-9.223660000000000192e-01,-4.378349999999999742e-01,-2.980800000000000116e-02,1.066761999999999988e+00,6.332339999999999636e-01,4.669600000000000140e-02,1.270774999999999988e+00,8.627489999999999881e-01,-1.381394999999999929e+00,-2.120941999999999883e+00,2.252079999999999915e-01,2.252079999999999915e-01,1.602295999999999943e+00,8.117459999999999676e-01,-5.143389999999999906e-01,1.997059999999999946e-01,7.097390000000000088e-01,-8.081199999999999495e-02,-8.081199999999999495e-02,-1.075374999999999970e+00,7.097390000000000088e-01,6.077320000000000499e-01,-6.673489999999999700e-01,-4.888379999999999947e-01,9.902570000000000539e-01,1.168768000000000029e+00,1.143267000000000033e+00,6.332339999999999636e-01,-8.081199999999999495e-02,-1.763919000000000015e+00,-1.381394999999999929e+00,5.567290000000000294e-01,1.729803999999999897e+00,8.372469999999999635e-01,-5.143389999999999906e-01,3.017130000000000090e-01,3.782179999999999986e-01,-8.081199999999999495e-02,-2.593230000000000257e-01,-1.828180000000000083e-01,4.037189999999999945e-01,-5.143389999999999906e-01,-3.358280000000000154e-01,-1.063130000000000047e-01,1.551293000000000033e+00,7.097390000000000088e-01,-6.163459999999999495e-01,7.219799999999999829e-02,4.037189999999999945e-01,-2.083200000000000052e-01,-3.358280000000000154e-01,5.567290000000000294e-01,6.587359999999999882e-01,3.272140000000000049e-01,-2.848249999999999948e-01,4.547229999999999883e-01,4.292210000000000192e-01,-3.868309999999999804e-01,7.219799999999999829e-02,4.292210000000000192e-01,4.547229999999999883e-01,-2.980800000000000116e-02,-3.613299999999999845e-01,1.487030000000000018e-01,-2.593230000000000257e-01,3.272140000000000049e-01,9.392540000000000333e-01,9.137520000000000087e-01,-6.163459999999999495e-01,-1.100877000000000105e+00,7.607420000000000293e-01,5.567290000000000294e-01,5.567290000000000294e-01,2.762109999999999843e-01,-2.848249999999999948e-01,-5.143389999999999906e-01,-1.828180000000000083e-01,1.321777999999999897e+00,7.607420000000000293e-01,-3.613299999999999845e-01,-9.478670000000000151e-01,-5.398410000000000153e-01,1.742049999999999987e-01,6.077320000000000499e-01,1.219772000000000078e+00,1.117764999999999898e+00,-4.888379999999999947e-01,-4.378349999999999742e-01,6.842369999999999841e-01,7.352410000000000334e-01,-7.183530000000000193e-01,-1.573170000000000124e-01,-2.083200000000000052e-01,-1.318149999999999877e-01,6.842369999999999841e-01,1.997059999999999946e-01,7.607420000000000293e-01,4.292210000000000192e-01,-5.143389999999999906e-01,-8.458609999999999740e-01,-2.848249999999999948e-01,7.607420000000000293e-01,1.168768000000000029e+00,6.842369999999999841e-01,-9.733690000000000397e-01,-1.828180000000000083e-01,7.862440000000000540e-01,1.092262999999999984e+00,-6.418479999999999741e-01,-7.948570000000000357e-01,6.587359999999999882e-01,5.567290000000000294e-01,6.332339999999999636e-01,3.272140000000000049e-01,3.782179999999999986e-01,5.312280000000000335e-01,-9.223660000000000192e-01,-8.081199999999999495e-02,-1.318149999999999877e-01,7.352410000000000334e-01,3.017130000000000090e-01,-9.478670000000000151e-01,-8.081199999999999495e-02,4.037189999999999945e-01,1.755306000000000033e+00,1.232010000000000050e-01,-2.018936000000000064e+00,8.372469999999999635e-01,1.092262999999999984e+00,2.762109999999999843e-01,5.822310000000000541e-01,1.372781000000000029e+00,-1.916929000000000105e+00,-1.661912999999999974e+00,6.332339999999999636e-01,1.066761999999999988e+00,4.037189999999999945e-01,6.842369999999999841e-01,-2.980800000000000116e-02,-4.633360000000000256e-01,1.997059999999999946e-01,7.607420000000000293e-01,2.119499999999999856e-02,-1.330392000000000019e+00,-4.888379999999999947e-01,9.392540000000000333e-01,8.882499999999999840e-01,2.507099999999999884e-01,2.119499999999999856e-02,3.782179999999999986e-01,7.097390000000000088e-01,8.882499999999999840e-01,3.272140000000000049e-01,-4.633360000000000256e-01,-6.928509999999999946e-01,-5.398410000000000153e-01,-5.143389999999999906e-01,2.119499999999999856e-02,7.352410000000000334e-01,1.015759000000000079e+00,-1.318149999999999877e-01,-2.083200000000000052e-01,1.372781000000000029e+00,1.194269999999999943e+00,-2.681977999999999973e+00,-4.123330000000000051e-01,1.168768000000000029e+00,1.997059999999999946e-01,-5.530999999999999805e-02,1.245273000000000074e+00,9.647550000000000292e-01,9.392540000000000333e-01,-6.163459999999999495e-01,-7.438540000000000152e-01,-8.081199999999999495e-02,3.782179999999999986e-01,3.272140000000000049e-01,-3.103259999999999907e-01,3.272140000000000049e-01,-4.378349999999999742e-01,-8.968639999999999946e-01,7.352410000000000334e-01,-4.307000000000000065e-03,1.372781000000000029e+00,4.802239999999999842e-01,-1.916929000000000105e+00,8.882499999999999840e-01,1.015759000000000079e+00,3.527159999999999740e-01,5.057260000000000089e-01,3.782179999999999986e-01,-4.307000000000000065e-03,-4.888379999999999947e-01,-1.075374999999999970e+00,-2.593230000000000257e-01,-2.338210000000000011e-01,9.392540000000000333e-01,1.398282999999999943e+00,-7.438540000000000152e-01,-8.458609999999999740e-01,4.547229999999999883e-01,1.347280000000000033e+00,8.627489999999999881e-01,7.219799999999999829e-02,-5.143389999999999906e-01,-4.307000000000000065e-03,-2.197446999999999928e+00,6.077320000000000499e-01,1.347280000000000033e+00,4.292210000000000192e-01,-7.183530000000000193e-01,4.802239999999999842e-01,1.066761999999999988e+00,1.232010000000000050e-01,2.252079999999999915e-01,3.017130000000000090e-01,5.057260000000000089e-01,-3.358280000000000154e-01,-3.613299999999999845e-01,-3.358280000000000154e-01,1.742049999999999987e-01,4.292210000000000192e-01,1.487030000000000018e-01,-2.338210000000000011e-01,-8.203589999999999494e-01,4.292210000000000192e-01,4.547229999999999883e-01,5.822310000000000541e-01,6.332339999999999636e-01,1.487030000000000018e-01,-8.203589999999999494e-01,6.332339999999999636e-01,2.762109999999999843e-01,-2.593230000000000257e-01,4.292210000000000192e-01,2.647863000000000078e+00,-4.378349999999999742e-01,-5.398410000000000153e-01,-2.338210000000000011e-01,-6.673489999999999700e-01,-3.358280000000000154e-01,5.057260000000000089e-01,-1.508903000000000105e+00,-6.418479999999999741e-01,6.842369999999999841e-01,1.423785000000000078e+00,2.010321999999999942e+00,4.802239999999999842e-01,-3.868309999999999804e-01,9.137520000000000087e-01,-2.848249999999999948e-01,-1.585407999999999928e+00,1.997059999999999946e-01,-1.573170000000000124e-01,1.092262999999999984e+00,2.119499999999999856e-02,-1.279387999999999970e+00,8.372469999999999635e-01,-2.083200000000000052e-01,6.077320000000000499e-01,1.194269999999999943e+00,8.882499999999999840e-01,1.015759000000000079e+00,-5.653430000000000399e-01,-1.559906000000000015e+00,-1.024372000000000060e+00,4.547229999999999883e-01,9.392540000000000333e-01,5.567290000000000294e-01,2.507099999999999884e-01,5.312280000000000335e-01,-2.338210000000000011e-01,-1.916929000000000105e+00,4.547229999999999883e-01,1.245273000000000074e+00,7.862440000000000540e-01,3.272140000000000049e-01,4.547229999999999883e-01,-4.307000000000000065e-03,2.119499999999999856e-02,-1.063130000000000047e-01,-1.063130000000000047e-01,6.332339999999999636e-01,-6.928509999999999946e-01,-1.049873999999999974e+00,7.862440000000000540e-01,9.137520000000000087e-01,6.842369999999999841e-01,7.219799999999999829e-02,-3.103259999999999907e-01,-6.418479999999999741e-01,2.507099999999999884e-01,4.802239999999999842e-01,1.143267000000000033e+00,1.742049999999999987e-01,-1.828180000000000083e-01,-8.203589999999999494e-01,1.232010000000000050e-01,4.037189999999999945e-01,1.487030000000000018e-01,1.066761999999999988e+00,1.742049999999999987e-01,-7.438540000000000152e-01,4.292210000000000192e-01,1.168768000000000029e+00,5.312280000000000335e-01,-1.406897000000000064e+00,-1.063130000000000047e-01,8.627489999999999881e-01,1.487030000000000018e-01,-1.381394999999999929e+00,9.137520000000000087e-01,1.232010000000000050e-01,2.762109999999999843e-01,1.015759000000000079e+00,4.547229999999999883e-01,-1.100877000000000105e+00,5.822310000000000541e-01,6.842369999999999841e-01,3.017130000000000090e-01,4.547229999999999883e-01,-8.081199999999999495e-02,-5.908440000000000358e-01,-4.123330000000000051e-01,9.902570000000000539e-01,6.077320000000000499e-01,-4.307000000000000065e-03,-4.123330000000000051e-01,-4.307000000000000065e-03,4.037189999999999945e-01,6.332339999999999636e-01,-6.928509999999999946e-01,-6.163459999999999495e-01,1.296276999999999902e+00,7.607420000000000293e-01,-1.202884000000000064e+00,-1.049873999999999974e+00,7.607420000000000293e-01,9.392540000000000333e-01,1.959319000000000033e+00,3.527159999999999740e-01,-1.585407999999999928e+00,7.219799999999999829e-02,9.902570000000000539e-01,-3.103259999999999907e-01,9.769999999999999518e-02,5.057260000000000089e-01,3.017130000000000090e-01,9.769999999999999518e-02,-1.063130000000000047e-01,-8.081199999999999495e-02,1.487030000000000018e-01,-2.848249999999999948e-01,1.232010000000000050e-01,3.272140000000000049e-01,1.997059999999999946e-01,1.015759000000000079e+00,4.802239999999999842e-01,-1.828180000000000083e-01,-1.063130000000000047e-01,-8.081199999999999495e-02,-2.083200000000000052e-01,9.769999999999999518e-02,5.057260000000000089e-01,5.567290000000000294e-01,4.037189999999999945e-01,-6.163459999999999495e-01,-8.713619999999999699e-01,5.057260000000000089e-01,-1.318149999999999877e-01,-6.928509999999999946e-01,1.933816999999999897e+00,1.117764999999999898e+00,-4.378349999999999742e-01,-2.593230000000000257e-01,7.607420000000000293e-01,-3.613299999999999845e-01,-5.143389999999999906e-01,8.882499999999999840e-01,1.742049999999999987e-01,-3.868309999999999804e-01,6.077320000000000499e-01,8.117459999999999676e-01,2.507099999999999884e-01,-7.693560000000000398e-01,-1.318149999999999877e-01,4.802239999999999842e-01,-8.081199999999999495e-02,-5.398410000000000153e-01,-2.593230000000000257e-01,1.232010000000000050e-01,6.077320000000000499e-01,8.882499999999999840e-01,4.669600000000000140e-02,1.487030000000000018e-01,4.037189999999999945e-01,2.119499999999999856e-02,3.527159999999999740e-01,3.272140000000000049e-01,-4.633360000000000256e-01,-9.988700000000000356e-01,2.252079999999999915e-01,3.017130000000000090e-01,3.527159999999999740e-01,2.252079999999999915e-01,7.352410000000000334e-01,7.219799999999999829e-02,2.507099999999999884e-01,-1.063130000000000047e-01,1.997059999999999946e-01,1.487030000000000018e-01,4.292210000000000192e-01,-2.338210000000000011e-01,3.272140000000000049e-01,4.802239999999999842e-01,-6.928509999999999946e-01,4.547229999999999883e-01,6.332339999999999636e-01,-2.083200000000000052e-01,-1.318149999999999877e-01,5.822310000000000541e-01,7.862440000000000540e-01,3.782179999999999986e-01,2.252079999999999915e-01,-8.203589999999999494e-01,-7.693560000000000398e-01,7.607420000000000293e-01,3.017130000000000090e-01,2.119499999999999856e-02,-2.980800000000000116e-02,3.017130000000000090e-01,5.057260000000000089e-01,4.802239999999999842e-01,3.017130000000000090e-01,7.219799999999999829e-02,-4.123330000000000051e-01,7.352410000000000334e-01,1.997059999999999946e-01,6.842369999999999841e-01,2.119499999999999856e-02,-2.980800000000000116e-02,9.769999999999999518e-02,-5.398410000000000153e-01,-1.814923000000000064e+00,3.017130000000000090e-01,9.647550000000000292e-01,1.041260000000000074e+00,1.143267000000000033e+00,6.332339999999999636e-01,-8.081199999999999495e-02,-2.848249999999999948e-01,1.232010000000000050e-01,-1.828180000000000083e-01,2.252079999999999915e-01,1.232010000000000050e-01,4.547229999999999883e-01,1.487030000000000018e-01,-6.163459999999999495e-01,-9.223660000000000192e-01,3.017130000000000090e-01,5.312280000000000335e-01,5.567290000000000294e-01,3.782179999999999986e-01,3.527159999999999740e-01,6.332339999999999636e-01,1.487030000000000018e-01,4.292210000000000192e-01,-3.103259999999999907e-01,-1.355893000000000015e+00,-8.081199999999999495e-02,7.352410000000000334e-01,7.352410000000000334e-01,1.997059999999999946e-01,-1.573170000000000124e-01,1.742049999999999987e-01,1.015759000000000079e+00,-5.908440000000000358e-01,-2.338210000000000011e-01,3.272140000000000049e-01,-4.123330000000000051e-01,1.742049999999999987e-01,6.842369999999999841e-01,-4.123330000000000051e-01,2.252079999999999915e-01,3.017130000000000090e-01,-3.868309999999999804e-01,3.527159999999999740e-01,1.041260000000000074e+00,1.742049999999999987e-01,-4.888379999999999947e-01,1.232010000000000050e-01,7.219799999999999829e-02,5.312280000000000335e-01,7.607420000000000293e-01,-5.530999999999999805e-02,-1.202884000000000064e+00,4.802239999999999842e-01,5.312280000000000335e-01,-1.063130000000000047e-01,3.782179999999999986e-01,4.292210000000000192e-01,-2.980800000000000116e-02,-5.530999999999999805e-02,5.057260000000000089e-01,-2.338210000000000011e-01,2.119499999999999856e-02,5.822310000000000541e-01,6.332339999999999636e-01,6.587359999999999882e-01,-1.063130000000000047e-01,-1.508903000000000105e+00,-1.318149999999999877e-01,4.802239999999999842e-01,5.312280000000000335e-01,3.527159999999999740e-01,4.802239999999999842e-01,2.762109999999999843e-01,2.762109999999999843e-01,5.567290000000000294e-01,3.527159999999999740e-01,-1.789420999999999928e+00,-2.222948999999999842e+00,7.862440000000000540e-01,1.806308999999999942e+00,-2.980800000000000116e-02,-1.318149999999999877e-01,2.010321999999999942e+00,6.587359999999999882e-01,1.232010000000000050e-01,-3.868309999999999804e-01,-3.613299999999999845e-01,-1.712916000000000105e+00,-4.888379999999999947e-01,2.507099999999999884e-01,4.802239999999999842e-01,1.041260000000000074e+00,1.117764999999999898e+00,3.782179999999999986e-01,-1.075374999999999970e+00,1.487030000000000018e-01,3.782179999999999986e-01,3.272140000000000049e-01,5.057260000000000089e-01,5.822310000000000541e-01,-9.478670000000000151e-01,-3.613299999999999845e-01,4.292210000000000192e-01,3.272140000000000049e-01,1.321777999999999897e+00,6.842369999999999841e-01,-1.228385000000000060e+00,-8.203589999999999494e-01,-4.307000000000000065e-03,6.332339999999999636e-01,1.551293000000000033e+00,7.352410000000000334e-01,-1.814923000000000064e+00,-1.228385000000000060e+00,2.112328999999999901e+00,-2.593230000000000257e-01,-5.398410000000000153e-01,8.882499999999999840e-01,1.270774999999999988e+00,6.587359999999999882e-01,9.392540000000000333e-01,-8.081199999999999495e-02,-1.049873999999999974e+00,-2.593230000000000257e-01,-5.908440000000000358e-01,-3.613299999999999845e-01,-8.081199999999999495e-02,3.017130000000000090e-01,3.527159999999999740e-01,5.057260000000000089e-01,5.057260000000000089e-01,5.312280000000000335e-01,3.527159999999999740e-01,1.997059999999999946e-01,9.769999999999999518e-02,4.669600000000000140e-02,1.232010000000000050e-01,-8.081199999999999495e-02,4.292210000000000192e-01,1.742049999999999987e-01,-1.573170000000000124e-01,1.232010000000000050e-01,-7.438540000000000152e-01,3.272140000000000049e-01,1.143267000000000033e+00,-4.307000000000000065e-03,-2.593230000000000257e-01,2.507099999999999884e-01,6.332339999999999636e-01,1.742049999999999987e-01,-1.126379000000000019e+00,7.219799999999999829e-02,6.587359999999999882e-01,1.117764999999999898e+00,4.292210000000000192e-01,2.119499999999999856e-02,-1.049873999999999974e+00,-2.848249999999999948e-01,-1.828180000000000083e-01,1.742049999999999987e-01,1.449286000000000074e+00,9.769999999999999518e-02,-1.100877000000000105e+00,-2.980800000000000116e-02,9.392540000000000333e-01,5.312280000000000335e-01,-1.828180000000000083e-01,3.272140000000000049e-01,4.669600000000000140e-02,9.769999999999999518e-02,1.232010000000000050e-01,4.802239999999999842e-01,2.119499999999999856e-02,8.372469999999999635e-01,-4.123330000000000051e-01,-1.840424000000000060e+00,-1.318149999999999877e-01,4.037189999999999945e-01,3.272140000000000049e-01,-8.081199999999999495e-02,1.143267000000000033e+00,1.296276999999999902e+00,6.332339999999999636e-01,-2.083200000000000052e-01,-2.848249999999999948e-01,-2.980800000000000116e-02,1.232010000000000050e-01,2.507099999999999884e-01,6.077320000000000499e-01,-7.183530000000000193e-01,-6.163459999999999495e-01,3.527159999999999740e-01,6.332339999999999636e-01,3.272140000000000049e-01,-6.163459999999999495e-01,3.272140000000000049e-01,5.822310000000000541e-01,-4.633360000000000256e-01,-7.183530000000000193e-01,1.245273000000000074e+00,9.769999999999999518e-02,3.017130000000000090e-01,9.769999999999999518e-02,1.232010000000000050e-01,2.762109999999999843e-01,3.017130000000000090e-01,-3.868309999999999804e-01,-6.673489999999999700e-01,-4.307000000000000065e-03,9.769999999999999518e-02,1.755306000000000033e+00,4.802239999999999842e-01,-2.593230000000000257e-01,-5.908440000000000358e-01,2.762109999999999843e-01,3.272140000000000049e-01,4.802239999999999842e-01,2.762109999999999843e-01,-9.223660000000000192e-01,-2.848249999999999948e-01,3.272140000000000049e-01,6.587359999999999882e-01,4.802239999999999842e-01,3.527159999999999740e-01,2.762109999999999843e-01,1.997059999999999946e-01,-6.928509999999999946e-01,5.822310000000000541e-01,-2.980800000000000116e-02,-1.318149999999999877e-01,2.762109999999999843e-01,-4.307000000000000065e-03,-2.980800000000000116e-02,4.292210000000000192e-01,4.802239999999999842e-01,4.037189999999999945e-01,6.332339999999999636e-01,-2.338210000000000011e-01,-1.610910000000000064e+00,-5.398410000000000153e-01,8.117459999999999676e-01,9.137520000000000087e-01,8.372469999999999635e-01,3.272140000000000049e-01,7.607420000000000293e-01,-3.103259999999999907e-01,-1.381394999999999929e+00,4.802239999999999842e-01,1.041260000000000074e+00,5.057260000000000089e-01,-6.418479999999999741e-01,-9.478670000000000151e-01,1.296276999999999902e+00,1.015759000000000079e+00,3.782179999999999986e-01,-3.868309999999999804e-01,-1.406897000000000064e+00,7.219799999999999829e-02,4.292210000000000192e-01,7.862440000000000540e-01,6.077320000000000499e-01,1.232010000000000050e-01,-1.355893000000000015e+00,1.487030000000000018e-01,6.842369999999999841e-01,1.487030000000000018e-01,3.527159999999999740e-01,2.252079999999999915e-01,3.272140000000000049e-01,1.742049999999999987e-01,2.119499999999999856e-02,-5.530999999999999805e-02,3.272140000000000049e-01,5.567290000000000294e-01,5.567290000000000294e-01,3.017130000000000090e-01,-1.063130000000000047e-01,-4.888379999999999947e-01,-2.083200000000000052e-01,-4.633360000000000256e-01,-7.183530000000000193e-01,6.332339999999999636e-01,6.332339999999999636e-01,6.587359999999999882e-01,-1.573170000000000124e-01,-9.223660000000000192e-01,9.647550000000000292e-01,8.372469999999999635e-01,6.587359999999999882e-01,-2.593230000000000257e-01,-2.338210000000000011e-01,3.782179999999999986e-01,1.500289999999999901e+00,2.119499999999999856e-02,-1.381394999999999929e+00,-1.151880000000000015e+00,9.769999999999999518e-02,4.547229999999999883e-01,8.117459999999999676e-01,6.077320000000000499e-01,6.332339999999999636e-01,5.822310000000000541e-01,4.802239999999999842e-01,-3.358280000000000154e-01,-1.508903000000000105e+00,4.037189999999999945e-01,-4.307000000000000065e-03,2.252079999999999915e-01,9.137520000000000087e-01,7.219799999999999829e-02,-5.653430000000000399e-01,2.119499999999999856e-02,5.057260000000000089e-01,4.547229999999999883e-01,3.527159999999999740e-01,4.547229999999999883e-01,-1.049873999999999974e+00,4.292210000000000192e-01,2.762109999999999843e-01,2.762109999999999843e-01,7.352410000000000334e-01,1.487030000000000018e-01,-1.100877000000000105e+00,-1.712916000000000105e+00,1.296276999999999902e+00,1.168768000000000029e+00,1.041260000000000074e+00,5.822310000000000541e-01,1.742049999999999987e-01,1.245273000000000074e+00,-4.888379999999999947e-01,-2.528967999999999883e+00,-1.573170000000000124e-01,7.352410000000000334e-01,1.398282999999999943e+00,5.567290000000000294e-01,-1.828180000000000083e-01,-7.183530000000000193e-01,1.742049999999999987e-01,6.077320000000000499e-01,1.232010000000000050e-01,-2.593230000000000257e-01,2.762109999999999843e-01,4.547229999999999883e-01,3.017130000000000090e-01,2.252079999999999915e-01,-5.143389999999999906e-01,1.997059999999999946e-01,-4.307000000000000065e-03,4.037189999999999945e-01,1.143267000000000033e+00,2.252079999999999915e-01,-1.330392000000000019e+00,-6.163459999999999495e-01,6.332339999999999636e-01,6.587359999999999882e-01,3.017130000000000090e-01,7.352410000000000334e-01,1.245273000000000074e+00,-7.948570000000000357e-01,-2.452463999999999977e+00,6.332339999999999636e-01,8.882499999999999840e-01,7.607420000000000293e-01,4.292210000000000192e-01,2.762109999999999843e-01,-1.573170000000000124e-01,-4.633360000000000256e-01,1.487030000000000018e-01,7.607420000000000293e-01,-1.828180000000000083e-01,-9.478670000000000151e-01,1.041260000000000074e+00,8.627489999999999881e-01,-1.610910000000000064e+00,-9.223660000000000192e-01,9.392540000000000333e-01,8.372469999999999635e-01,7.862440000000000540e-01,8.882499999999999840e-01,3.782179999999999986e-01,-8.203589999999999494e-01,-1.126379000000000019e+00,4.292210000000000192e-01,1.168768000000000029e+00,1.487030000000000018e-01,-8.081199999999999495e-02,3.017130000000000090e-01,-6.673489999999999700e-01,-2.083200000000000052e-01,6.077320000000000499e-01,9.902570000000000539e-01,-2.083200000000000052e-01,-3.613299999999999845e-01,4.669600000000000140e-02,2.252079999999999915e-01,7.097390000000000088e-01,4.802239999999999842e-01,-6.418479999999999741e-01,-1.024372000000000060e+00,3.782179999999999986e-01,1.066761999999999988e+00,1.347280000000000033e+00,4.802239999999999842e-01,-8.203589999999999494e-01,-6.418479999999999741e-01,1.117764999999999898e+00,6.587359999999999882e-01,-1.828180000000000083e-01,1.742049999999999987e-01,-5.530999999999999805e-02,-9.223660000000000192e-01,2.762109999999999843e-01,-2.593230000000000257e-01,1.066761999999999988e+00,7.862440000000000540e-01,-3.613299999999999845e-01,3.782179999999999986e-01,1.232010000000000050e-01,1.742049999999999987e-01,4.292210000000000192e-01,2.762109999999999843e-01,4.669600000000000140e-02,1.997059999999999946e-01,-1.318149999999999877e-01,-5.398410000000000153e-01,1.997059999999999946e-01,2.762109999999999843e-01,-2.980800000000000116e-02,-2.593230000000000257e-01,3.017130000000000090e-01,5.312280000000000335e-01,4.547229999999999883e-01,2.762109999999999843e-01,-2.980800000000000116e-02,2.119499999999999856e-02,8.372469999999999635e-01,1.232010000000000050e-01,-9.733690000000000397e-01,5.312280000000000335e-01,5.567290000000000294e-01,-6.163459999999999495e-01,3.272140000000000049e-01,-5.143389999999999906e-01,3.017130000000000090e-01,7.352410000000000334e-01,9.647550000000000292e-01,3.017130000000000090e-01,8.117459999999999676e-01,2.119499999999999856e-02,-1.202884000000000064e+00,-4.633360000000000256e-01,6.587359999999999882e-01,-1.573170000000000124e-01,4.037189999999999945e-01,2.252079999999999915e-01,-2.338210000000000011e-01,-8.081199999999999495e-02,6.332339999999999636e-01,-1.573170000000000124e-01,1.742049999999999987e-01,-8.081199999999999495e-02,9.647550000000000292e-01,5.057260000000000089e-01,4.292210000000000192e-01,-1.828180000000000083e-01,2.252079999999999915e-01,3.527159999999999740e-01,-2.338210000000000011e-01,-4.307000000000000065e-03,1.742049999999999987e-01,4.669600000000000140e-02,7.219799999999999829e-02,-3.103259999999999907e-01,-4.307000000000000065e-03,2.252079999999999915e-01,1.232010000000000050e-01,1.487030000000000018e-01,1.487030000000000018e-01,1.742049999999999987e-01,4.037189999999999945e-01,9.769999999999999518e-02,1.997059999999999946e-01,1.232010000000000050e-01,-1.063130000000000047e-01,1.742049999999999987e-01,2.252079999999999915e-01,5.057260000000000089e-01,9.137520000000000087e-01,7.219799999999999829e-02,-2.120941999999999883e+00,7.607420000000000293e-01,4.669600000000000140e-02,3.017130000000000090e-01,7.352410000000000334e-01,5.312280000000000335e-01,5.312280000000000335e-01,7.219799999999999829e-02,-8.081199999999999495e-02,-7.438540000000000152e-01,1.143267000000000033e+00,5.312280000000000335e-01,-1.100877000000000105e+00,-9.988700000000000356e-01,6.842369999999999841e-01,-4.633360000000000256e-01,-8.081199999999999495e-02,8.117459999999999676e-01,1.500289999999999901e+00,1.015759000000000079e+00,-7.183530000000000193e-01,-1.828180000000000083e-01,4.292210000000000192e-01,5.057260000000000089e-01,-4.307000000000000065e-03,-6.418479999999999741e-01,-2.083200000000000052e-01,2.762109999999999843e-01,7.097390000000000088e-01,8.627489999999999881e-01,-3.358280000000000154e-01,-8.458609999999999740e-01,6.842369999999999841e-01,1.997059999999999946e-01,-7.438540000000000152e-01,3.272140000000000049e-01,7.862440000000000540e-01,3.272140000000000049e-01,-4.888379999999999947e-01,6.587359999999999882e-01,9.769999999999999518e-02,3.272140000000000049e-01,1.487030000000000018e-01,7.219799999999999829e-02,5.312280000000000335e-01,-3.868309999999999804e-01,2.762109999999999843e-01,1.232010000000000050e-01,-5.530999999999999805e-02,-1.049873999999999974e+00,6.077320000000000499e-01,9.392540000000000333e-01,4.802239999999999842e-01,7.097390000000000088e-01,-2.848249999999999948e-01,-2.083200000000000052e-01,-3.868309999999999804e-01,-4.633360000000000256e-01,7.352410000000000334e-01,7.219799999999999829e-02,1.219772000000000078e+00,1.168768000000000029e+00,-6.418479999999999741e-01,-8.081199999999999495e-02,1.997059999999999946e-01,-1.318149999999999877e-01,3.272140000000000049e-01,-1.573170000000000124e-01,4.669600000000000140e-02,9.769999999999999518e-02,2.762109999999999843e-01,2.507099999999999884e-01,4.037189999999999945e-01,1.015759000000000079e+00,2.119499999999999856e-02,-1.024372000000000060e+00,-2.848249999999999948e-01,1.232010000000000050e-01,3.272140000000000049e-01,8.117459999999999676e-01,6.077320000000000499e-01,7.219799999999999829e-02,-4.888379999999999947e-01,-4.633360000000000256e-01,6.842369999999999841e-01,4.547229999999999883e-01,-8.081199999999999495e-02,5.057260000000000089e-01,1.143267000000000033e+00,-2.980800000000000116e-02,-5.908440000000000358e-01,1.997059999999999946e-01,7.097390000000000088e-01,-1.151880000000000015e+00,-1.304890000000000105e+00,9.647550000000000292e-01,1.219772000000000078e+00,-1.573170000000000124e-01,1.742049999999999987e-01,3.782179999999999986e-01,7.352410000000000334e-01,-3.613299999999999845e-01,-1.151880000000000015e+00,2.252079999999999915e-01,5.312280000000000335e-01,4.292210000000000192e-01,3.272140000000000049e-01,7.219799999999999829e-02,-2.980800000000000116e-02,-2.980800000000000116e-02,6.842369999999999841e-01,6.332339999999999636e-01,-6.928509999999999946e-01,-6.163459999999999495e-01,5.567290000000000294e-01,6.587359999999999882e-01,-4.633360000000000256e-01,-8.081199999999999495e-02,5.822310000000000541e-01,3.272140000000000049e-01,-8.081199999999999495e-02,1.041260000000000074e+00,1.092262999999999984e+00,-1.814923000000000064e+00,-9.478670000000000151e-01,1.398282999999999943e+00,1.742049999999999987e-01,-4.307000000000000065e-03,7.219799999999999829e-02,8.117459999999999676e-01,1.487030000000000018e-01,-1.828180000000000083e-01,5.312280000000000335e-01,1.487030000000000018e-01,2.119499999999999856e-02,-8.968639999999999946e-01,-1.432398000000000060e+00,1.232010000000000050e-01,9.392540000000000333e-01,8.117459999999999676e-01,5.567290000000000294e-01,5.312280000000000335e-01,1.755306000000000033e+00,-6.928509999999999946e-01,-5.530999999999999805e-02,-1.049873999999999974e+00,2.252079999999999915e-01,3.272140000000000049e-01,2.762109999999999843e-01,-3.868309999999999804e-01,-7.948570000000000357e-01,5.312280000000000335e-01,5.567290000000000294e-01,3.527159999999999740e-01,-2.083200000000000052e-01,-4.307000000000000065e-03,1.742049999999999987e-01,-2.980800000000000116e-02,3.017130000000000090e-01,9.647550000000000292e-01,7.862440000000000540e-01,5.567290000000000294e-01,-3.103259999999999907e-01,-3.613299999999999845e-01,-4.307000000000000065e-03,-6.163459999999999495e-01,-1.100877000000000105e+00,5.822310000000000541e-01,-1.318149999999999877e-01,1.143267000000000033e+00,1.551293000000000033e+00,8.882499999999999840e-01,-5.530999999999999805e-02,-3.613299999999999845e-01,-4.378349999999999742e-01,-4.888379999999999947e-01,-5.143389999999999906e-01,1.742049999999999987e-01,7.097390000000000088e-01,-2.338210000000000011e-01,-5.908440000000000358e-01,6.077320000000000499e-01,9.137520000000000087e-01,5.057260000000000089e-01,-1.318149999999999877e-01,4.669600000000000140e-02,5.312280000000000335e-01,2.762109999999999843e-01,-2.848249999999999948e-01,4.669600000000000140e-02,4.037189999999999945e-01,4.547229999999999883e-01,2.119499999999999856e-02,1.742049999999999987e-01,-5.530999999999999805e-02,-4.378349999999999742e-01,3.017130000000000090e-01,6.332339999999999636e-01,-4.888379999999999947e-01,2.119499999999999856e-02,7.097390000000000088e-01,-6.163459999999999495e-01,-7.438540000000000152e-01,1.092262999999999984e+00,6.332339999999999636e-01,2.252079999999999915e-01,-8.081199999999999495e-02,5.822310000000000541e-01,-2.593230000000000257e-01,4.292210000000000192e-01,-5.398410000000000153e-01,3.272140000000000049e-01,8.627489999999999881e-01,3.272140000000000049e-01,-4.307000000000000065e-03,2.252079999999999915e-01,-2.593230000000000257e-01,-4.123330000000000051e-01,2.252079999999999915e-01,4.802239999999999842e-01,3.017130000000000090e-01,1.997059999999999946e-01,2.119499999999999856e-02,-8.081199999999999495e-02,-2.083200000000000052e-01,2.252079999999999915e-01,3.017130000000000090e-01,-4.378349999999999742e-01,-2.980800000000000116e-02,9.392540000000000333e-01,1.168768000000000029e+00,7.219799999999999829e-02,-8.458609999999999740e-01,1.232010000000000050e-01,6.332339999999999636e-01,4.547229999999999883e-01,-6.673489999999999700e-01,-6.673489999999999700e-01,1.487030000000000018e-01,8.117459999999999676e-01,3.527159999999999740e-01,2.252079999999999915e-01,4.037189999999999945e-01,2.762109999999999843e-01,5.567290000000000294e-01,4.802239999999999842e-01,1.232010000000000050e-01,-4.123330000000000051e-01,-8.968639999999999946e-01,-6.418479999999999741e-01,1.997059999999999946e-01,4.547229999999999883e-01,1.232010000000000050e-01,4.547229999999999883e-01,1.487030000000000018e-01,3.272140000000000049e-01,2.252079999999999915e-01,1.742049999999999987e-01,1.372781000000000029e+00,-6.418479999999999741e-01,-1.712916000000000105e+00,5.567290000000000294e-01,9.902570000000000539e-01,4.037189999999999945e-01,3.017130000000000090e-01,-3.358280000000000154e-01,4.037189999999999945e-01,7.219799999999999829e-02,-5.908440000000000358e-01,1.997059999999999946e-01,2.252079999999999915e-01,2.252079999999999915e-01,5.312280000000000335e-01,3.017130000000000090e-01,-4.307000000000000065e-03,-9.733690000000000397e-01,2.252079999999999915e-01,3.017130000000000090e-01,8.117459999999999676e-01,1.092262999999999984e+00,-3.358280000000000154e-01,9.769999999999999518e-02,2.119499999999999856e-02,-1.318149999999999877e-01,2.252079999999999915e-01,2.119499999999999856e-02,2.252079999999999915e-01,-5.530999999999999805e-02,-3.868309999999999804e-01,5.567290000000000294e-01,9.392540000000000333e-01,1.232010000000000050e-01,-1.585407999999999928e+00,5.567290000000000294e-01,5.312280000000000335e-01,1.117764999999999898e+00,2.762109999999999843e-01,-5.530999999999999805e-02,1.487030000000000018e-01,-2.593230000000000257e-01,-6.418479999999999741e-01,-2.980800000000000116e-02,4.802239999999999842e-01,2.252079999999999915e-01,2.252079999999999915e-01,-1.202884000000000064e+00,-5.398410000000000153e-01,5.822310000000000541e-01,9.647550000000000292e-01,9.392540000000000333e-01,1.041260000000000074e+00,8.372469999999999635e-01,-1.318149999999999877e-01,-1.993433999999999928e+00,4.292210000000000192e-01,2.762109999999999843e-01,5.312280000000000335e-01,3.017130000000000090e-01,1.232010000000000050e-01,9.769999999999999518e-02,4.547229999999999883e-01,3.527159999999999740e-01,-8.968639999999999946e-01,4.292210000000000192e-01,5.312280000000000335e-01,-3.103259999999999907e-01,-8.203589999999999494e-01,5.312280000000000335e-01,5.822310000000000541e-01,7.219799999999999829e-02,1.232010000000000050e-01,9.769999999999999518e-02,8.372469999999999635e-01,-6.418479999999999741e-01,-1.063130000000000047e-01,4.669600000000000140e-02,4.802239999999999842e-01,6.332339999999999636e-01,-8.968639999999999946e-01,5.822310000000000541e-01,7.097390000000000088e-01,1.742049999999999987e-01,-2.083200000000000052e-01,4.292210000000000192e-01,3.017130000000000090e-01,2.762109999999999843e-01,-3.103259999999999907e-01,-4.888379999999999947e-01,3.782179999999999986e-01,8.117459999999999676e-01,-6.163459999999999495e-01,3.272140000000000049e-01,2.252079999999999915e-01,2.762109999999999843e-01,1.015759000000000079e+00,6.587359999999999882e-01,-9.733690000000000397e-01,-1.687415000000000109e+00,3.017130000000000090e-01,1.194269999999999943e+00,3.017130000000000090e-01,4.802239999999999842e-01,3.527159999999999740e-01,3.272140000000000049e-01,1.232010000000000050e-01,2.119499999999999856e-02,-1.828180000000000083e-01,3.272140000000000049e-01,2.507099999999999884e-01,-8.458609999999999740e-01,-4.378349999999999742e-01,6.332339999999999636e-01,7.607420000000000293e-01,4.037189999999999945e-01,6.332339999999999636e-01,2.252079999999999915e-01,-8.081199999999999495e-02,-9.223660000000000192e-01,-1.100877000000000105e+00,5.567290000000000294e-01,1.321777999999999897e+00,-8.081199999999999495e-02,-2.083200000000000052e-01,3.272140000000000049e-01,3.527159999999999740e-01,-2.338210000000000011e-01,5.312280000000000335e-01,7.097390000000000088e-01,7.219799999999999829e-02,-1.126379000000000019e+00,-2.083200000000000052e-01,5.312280000000000335e-01,1.742049999999999987e-01,9.392540000000000333e-01,4.037189999999999945e-01,-6.928509999999999946e-01,-2.083200000000000052e-01,7.607420000000000293e-01,4.037189999999999945e-01,-2.593230000000000257e-01,-4.378349999999999742e-01,7.219799999999999829e-02,1.347280000000000033e+00,2.252079999999999915e-01,7.097390000000000088e-01,1.092262999999999984e+00,-8.713619999999999699e-01,-1.763919000000000015e+00,2.507099999999999884e-01,6.332339999999999636e-01,4.037189999999999945e-01,3.017130000000000090e-01,4.292210000000000192e-01,5.312280000000000335e-01,9.769999999999999518e-02,-4.378349999999999742e-01,2.119499999999999856e-02,3.527159999999999740e-01,3.527159999999999740e-01,1.232010000000000050e-01,2.252079999999999915e-01,6.332339999999999636e-01,6.587359999999999882e-01,1.525790999999999897e+00,-8.081199999999999495e-02,-3.472529000000000199e+00,-9.478670000000000151e-01,8.882499999999999840e-01,9.392540000000000333e-01,8.117459999999999676e-01,8.627489999999999881e-01,1.232010000000000050e-01,3.272140000000000049e-01,4.669600000000000140e-02,-8.081199999999999495e-02,4.292210000000000192e-01,1.742049999999999987e-01,-2.593230000000000257e-01,-7.438540000000000152e-01,-8.968639999999999946e-01,7.097390000000000088e-01,7.352410000000000334e-01,3.272140000000000049e-01,4.547229999999999883e-01,1.296276999999999902e+00,-7.438540000000000152e-01,-9.478670000000000151e-01,1.143267000000000033e+00,-1.253886999999999974e+00,-4.633360000000000256e-01,1.423785000000000078e+00,1.015759000000000079e+00,8.627489999999999881e-01,1.742049999999999987e-01,4.292210000000000192e-01,2.762109999999999843e-01,-1.304890000000000105e+00,-9.988700000000000356e-01,2.119499999999999856e-02,4.547229999999999883e-01,1.997059999999999946e-01,4.292210000000000192e-01,5.567290000000000294e-01,4.037189999999999945e-01,3.017130000000000090e-01,9.769999999999999518e-02,1.232010000000000050e-01,2.119499999999999856e-02,-1.573170000000000124e-01,-1.318149999999999877e-01,2.507099999999999884e-01,6.842369999999999841e-01,-2.083200000000000052e-01,1.232010000000000050e-01,7.219799999999999829e-02,-1.828180000000000083e-01,-5.530999999999999805e-02,1.347280000000000033e+00,7.219799999999999829e-02,-3.613299999999999845e-01,1.525790999999999897e+00,3.272140000000000049e-01,-8.203589999999999494e-01,-3.868309999999999804e-01,-2.083200000000000052e-01,-5.530999999999999805e-02,2.119499999999999856e-02,3.272140000000000049e-01,1.602295999999999943e+00,7.862440000000000540e-01,-2.299453999999999887e+00,-1.457899999999999974e+00,1.245273000000000074e+00,1.372781000000000029e+00,9.137520000000000087e-01,3.272140000000000049e-01,4.292210000000000192e-01,3.782179999999999986e-01,-1.063130000000000047e-01,-2.593230000000000257e-01,9.769999999999999518e-02,-2.593230000000000257e-01,2.119499999999999856e-02,-4.307000000000000065e-03,7.219799999999999829e-02,1.742049999999999987e-01,3.272140000000000049e-01,2.119499999999999856e-02,7.219799999999999829e-02,-1.573170000000000124e-01,-8.081199999999999495e-02,1.219772000000000078e+00,-3.868309999999999804e-01,-6.928509999999999946e-01,3.527159999999999740e-01,8.627489999999999881e-01,6.587359999999999882e-01,7.097390000000000088e-01,3.017130000000000090e-01,-4.378349999999999742e-01,1.997059999999999946e-01,1.232010000000000050e-01,-4.378349999999999742e-01,1.232010000000000050e-01,3.017130000000000090e-01,1.232010000000000050e-01,-1.318149999999999877e-01,-2.848249999999999948e-01,-1.828180000000000083e-01,4.669600000000000140e-02,1.742049999999999987e-01,2.762109999999999843e-01,5.312280000000000335e-01,1.092262999999999984e+00,-2.848249999999999948e-01,-1.406897000000000064e+00,3.272140000000000049e-01,4.802239999999999842e-01
6.332339999999999636e-01,9.392540000000000333e-01,4.802239999999999842e-01,1.015759000000000079e+00,7.352410000000000334e-01,-2.018936000000000064e+00,-3.358280000000000154e-01,-8.968639999999999946e-01,-4.633360000000000256e-01,3.527159999999999740e-01,1.143267000000000033e+00,5.822310000000000541e-01,-6.163459999999999495e-01,7.097390000000000088e-01,6.587359999999999882e-01,7.219799999999999829e-02,-2.593230000000000257e-01,1.066761999999999988e+00,1.015759000000000079e+00,-2.018936000000000064e+00,6.332339999999999636e-01,-5.530999999999999805e-02,6.587359999999999882e-01,1.015759000000000079e+00,-8.713619999999999699e-01,-7.693560000000000398e-01,-9.733690000000000397e-01,5.312280000000000335e-01,2.035823999999999856e+00,3.412911999999999946e+00,2.061326000000000214e+00,-2.732981999999999800e+00,-2.426962000000000064e+00,8.882499999999999840e-01,1.296276999999999902e+00,6.077320000000000499e-01,-1.100877000000000105e+00,4.669600000000000140e-02,-2.083200000000000052e-01,-2.681977999999999973e+00,9.647550000000000292e-01,1.576794999999999947e+00,-4.633360000000000256e-01,-1.318149999999999877e-01,4.292210000000000192e-01,8.117459999999999676e-01,-4.633360000000000256e-01,9.769999999999999518e-02,-1.318149999999999877e-01,1.232010000000000050e-01,9.137520000000000087e-01,9.392540000000000333e-01,9.902570000000000539e-01,-2.248451000000000199e+00,-2.452463999999999977e+00,1.245273000000000074e+00,2.826375000000000082e+00,1.933816999999999897e+00,-2.324955000000000105e+00,2.507099999999999884e-01,1.372781000000000029e+00,-7.183530000000000193e-01,-1.814923000000000064e+00,2.494852999999999987e+00,5.567290000000000294e-01,-1.151880000000000015e+00,-2.083200000000000052e-01,-1.330392000000000019e+00,2.035823999999999856e+00,-4.378349999999999742e-01,6.077320000000000499e-01,1.117764999999999898e+00,-4.123330000000000051e-01,-7.693560000000000398e-01,6.077320000000000499e-01,1.997059999999999946e-01,-5.908440000000000358e-01,6.842369999999999841e-01,-1.202884000000000064e+00,2.119499999999999856e-02,3.272140000000000049e-01,8.627489999999999881e-01,-2.338210000000000011e-01,4.547229999999999883e-01,9.392540000000000333e-01,5.312280000000000335e-01,5.312280000000000335e-01,-4.378349999999999742e-01,-3.868309999999999804e-01,5.312280000000000335e-01,-2.593230000000000257e-01,-3.358280000000000154e-01,-7.438540000000000152e-01,-1.253886999999999974e+00,1.551293000000000033e+00,1.245273000000000074e+00,2.762109999999999843e-01,3.017130000000000090e-01,-2.083200000000000052e-01,6.077320000000000499e-01,7.097390000000000088e-01,4.802239999999999842e-01,-8.081199999999999495e-02,-1.075374999999999970e+00,8.372469999999999635e-01,-6.418479999999999741e-01,5.312280000000000335e-01,3.017130000000000090e-01,-8.081199999999999495e-02,6.842369999999999841e-01,2.507099999999999884e-01,-4.888379999999999947e-01,-2.044436999999999838e+00,1.117764999999999898e+00,7.097390000000000088e-01,5.312280000000000335e-01,3.782179999999999986e-01,-1.661912999999999974e+00,-8.968639999999999946e-01,-8.081199999999999495e-02,1.423785000000000078e+00,4.292210000000000192e-01,1.245273000000000074e+00,1.168768000000000029e+00,1.321777999999999897e+00,1.270774999999999988e+00,-2.069939000000000195e+00,-1.687415000000000109e+00,-1.318149999999999877e-01,4.802239999999999842e-01,1.296276999999999902e+00,1.627798000000000078e+00,-4.888379999999999947e-01,-1.253886999999999974e+00,-1.865925999999999974e+00,1.500289999999999901e+00,2.367344999999999811e+00,2.035823999999999856e+00,-5.530999999999999805e-02,-1.304890000000000105e+00,-1.610910000000000064e+00,-3.613299999999999845e-01,1.551293000000000033e+00,5.057260000000000089e-01,6.587359999999999882e-01,1.449286000000000074e+00,-1.534405000000000019e+00,1.997059999999999946e-01,4.669600000000000140e-02,-1.840424000000000060e+00,5.567290000000000294e-01,1.831811000000000078e+00,5.057260000000000089e-01,1.474787999999999988e+00,-4.888379999999999947e-01,-1.304890000000000105e+00,-1.993433999999999928e+00,7.352410000000000334e-01,1.627798000000000078e+00,2.252079999999999915e-01,-1.228385000000000060e+00,3.782179999999999986e-01,2.762109999999999843e-01,1.347280000000000033e+00,-8.968639999999999946e-01,-1.202884000000000064e+00,1.487030000000000018e-01,3.718932000000000127e+00,7.352410000000000334e-01,-1.483402000000000109e+00,-7.183530000000000193e-01,1.487030000000000018e-01,-3.358280000000000154e-01,1.487030000000000018e-01,1.653299000000000074e+00,6.332339999999999636e-01,-1.330392000000000019e+00,-5.653430000000000399e-01,-4.378349999999999742e-01,6.587359999999999882e-01,1.627798000000000078e+00,2.762109999999999843e-01,-5.398410000000000153e-01,2.119499999999999856e-02,7.352410000000000334e-01,9.137520000000000087e-01,-1.228385000000000060e+00,5.057260000000000089e-01,-8.203589999999999494e-01,-3.103259999999999907e-01,1.168768000000000029e+00,3.272140000000000049e-01,4.037189999999999945e-01,1.245273000000000074e+00,8.627489999999999881e-01,-8.458609999999999740e-01,-9.223660000000000192e-01,4.547229999999999883e-01,-5.143389999999999906e-01,1.487030000000000018e-01,2.252079999999999915e-01,-1.318149999999999877e-01,1.742049999999999987e-01,1.997059999999999946e-01,7.352410000000000334e-01,-1.126379000000000019e+00,-5.908440000000000358e-01,5.312280000000000335e-01,1.997059999999999946e-01,1.372781000000000029e+00,-6.928509999999999946e-01,3.782179999999999986e-01,-7.693560000000000398e-01,-2.848249999999999948e-01,5.567290000000000294e-01,7.097390000000000088e-01,2.762109999999999843e-01,2.762109999999999843e-01,7.352410000000000334e-01,-6.163459999999999495e-01,3.527159999999999740e-01,4.669600000000000140e-02,2.762109999999999843e-01,-3.613299999999999845e-01,-1.483402000000000109e+00,1.194269999999999943e+00,1.015759000000000079e+00,-4.307000000000000065e-03,7.352410000000000334e-01,4.669600000000000140e-02,2.507099999999999884e-01,1.143267000000000033e+00,-1.789420999999999928e+00,-7.438540000000000152e-01,-4.123330000000000051e-01,6.077320000000000499e-01,9.902570000000000539e-01,4.802239999999999842e-01,-2.980800000000000116e-02,1.653299000000000074e+00,-1.789420999999999928e+00,1.232010000000000050e-01,2.507099999999999884e-01,-3.868309999999999804e-01,4.802239999999999842e-01,8.117459999999999676e-01,7.607420000000000293e-01,7.862440000000000540e-01,7.862440000000000540e-01,-2.936995000000000022e+00,-3.613299999999999845e-01,1.449286000000000074e+00,2.252079999999999915e-01,8.117459999999999676e-01,7.607420000000000293e-01,-1.534405000000000019e+00,2.762109999999999843e-01,-5.143389999999999906e-01,-1.279387999999999970e+00,9.769999999999999518e-02,-8.081199999999999495e-02,1.232010000000000050e-01,2.443849999999999856e+00,1.551293000000000033e+00,-3.613299999999999845e-01,1.997059999999999946e-01,-3.358280000000000154e-01,-8.203589999999999494e-01,1.232010000000000050e-01,-1.432398000000000060e+00,-9.223660000000000192e-01,1.219772000000000078e+00,1.398282999999999943e+00,7.352410000000000334e-01,-2.044436999999999838e+00,9.392540000000000333e-01,6.587359999999999882e-01,2.252079999999999915e-01,4.292210000000000192e-01,8.882499999999999840e-01,5.057260000000000089e-01,1.066761999999999988e+00,-2.120941999999999883e+00,4.669600000000000140e-02,-1.202884000000000064e+00,9.769999999999999518e-02,6.842369999999999841e-01,8.117459999999999676e-01,5.312280000000000335e-01,3.527159999999999740e-01,-9.223660000000000192e-01,7.862440000000000540e-01,1.296276999999999902e+00,-2.593230000000000257e-01,8.882499999999999840e-01,3.782179999999999986e-01,7.219799999999999829e-02,-1.865925999999999974e+00,-8.081199999999999495e-02,7.219799999999999829e-02,1.831811000000000078e+00,6.587359999999999882e-01,-1.432398000000000060e+00,1.997059999999999946e-01,1.500289999999999901e+00,-3.358280000000000154e-01,-1.202884000000000064e+00,-3.103259999999999907e-01,2.762109999999999843e-01,7.352410000000000334e-01,1.321777999999999897e+00,1.245273000000000074e+00,4.292210000000000192e-01,1.997059999999999946e-01,-1.534405000000000019e+00,-1.355893000000000015e+00,1.487030000000000018e-01,4.037189999999999945e-01,9.647550000000000292e-01,1.066761999999999988e+00,3.527159999999999740e-01,-1.151880000000000015e+00,-8.203589999999999494e-01,-1.151880000000000015e+00,2.290840000000000209e+00,4.802239999999999842e-01,-6.418479999999999741e-01,6.332339999999999636e-01,5.822310000000000541e-01,8.117459999999999676e-01,-1.318149999999999877e-01,7.097390000000000088e-01,-1.828180000000000083e-01,-1.049873999999999974e+00,2.762109999999999843e-01,1.487030000000000018e-01,1.143267000000000033e+00,-2.980800000000000116e-02,7.219799999999999829e-02,-1.126379000000000019e+00,-4.307000000000000065e-03,9.392540000000000333e-01,1.092262999999999984e+00,4.802239999999999842e-01,-5.143389999999999906e-01,1.232010000000000050e-01,8.117459999999999676e-01,2.507099999999999884e-01,-3.103259999999999907e-01,-5.143389999999999906e-01,2.252079999999999915e-01,3.272140000000000049e-01,4.292210000000000192e-01,6.077320000000000499e-01,-1.304890000000000105e+00,7.352410000000000334e-01,-8.458609999999999740e-01,8.372469999999999635e-01,-2.554469999999999796e+00,1.474787999999999988e+00,2.035823999999999856e+00,2.762109999999999843e-01,-1.828180000000000083e-01,7.607420000000000293e-01,-4.633360000000000256e-01,-4.888379999999999947e-01,-1.063130000000000047e-01,9.137520000000000087e-01,4.292210000000000192e-01,-2.528967999999999883e+00,-4.888379999999999947e-01,1.984820999999999946e+00,1.729803999999999897e+00,1.066761999999999988e+00,-5.398410000000000153e-01,-3.358280000000000154e-01,1.092262999999999984e+00,9.902570000000000539e-01,-1.636411000000000060e+00,1.232010000000000050e-01,1.194269999999999943e+00,-4.633360000000000256e-01,3.782179999999999986e-01,-3.868309999999999804e-01,-5.143389999999999906e-01,2.507099999999999884e-01,7.352410000000000334e-01,1.041260000000000074e+00,-1.318149999999999877e-01,2.119499999999999856e-02,8.117459999999999676e-01,-1.457899999999999974e+00,-8.081199999999999495e-02,2.762109999999999843e-01,7.097390000000000088e-01,3.782179999999999986e-01,7.219799999999999829e-02,3.527159999999999740e-01,-6.418479999999999741e-01,-1.559906000000000015e+00,8.117459999999999676e-01,1.576794999999999947e+00,-3.868309999999999804e-01,-2.848249999999999948e-01,1.296276999999999902e+00,-1.573170000000000124e-01,-2.069939000000000195e+00,4.669600000000000140e-02,-1.318149999999999877e-01,1.449286000000000074e+00,-1.318149999999999877e-01,2.762109999999999843e-01,1.015759000000000079e+00,1.270774999999999988e+00,4.547229999999999883e-01,-3.868309999999999804e-01,2.507099999999999884e-01,-3.103259999999999907e-01,-2.338210000000000011e-01,1.232010000000000050e-01,-2.980800000000000116e-02,4.669600000000000140e-02,5.312280000000000335e-01,-4.307000000000000065e-03,2.762109999999999843e-01,6.332339999999999636e-01,-1.381394999999999929e+00,-1.636411000000000060e+00,1.219772000000000078e+00,2.775370999999999810e+00,1.742049999999999987e-01,7.352410000000000334e-01,2.507099999999999884e-01,-1.202884000000000064e+00,1.372781000000000029e+00,-5.908440000000000358e-01,-4.307000000000000065e-03,2.119499999999999856e-02,-5.530999999999999805e-02,-1.406897000000000064e+00,-1.559906000000000015e+00,5.312280000000000335e-01,1.678800999999999988e+00,1.296276999999999902e+00,-3.358280000000000154e-01,-1.573170000000000124e-01,-6.418479999999999741e-01,6.332339999999999636e-01,1.423785000000000078e+00,-2.338210000000000011e-01,-4.307000000000000065e-03,5.312280000000000335e-01,-2.593230000000000257e-01,-1.891428000000000109e+00,-1.355893000000000015e+00,1.678800999999999988e+00,2.762109999999999843e-01,1.015759000000000079e+00,-2.197446999999999928e+00,1.525790999999999897e+00,4.802239999999999842e-01,1.219772000000000078e+00,1.117764999999999898e+00,1.525790999999999897e+00,-1.916929000000000105e+00,-3.868309999999999804e-01,-3.613299999999999845e-01,-5.398410000000000153e-01,2.119499999999999856e-02,1.398282999999999943e+00,1.678800999999999988e+00,5.057260000000000089e-01,-2.980800000000000116e-02,-7.948570000000000357e-01,-8.968639999999999946e-01,4.292210000000000192e-01,-2.848249999999999948e-01,-1.318149999999999877e-01,-5.143389999999999906e-01,7.097390000000000088e-01,4.802239999999999842e-01,-2.593230000000000257e-01,9.137520000000000087e-01,1.398282999999999943e+00,-9.478670000000000151e-01,-4.307000000000000065e-03,1.704302999999999901e+00,-2.528967999999999883e+00,-7.948570000000000357e-01,7.219799999999999829e-02,9.137520000000000087e-01,1.449286000000000074e+00,3.272140000000000049e-01,-2.083200000000000052e-01,1.882813999999999988e+00,-4.390588000000000157e+00,-1.063130000000000047e-01,1.092262999999999984e+00,2.762109999999999843e-01,7.352410000000000334e-01,9.392540000000000333e-01,-4.378349999999999742e-01,8.882499999999999840e-01,1.742049999999999987e-01,-9.733690000000000397e-01,-4.123330000000000051e-01,-1.355893000000000015e+00,4.037189999999999945e-01,5.822310000000000541e-01,7.862440000000000540e-01,8.372469999999999635e-01,8.882499999999999840e-01,9.902570000000000539e-01,2.762109999999999843e-01,-2.120941999999999883e+00,-2.338210000000000011e-01,4.802239999999999842e-01,1.092262999999999984e+00,8.372469999999999635e-01,-2.171946000000000154e+00,1.117764999999999898e+00,-4.307000000000000065e-03,4.037189999999999945e-01,-6.163459999999999495e-01,9.137520000000000087e-01,5.822310000000000541e-01,1.092262999999999984e+00,9.902570000000000539e-01,-4.123330000000000051e-01,-7.438540000000000152e-01,2.119499999999999856e-02,1.232010000000000050e-01,7.862440000000000540e-01,-6.673489999999999700e-01,8.882499999999999840e-01,-9.733690000000000397e-01,-8.081199999999999495e-02,-5.653430000000000399e-01,5.057260000000000089e-01,1.997059999999999946e-01,3.017130000000000090e-01,9.902570000000000539e-01,1.117764999999999898e+00,-5.908440000000000358e-01,-4.123330000000000051e-01,9.769999999999999518e-02,2.762109999999999843e-01,-2.980800000000000116e-02,3.527159999999999740e-01,2.119499999999999856e-02,-1.661912999999999974e+00,5.312280000000000335e-01,1.729803999999999897e+00,5.312280000000000335e-01,-3.868309999999999804e-01,2.762109999999999843e-01,-1.063130000000000047e-01,3.272140000000000049e-01,1.117764999999999898e+00,-6.928509999999999946e-01,-4.633360000000000256e-01,-8.081199999999999495e-02,7.219799999999999829e-02,4.669600000000000140e-02,7.352410000000000334e-01,-3.613299999999999845e-01,4.292210000000000192e-01,8.627489999999999881e-01,1.742049999999999987e-01,9.769999999999999518e-02,7.219799999999999829e-02,2.119499999999999856e-02,1.092262999999999984e+00,-1.063130000000000047e-01,-7.438540000000000152e-01,3.017130000000000090e-01,3.272140000000000049e-01,-4.307000000000000065e-03,-6.673489999999999700e-01,4.037189999999999945e-01,7.862440000000000540e-01,7.097390000000000088e-01,-2.848249999999999948e-01,3.782179999999999986e-01,5.822310000000000541e-01,-1.585407999999999928e+00,1.997059999999999946e-01,1.487030000000000018e-01,3.272140000000000049e-01,3.782179999999999986e-01,6.332339999999999636e-01,-2.083200000000000052e-01,9.137520000000000087e-01,7.352410000000000334e-01,-5.908440000000000358e-01,-2.324955000000000105e+00,-7.183530000000000193e-01,5.567290000000000294e-01,8.117459999999999676e-01,7.097390000000000088e-01,1.653299000000000074e+00,6.332339999999999636e-01,-1.661912999999999974e+00,-5.653430000000000399e-01,8.627489999999999881e-01,8.117459999999999676e-01,-4.123330000000000051e-01,-4.633360000000000256e-01,4.547229999999999883e-01,1.678800999999999988e+00,4.292210000000000192e-01,-2.044436999999999838e+00,1.576794999999999947e+00,1.219772000000000078e+00,1.117764999999999898e+00,2.119499999999999856e-02,-1.483402000000000109e+00,-3.613299999999999845e-01,5.057260000000000089e-01,6.842369999999999841e-01,-4.378349999999999742e-01,2.119499999999999856e-02,-3.103259999999999907e-01,6.077320000000000499e-01,-1.318149999999999877e-01,-1.063130000000000047e-01,1.372781000000000029e+00,2.252079999999999915e-01,-1.177381999999999929e+00,3.272140000000000049e-01,4.292210000000000192e-01,9.769999999999999518e-02,-1.573170000000000124e-01,1.015759000000000079e+00,2.762109999999999843e-01,2.119499999999999856e-02,-4.888379999999999947e-01,4.292210000000000192e-01,6.077320000000000499e-01,-2.593230000000000257e-01,-2.083200000000000052e-01,9.769999999999999518e-02,6.587359999999999882e-01,-7.438540000000000152e-01,-1.840424000000000060e+00,9.137520000000000087e-01,1.143267000000000033e+00,5.822310000000000541e-01,1.347280000000000033e+00,7.219799999999999829e-02,-6.163459999999999495e-01,-5.908440000000000358e-01,3.782179999999999986e-01,7.097390000000000088e-01,-2.980800000000000116e-02,-9.223660000000000192e-01,-3.358280000000000154e-01,9.647550000000000292e-01,7.607420000000000293e-01,6.842369999999999841e-01,1.015759000000000079e+00,7.352410000000000334e-01,-3.103259999999999907e-01,-8.458609999999999740e-01,-9.733690000000000397e-01,1.742049999999999987e-01,1.015759000000000079e+00,4.037189999999999945e-01,-9.733690000000000397e-01,-2.848249999999999948e-01,1.245273000000000074e+00,1.474787999999999988e+00,5.312280000000000335e-01,-2.980800000000000116e-02,-8.203589999999999494e-01,-6.928509999999999946e-01,5.057260000000000089e-01,7.097390000000000088e-01,-1.483402000000000109e+00,-1.573170000000000124e-01,-1.814923000000000064e+00,-1.828180000000000083e-01,1.500289999999999901e+00,3.055889000000000078e+00,4.037189999999999945e-01,-9.478670000000000151e-01,5.057260000000000089e-01,-3.103259999999999907e-01,4.037189999999999945e-01,4.669600000000000140e-02,-2.980800000000000116e-02,-5.530999999999999805e-02,-4.633360000000000256e-01,4.802239999999999842e-01,9.769999999999999518e-02,1.576794999999999947e+00,-7.183530000000000193e-01,-1.318149999999999877e-01,5.567290000000000294e-01,6.842369999999999841e-01,-6.418479999999999741e-01,4.292210000000000192e-01,-3.358280000000000154e-01,8.627489999999999881e-01,1.742049999999999987e-01,-1.573170000000000124e-01,-6.928509999999999946e-01,4.547229999999999883e-01,8.372469999999999635e-01,-5.653430000000000399e-01,-5.398410000000000153e-01,5.822310000000000541e-01,1.474787999999999988e+00,-2.528967999999999883e+00,-4.123330000000000051e-01,6.842369999999999841e-01,7.097390000000000088e-01,6.587359999999999882e-01,7.862440000000000540e-01,2.507099999999999884e-01,9.769999999999999518e-02,-1.828180000000000083e-01,4.037189999999999945e-01,9.902570000000000539e-01,6.842369999999999841e-01,-1.483402000000000109e+00,7.097390000000000088e-01,-4.123330000000000051e-01,6.332339999999999636e-01,1.232010000000000050e-01,2.762109999999999843e-01,3.527159999999999740e-01,7.352410000000000334e-01,9.769999999999999518e-02,-1.573170000000000124e-01,-2.980800000000000116e-02,-8.081199999999999495e-02,4.547229999999999883e-01,-6.163459999999999495e-01,3.272140000000000049e-01,1.882813999999999988e+00,-5.530999999999999805e-02,1.232010000000000050e-01,-5.530999999999999805e-02,-4.888379999999999947e-01,-1.318149999999999877e-01,1.742049999999999987e-01,-1.636411000000000060e+00,-5.398410000000000153e-01,1.372781000000000029e+00,2.163332000000000033e+00,-2.171946000000000154e+00,-2.338210000000000011e-01,4.547229999999999883e-01,1.270774999999999988e+00,1.984820999999999946e+00,3.782179999999999986e-01,-7.438540000000000152e-01,1.742049999999999987e-01,-5.908440000000000358e-01,-5.908440000000000358e-01,6.077320000000000499e-01,8.372469999999999635e-01,2.252079999999999915e-01,-5.143389999999999906e-01,-6.673489999999999700e-01,-1.279387999999999970e+00,-3.613299999999999845e-01,1.194269999999999943e+00,1.831811000000000078e+00,7.607420000000000293e-01,1.219772000000000078e+00,-8.081199999999999495e-02,-1.253886999999999974e+00,-2.083200000000000052e-01,7.862440000000000540e-01,-4.888379999999999947e-01,-9.478670000000000151e-01,-1.024372000000000060e+00,6.332339999999999636e-01,1.194269999999999943e+00,1.219772000000000078e+00,-1.432398000000000060e+00,1.347280000000000033e+00,8.117459999999999676e-01,-3.613299999999999845e-01,-3.613299999999999845e-01,1.015759000000000079e+00,1.015759000000000079e+00,3.272140000000000049e-01,-9.223660000000000192e-01,-7.948570000000000357e-01,-1.318149999999999877e-01,3.527159999999999740e-01,-1.687415000000000109e+00,-1.063130000000000047e-01,8.627489999999999881e-01,2.507099999999999884e-01,-4.888379999999999947e-01,1.143267000000000033e+00,8.882499999999999840e-01,5.567290000000000294e-01,1.015759000000000079e+00,-1.534405000000000019e+00,2.507099999999999884e-01,7.097390000000000088e-01,1.219772000000000078e+00,-1.318149999999999877e-01,1.487030000000000018e-01,4.037189999999999945e-01,-1.100877000000000105e+00,-8.968639999999999946e-01,-4.633360000000000256e-01,1.168768000000000029e+00,1.321777999999999897e+00,-8.203589999999999494e-01,4.292210000000000192e-01,-1.573170000000000124e-01,3.272140000000000049e-01,1.232010000000000050e-01,7.219799999999999829e-02,3.272140000000000049e-01,6.077320000000000499e-01,9.769999999999999518e-02,7.219799999999999829e-02,5.312280000000000335e-01,-2.848249999999999948e-01,-5.653430000000000399e-01,-6.163459999999999495e-01,1.015759000000000079e+00,1.015759000000000079e+00,6.077320000000000499e-01,-1.559906000000000015e+00,6.842369999999999841e-01,-2.083200000000000052e-01,3.017130000000000090e-01,8.882499999999999840e-01,-1.828180000000000083e-01,4.669600000000000140e-02,2.252079999999999915e-01,1.219772000000000078e+00,6.077320000000000499e-01,-4.888379999999999947e-01,9.769999999999999518e-02,-6.673489999999999700e-01,-9.478670000000000151e-01,9.769999999999999518e-02,6.842369999999999841e-01,2.494852999999999987e+00,2.252079999999999915e-01,-1.942431000000000019e+00,-5.143389999999999906e-01,9.769999999999999518e-02,5.312280000000000335e-01,3.017130000000000090e-01,1.232010000000000050e-01,3.272140000000000049e-01,9.137520000000000087e-01,4.292210000000000192e-01,-5.908440000000000358e-01,3.527159999999999740e-01,-2.338210000000000011e-01,1.143267000000000033e+00,-2.338210000000000011e-01,-4.378349999999999742e-01,-4.123330000000000051e-01,7.219799999999999829e-02,1.997059999999999946e-01,7.352410000000000334e-01,-2.980800000000000116e-02,-8.458609999999999740e-01,-8.713619999999999699e-01,1.806308999999999942e+00,7.219799999999999829e-02,-5.398410000000000153e-01,4.037189999999999945e-01,1.232010000000000050e-01,7.219799999999999829e-02,-5.530999999999999805e-02,1.041260000000000074e+00,-8.081199999999999495e-02,4.669600000000000140e-02,-8.081199999999999495e-02,-6.928509999999999946e-01,-7.693560000000000398e-01,-4.307000000000000065e-03,6.842369999999999841e-01,7.352410000000000334e-01,5.312280000000000335e-01,-2.848249999999999948e-01,-2.848249999999999948e-01,-8.081199999999999495e-02,8.882499999999999840e-01,1.742049999999999987e-01,1.742049999999999987e-01,4.292210000000000192e-01,2.119499999999999856e-02,1.143267000000000033e+00,-7.438540000000000152e-01,1.742049999999999987e-01,7.607420000000000293e-01,-4.378349999999999742e-01,8.627489999999999881e-01,-4.378349999999999742e-01,-1.100877000000000105e+00,6.842369999999999841e-01,-1.828180000000000083e-01,6.332339999999999636e-01,-8.081199999999999495e-02,-1.828180000000000083e-01,-1.063130000000000047e-01,8.372469999999999635e-01,5.822310000000000541e-01,9.392540000000000333e-01,-9.478670000000000151e-01,3.272140000000000049e-01,3.017130000000000090e-01,-3.868309999999999804e-01,2.252079999999999915e-01,1.321777999999999897e+00,1.015759000000000079e+00,-2.848249999999999948e-01,-1.381394999999999929e+00,3.017130000000000090e-01,-1.253886999999999974e+00,-1.063130000000000047e-01,-4.633360000000000256e-01,4.669600000000000140e-02,7.097390000000000088e-01,8.117459999999999676e-01,1.245273000000000074e+00,2.507099999999999884e-01,1.232010000000000050e-01,3.272140000000000049e-01,-2.338210000000000011e-01,-3.358280000000000154e-01,1.232010000000000050e-01,2.762109999999999843e-01,9.769999999999999518e-02,6.077320000000000499e-01,5.567290000000000294e-01,4.037189999999999945e-01,-6.673489999999999700e-01,1.997059999999999946e-01,5.057260000000000089e-01,-3.358280000000000154e-01,-6.163459999999999495e-01,1.997059999999999946e-01,4.669600000000000140e-02,1.270774999999999988e+00,-1.063130000000000047e-01,7.352410000000000334e-01,4.669600000000000140e-02,3.272140000000000049e-01,7.862440000000000540e-01,-6.928509999999999946e-01,-1.024372000000000060e+00,-8.081199999999999495e-02,-4.888379999999999947e-01,2.507099999999999884e-01,1.398282999999999943e+00,1.551293000000000033e+00,-1.318149999999999877e-01,-9.988700000000000356e-01,1.066761999999999988e+00,1.041260000000000074e+00,-2.848249999999999948e-01,2.507099999999999884e-01,-9.478670000000000151e-01,-3.103259999999999907e-01,9.137520000000000087e-01,7.352410000000000334e-01,3.272140000000000049e-01,3.017130000000000090e-01,-5.398410000000000153e-01,-6.163459999999999495e-01,9.769999999999999518e-02,5.567290000000000294e-01,-2.848249999999999948e-01,-5.143389999999999906e-01,9.647550000000000292e-01,9.769999999999999518e-02,1.525790999999999897e+00,-1.304890000000000105e+00,5.822310000000000541e-01,6.842369999999999841e-01,-2.848249999999999948e-01,8.627489999999999881e-01,1.372781000000000029e+00,-5.530999999999999805e-02,-6.928509999999999946e-01,-6.418479999999999741e-01,1.487030000000000018e-01,6.587359999999999882e-01,-1.828180000000000083e-01,-2.083200000000000052e-01,1.117764999999999898e+00,4.669600000000000140e-02,1.742049999999999987e-01,-3.358280000000000154e-01,-2.171946000000000154e+00,9.392540000000000333e-01,1.959319000000000033e+00,-4.378349999999999742e-01,6.332339999999999636e-01,-2.593230000000000257e-01,4.037189999999999945e-01,4.292210000000000192e-01,-3.868309999999999804e-01,-2.848249999999999948e-01,4.037189999999999945e-01,-8.203589999999999494e-01,4.037189999999999945e-01,1.092262999999999984e+00,7.352410000000000334e-01,-3.868309999999999804e-01,-7.183530000000000193e-01,-3.868309999999999804e-01,3.527159999999999740e-01,1.143267000000000033e+00,2.252079999999999915e-01,3.017130000000000090e-01,-1.406897000000000064e+00,8.117459999999999676e-01,1.474787999999999988e+00,6.587359999999999882e-01,3.527159999999999740e-01,-2.593230000000000257e-01,-7.438540000000000152e-01,-5.908440000000000358e-01,1.997059999999999946e-01,8.882499999999999840e-01,-5.653430000000000399e-01,-2.593230000000000257e-01,-4.307000000000000065e-03,-7.948570000000000357e-01,7.352410000000000334e-01,1.882813999999999988e+00,6.842369999999999841e-01,3.017130000000000090e-01,1.372781000000000029e+00,-2.083200000000000052e-01,-2.848249999999999948e-01,-4.633360000000000256e-01,-6.673489999999999700e-01,-3.868309999999999804e-01,-4.307000000000000065e-03,5.312280000000000335e-01,3.017130000000000090e-01,1.742049999999999987e-01,6.587359999999999882e-01,5.567290000000000294e-01,1.487030000000000018e-01,-1.177381999999999929e+00,-1.063130000000000047e-01,6.842369999999999841e-01,9.769999999999999518e-02,5.057260000000000089e-01,3.527159999999999740e-01,4.292210000000000192e-01,-4.378349999999999742e-01,5.057260000000000089e-01,1.015759000000000079e+00,6.842369999999999841e-01,-1.508903000000000105e+00,4.292210000000000192e-01,-4.307000000000000065e-03,-6.418479999999999741e-01,-2.083200000000000052e-01,2.119499999999999856e-02,9.137520000000000087e-01,2.265338999999999992e+00,-5.398410000000000153e-01,-1.330392000000000019e+00,4.669600000000000140e-02,1.232010000000000050e-01,1.423785000000000078e+00,2.698866000000000209e+00,-4.123330000000000051e-01,-1.942431000000000019e+00,-2.083200000000000052e-01,7.097390000000000088e-01,2.119499999999999856e-02,-8.081199999999999495e-02,1.232010000000000050e-01,-8.081199999999999495e-02,-2.593230000000000257e-01,-3.868309999999999804e-01,9.647550000000000292e-01,6.332339999999999636e-01,1.296276999999999902e+00,1.487030000000000018e-01,-8.203589999999999494e-01,4.669600000000000140e-02,7.352410000000000334e-01,3.272140000000000049e-01,-2.338210000000000011e-01,-1.828180000000000083e-01,7.097390000000000088e-01,2.252079999999999915e-01,-9.988700000000000356e-01,-6.928509999999999946e-01,4.547229999999999883e-01,1.015759000000000079e+00,3.272140000000000049e-01,-2.083200000000000052e-01,4.802239999999999842e-01,-2.848249999999999948e-01,2.119499999999999856e-02,8.117459999999999676e-01,1.525790999999999897e+00,1.487030000000000018e-01,4.669600000000000140e-02,-8.081199999999999495e-02,-4.888379999999999947e-01,-2.452463999999999977e+00,-1.063130000000000047e-01,7.862440000000000540e-01,2.119499999999999856e-02,1.041260000000000074e+00,3.782179999999999986e-01,8.372469999999999635e-01,1.296276999999999902e+00,7.352410000000000334e-01,-1.355893000000000015e+00,-3.358280000000000154e-01,5.057260000000000089e-01,9.647550000000000292e-01,1.997059999999999946e-01,-4.307000000000000065e-03,-1.151880000000000015e+00,3.782179999999999986e-01,-1.253886999999999974e+00,6.332339999999999636e-01,-6.163459999999999495e-01,8.882499999999999840e-01,2.119499999999999856e-02,2.119499999999999856e-02,6.332339999999999636e-01,9.392540000000000333e-01,5.312280000000000335e-01,-8.081199999999999495e-02,4.292210000000000192e-01,2.119499999999999856e-02,1.232010000000000050e-01,-2.593230000000000257e-01,-1.228385000000000060e+00,4.292210000000000192e-01,5.057260000000000089e-01,-6.418479999999999741e-01,1.398282999999999943e+00,4.802239999999999842e-01,-2.401460000000000150e+00,4.037189999999999945e-01,6.587359999999999882e-01,8.882499999999999840e-01,4.547229999999999883e-01,3.527159999999999740e-01,-3.868309999999999804e-01,3.272140000000000049e-01,1.742049999999999987e-01,-5.530999999999999805e-02,1.041260000000000074e+00,3.106892999999999905e+00,-1.661912999999999974e+00,-1.228385000000000060e+00,-1.406897000000000064e+00,3.272140000000000049e-01,4.547229999999999883e-01,1.487030000000000018e-01,6.587359999999999882e-01,-2.083200000000000052e-01,1.487030000000000018e-01,1.997059999999999946e-01,-1.063130000000000047e-01,6.332339999999999636e-01,4.292210000000000192e-01,9.769999999999999518e-02,-6.418479999999999741e-01,-4.888379999999999947e-01,1.449286000000000074e+00,7.352410000000000334e-01,3.017130000000000090e-01,-8.968639999999999946e-01,-1.483402000000000109e+00,1.270774999999999988e+00,1.755306000000000033e+00,-9.988700000000000356e-01,-4.123330000000000051e-01,3.272140000000000049e-01,1.041260000000000074e+00,1.755306000000000033e+00,-1.432398000000000060e+00,-1.049873999999999974e+00,7.607420000000000293e-01,3.527159999999999740e-01,1.742049999999999987e-01,1.997059999999999946e-01,-2.980800000000000116e-02,1.296276999999999902e+00,-4.633360000000000256e-01,-2.980800000000000116e-02,3.017130000000000090e-01,-4.123330000000000051e-01,7.352410000000000334e-01,-7.948570000000000357e-01,-2.083200000000000052e-01,5.822310000000000541e-01,9.137520000000000087e-01,7.862440000000000540e-01,-2.848249999999999948e-01,-8.081199999999999495e-02,9.769999999999999518e-02,-4.123330000000000051e-01,4.037189999999999945e-01,1.729803999999999897e+00,-9.223660000000000192e-01,-2.338210000000000011e-01,3.782179999999999986e-01,-6.673489999999999700e-01,1.168768000000000029e+00,5.567290000000000294e-01,-2.980800000000000116e-02,-2.083200000000000052e-01,-4.123330000000000051e-01,-3.103259999999999907e-01,4.802239999999999842e-01,5.312280000000000335e-01,4.802239999999999842e-01,2.252079999999999915e-01,6.332339999999999636e-01,1.487030000000000018e-01,4.669600000000000140e-02,-3.613299999999999845e-01,-1.828180000000000083e-01,-4.888379999999999947e-01,8.372469999999999635e-01,1.015759000000000079e+00,6.077320000000000499e-01,-8.081199999999999495e-02,-1.228385000000000060e+00,7.352410000000000334e-01,9.902570000000000539e-01,-8.203589999999999494e-01,-4.123330000000000051e-01,-8.968639999999999946e-01,4.037189999999999945e-01,1.602295999999999943e+00,6.587359999999999882e-01,1.742049999999999987e-01,1.997059999999999946e-01,2.119499999999999856e-02,2.507099999999999884e-01,-5.530999999999999805e-02,-1.828180000000000083e-01,-5.143389999999999906e-01,4.669600000000000140e-02,-6.928509999999999946e-01,9.769999999999999518e-02,9.137520000000000087e-01,6.332339999999999636e-01,6.332339999999999636e-01,-4.123330000000000051e-01,7.607420000000000293e-01,1.742049999999999987e-01,-2.083200000000000052e-01,-7.183530000000000193e-01,3.272140000000000049e-01,5.567290000000000294e-01,9.769999999999999518e-02,1.487030000000000018e-01,5.057260000000000089e-01,-1.828180000000000083e-01,7.219799999999999829e-02,3.272140000000000049e-01,1.997059999999999946e-01,-7.183530000000000193e-01,5.312280000000000335e-01,-5.908440000000000358e-01,8.117459999999999676e-01,9.647550000000000292e-01,1.232010000000000050e-01,2.119499999999999856e-02,-4.123330000000000051e-01,1.117764999999999898e+00,-4.123330000000000051e-01,5.057260000000000089e-01,-9.733690000000000397e-01,4.802239999999999842e-01,-2.083200000000000052e-01,1.742049999999999987e-01,4.547229999999999883e-01,4.802239999999999842e-01,4.802239999999999842e-01,-8.081199999999999495e-02,7.219799999999999829e-02,2.119499999999999856e-02,7.607420000000000293e-01,1.742049999999999987e-01,-2.980800000000000116e-02,-1.318149999999999877e-01,4.669600000000000140e-02,1.143267000000000033e+00,1.487030000000000018e-01,-1.024372000000000060e+00,-1.063130000000000047e-01,4.669600000000000140e-02,-4.307000000000000065e-03,8.882499999999999840e-01,1.168768000000000029e+00,5.822310000000000541e-01,7.219799999999999829e-02,-2.338210000000000011e-01,-1.573170000000000124e-01,-1.279387999999999970e+00,9.769999999999999518e-02,4.802239999999999842e-01,-3.358280000000000154e-01,2.163332000000000033e+00,4.802239999999999842e-01,-2.044436999999999838e+00,1.487030000000000018e-01,5.822310000000000541e-01,4.037189999999999945e-01,1.347280000000000033e+00,6.332339999999999636e-01,-5.398410000000000153e-01,-5.530999999999999805e-02,-1.559906000000000015e+00,4.802239999999999842e-01,9.902570000000000539e-01,1.487030000000000018e-01,2.119499999999999856e-02,4.547229999999999883e-01,-1.828180000000000083e-01,-6.673489999999999700e-01,-1.483402000000000109e+00,1.232010000000000050e-01,8.627489999999999881e-01,6.587359999999999882e-01,8.372469999999999635e-01,6.842369999999999841e-01,4.669600000000000140e-02,1.232010000000000050e-01,-3.358280000000000154e-01,2.252079999999999915e-01,-3.868309999999999804e-01,3.782179999999999986e-01,7.219799999999999829e-02,1.997059999999999946e-01,1.997059999999999946e-01,4.669600000000000140e-02,3.017130000000000090e-01,7.219799999999999829e-02,6.332339999999999636e-01,-6.163459999999999495e-01,-1.355893000000000015e+00,1.219772000000000078e+00,9.902570000000000539e-01,-2.338210000000000011e-01,2.119499999999999856e-02,6.587359999999999882e-01,1.015759000000000079e+00,-6.928509999999999946e-01,-3.613299999999999845e-01,4.547229999999999883e-01,-4.123330000000000051e-01,2.507099999999999884e-01,-3.358280000000000154e-01,8.627489999999999881e-01,1.372781000000000029e+00,-3.613299999999999845e-01,-4.888379999999999947e-01,1.270774999999999988e+00,-1.075374999999999970e+00,-8.081199999999999495e-02,1.232010000000000050e-01,-4.307000000000000065e-03,-2.980800000000000116e-02,-1.063130000000000047e-01,1.270774999999999988e+00,1.347280000000000033e+00,-1.228385000000000060e+00,-7.948570000000000357e-01,-4.307000000000000065e-03,-1.828180000000000083e-01,5.822310000000000541e-01,1.449286000000000074e+00,3.017130000000000090e-01,-4.307000000000000065e-03,1.487030000000000018e-01,9.769999999999999518e-02,5.822310000000000541e-01,-8.081199999999999495e-02,3.527159999999999740e-01,-4.378349999999999742e-01,-1.304890000000000105e+00,3.782179999999999986e-01,-5.530999999999999805e-02,7.862440000000000540e-01,1.372781000000000029e+00,5.567290000000000294e-01,-4.307000000000000065e-03,9.769999999999999518e-02,4.037189999999999945e-01,1.321777999999999897e+00,1.487030000000000018e-01,-1.253886999999999974e+00,-4.378349999999999742e-01,-4.307000000000000065e-03,1.219772000000000078e+00,9.769999999999999518e-02,5.057260000000000089e-01,-1.063130000000000047e-01,-9.988700000000000356e-01,-1.318149999999999877e-01,1.015759000000000079e+00,-1.508903000000000105e+00,1.232010000000000050e-01,4.292210000000000192e-01,1.857312000000000074e+00,7.097390000000000088e-01,2.507099999999999884e-01,-2.980800000000000116e-02,1.487030000000000018e-01,-1.100877000000000105e+00,-1.177381999999999929e+00,8.117459999999999676e-01,1.449286000000000074e+00,-1.063130000000000047e-01,-1.828180000000000083e-01,-1.828180000000000083e-01,-1.304890000000000105e+00,4.547229999999999883e-01,4.802239999999999842e-01,4.292210000000000192e-01,-3.103259999999999907e-01,-2.980800000000000116e-02,7.219799999999999829e-02,1.194269999999999943e+00,1.602295999999999943e+00,-4.307000000000000065e-03,5.822310000000000541e-01,-2.848249999999999948e-01,6.332339999999999636e-01,-6.163459999999999495e-01,-4.378349999999999742e-01,3.272140000000000049e-01,-3.358280000000000154e-01,-1.063130000000000047e-01,-6.163459999999999495e-01,5.822310000000000541e-01,1.742049999999999987e-01,7.607420000000000293e-01,2.119499999999999856e-02,-7.438540000000000152e-01,4.802239999999999842e-01,-4.633360000000000256e-01,5.312280000000000335e-01,1.423785000000000078e+00,1.194269999999999943e+00,4.292210000000000192e-01,2.119499999999999856e-02,-2.083200000000000052e-01,-1.304890000000000105e+00,-2.593230000000000257e-01,-2.848249999999999948e-01,2.252079999999999915e-01,7.219799999999999829e-02,6.332339999999999636e-01,9.647550000000000292e-01,1.576794999999999947e+00,-3.868309999999999804e-01,-1.534405000000000019e+00,1.232010000000000050e-01,6.332339999999999636e-01,-5.143389999999999906e-01,2.119499999999999856e-02,8.372469999999999635e-01,1.117764999999999898e+00,9.137520000000000087e-01,-3.868309999999999804e-01,-1.828180000000000083e-01,-2.338210000000000011e-01,-4.378349999999999742e-01,3.272140000000000049e-01,1.997059999999999946e-01,9.392540000000000333e-01,-1.712916000000000105e+00,-1.063130000000000047e-01,2.571358000000000033e+00,1.551293000000000033e+00,-5.398410000000000153e-01,-2.248451000000000199e+00,-7.438540000000000152e-01,1.041260000000000074e+00,9.392540000000000333e-01,-1.202884000000000064e+00,-3.358280000000000154e-01,1.372781000000000029e+00,8.882499999999999840e-01,9.769999999999999518e-02,-2.848249999999999948e-01,-1.063130000000000047e-01,5.057260000000000089e-01,-1.024372000000000060e+00,9.137520000000000087e-01,7.607420000000000293e-01,4.292210000000000192e-01,-1.063130000000000047e-01,-2.980800000000000116e-02,-2.083200000000000052e-01,-4.888379999999999947e-01,-3.868309999999999804e-01,5.822310000000000541e-01,-8.081199999999999495e-02,6.587359999999999882e-01,6.332339999999999636e-01,-8.081199999999999495e-02,-2.980800000000000116e-02,-8.081199999999999495e-02,8.372469999999999635e-01,7.219799999999999829e-02,2.119499999999999856e-02,1.487030000000000018e-01,-3.613299999999999845e-01,7.862440000000000540e-01,-4.123330000000000051e-01,-1.355893000000000015e+00,6.842369999999999841e-01,5.057260000000000089e-01,1.117764999999999898e+00,7.219799999999999829e-02,-2.980800000000000116e-02,-3.868309999999999804e-01,-2.593230000000000257e-01,7.097390000000000088e-01,1.742049999999999987e-01,4.802239999999999842e-01,2.252079999999999915e-01,1.997059999999999946e-01,1.742049999999999987e-01,6.077320000000000499e-01,-6.928509999999999946e-01,-1.573170000000000124e-01,-1.063130000000000047e-01,-1.828180000000000083e-01,2.252079999999999915e-01,4.547229999999999883e-01,6.842369999999999841e-01,3.272140000000000049e-01,2.762109999999999843e-01,2.252079999999999915e-01,-1.828180000000000083e-01,4.669600000000000140e-02,-3.613299999999999845e-01,-4.378349999999999742e-01,3.272140000000000049e-01,1.627798000000000078e+00,3.272140000000000049e-01,-8.203589999999999494e-01,3.272140000000000049e-01,1.997059999999999946e-01,1.143267000000000033e+00,1.143267000000000033e+00,-1.738418000000000019e+00,-1.381394999999999929e+00,7.352410000000000334e-01,6.842369999999999841e-01,1.296276999999999902e+00,1.474787999999999988e+00,-9.733690000000000397e-01,5.312280000000000335e-01,2.762109999999999843e-01,-4.307000000000000065e-03,-4.888379999999999947e-01,-2.593230000000000257e-01,1.997059999999999946e-01,3.272140000000000049e-01,6.332339999999999636e-01,-3.103259999999999907e-01,3.782179999999999986e-01,1.742049999999999987e-01,4.669600000000000140e-02,-4.888379999999999947e-01,-2.980800000000000116e-02,-2.083200000000000052e-01,9.902570000000000539e-01,1.487030000000000018e-01,-1.063130000000000047e-01,1.219772000000000078e+00,-2.848249999999999948e-01,-1.063130000000000047e-01,5.057260000000000089e-01,-2.528967999999999883e+00,6.332339999999999636e-01,2.137830000000000119e+00,1.908315999999999901e+00,-6.418479999999999741e-01,-3.358280000000000154e-01,-3.103259999999999907e-01,-2.338210000000000011e-01,-2.848249999999999948e-01,1.742049999999999987e-01,-4.378349999999999742e-01,2.507099999999999884e-01,5.312280000000000335e-01,1.168768000000000029e+00,-4.378349999999999742e-01,4.292210000000000192e-01,4.547229999999999883e-01,-7.183530000000000193e-01,1.997059999999999946e-01,4.292210000000000192e-01,5.822310000000000541e-01,2.507099999999999884e-01,-2.083200000000000052e-01,-4.378349999999999742e-01,2.762109999999999843e-01,3.017130000000000090e-01,-8.081199999999999495e-02,5.822310000000000541e-01,7.607420000000000293e-01,1.232010000000000050e-01,4.292210000000000192e-01,-5.530999999999999805e-02,-1.177381999999999929e+00,-3.358280000000000154e-01,1.270774999999999988e+00,5.312280000000000335e-01,5.822310000000000541e-01,-3.613299999999999845e-01,3.782179999999999986e-01,-9.733690000000000397e-01,-5.908440000000000358e-01,4.802239999999999842e-01,5.057260000000000089e-01,-1.573170000000000124e-01,1.627798000000000078e+00,1.398282999999999943e+00,-8.458609999999999740e-01,-5.398410000000000153e-01,2.507099999999999884e-01,5.822310000000000541e-01,3.272140000000000049e-01,6.077320000000000499e-01,5.312280000000000335e-01,-7.183530000000000193e-01,-1.024372000000000060e+00,2.762109999999999843e-01,5.057260000000000089e-01,3.272140000000000049e-01,5.312280000000000335e-01,3.527159999999999740e-01,-1.828180000000000083e-01,1.742049999999999987e-01,-5.398410000000000153e-01,3.782179999999999986e-01,-4.888379999999999947e-01,3.017130000000000090e-01,2.762109999999999843e-01,5.822310000000000541e-01,5.567290000000000294e-01,1.347280000000000033e+00,-5.530999999999999805e-02,-4.123330000000000051e-01,1.742049999999999987e-01,-8.081199999999999495e-02,-2.848249999999999948e-01,4.802239999999999842e-01,5.567290000000000294e-01,-1.202884000000000064e+00,8.372469999999999635e-01,-6.418479999999999741e-01,1.423785000000000078e+00,8.372469999999999635e-01,-1.202884000000000064e+00,7.607420000000000293e-01,-2.338210000000000011e-01,2.762109999999999843e-01,1.742049999999999987e-01,9.902570000000000539e-01,1.168768000000000029e+00,-3.103259999999999907e-01,-4.633360000000000256e-01,-5.530999999999999805e-02,-2.083200000000000052e-01,-1.318149999999999877e-01,3.272140000000000049e-01,2.762109999999999843e-01,-8.081199999999999495e-02,9.769999999999999518e-02,1.729803999999999897e+00,8.372469999999999635e-01,-1.318149999999999877e-01,-2.834988000000000063e+00,1.015759000000000079e+00,2.119499999999999856e-02,3.272140000000000049e-01,9.392540000000000333e-01,1.232010000000000050e-01,5.822310000000000541e-01,-2.593230000000000257e-01,1.232010000000000050e-01,-3.868309999999999804e-01,-5.398410000000000153e-01,3.782179999999999986e-01,4.037189999999999945e-01,5.567290000000000294e-01,2.762109999999999843e-01,6.842369999999999841e-01,5.057260000000000089e-01,-1.610910000000000064e+00,-1.330392000000000019e+00,2.010321999999999942e+00,1.780807999999999947e+00,-2.848249999999999948e-01,-5.530999999999999805e-02,1.997059999999999946e-01,7.219799999999999829e-02,1.232010000000000050e-01,-2.980800000000000116e-02,2.762109999999999843e-01,3.527159999999999740e-01,-1.063130000000000047e-01,1.232010000000000050e-01,1.997059999999999946e-01,1.742049999999999987e-01,6.077320000000000499e-01,3.272140000000000049e-01,-4.123330000000000051e-01,2.119499999999999856e-02,4.669600000000000140e-02,5.057260000000000089e-01,3.017130000000000090e-01,-1.318149999999999877e-01,-5.398410000000000153e-01,-5.143389999999999906e-01,1.755306000000000033e+00,1.525790999999999897e+00,-1.738418000000000019e+00,-5.908440000000000358e-01,1.487030000000000018e-01,8.627489999999999881e-01,4.292210000000000192e-01,6.077320000000000499e-01,-2.338210000000000011e-01,-4.378349999999999742e-01,-2.848249999999999948e-01,-3.103259999999999907e-01,-1.318149999999999877e-01,3.782179999999999986e-01,7.352410000000000334e-01,4.292210000000000192e-01,7.607420000000000293e-01,-1.828180000000000083e-01,2.252079999999999915e-01,4.037189999999999945e-01,2.252079999999999915e-01,-1.573170000000000124e-01,5.567290000000000294e-01,-8.968639999999999946e-01,9.769999999999999518e-02,-5.530999999999999805e-02,-5.653430000000000399e-01,5.057260000000000089e-01,4.802239999999999842e-01,9.392540000000000333e-01,3.017130000000000090e-01,-6.673489999999999700e-01,-5.143389999999999906e-01,8.372469999999999635e-01,5.312280000000000335e-01,3.017130000000000090e-01,4.037189999999999945e-01,1.742049999999999987e-01,-6.928509999999999946e-01,5.822310000000000541e-01,8.627489999999999881e-01,9.392540000000000333e-01,-1.151880000000000015e+00,-2.593230000000000257e-01,1.321777999999999897e+00,-7.948570000000000357e-01,5.567290000000000294e-01,4.292210000000000192e-01,-6.928509999999999946e-01,2.762109999999999843e-01,2.252079999999999915e-01,3.272140000000000049e-01,2.252079999999999915e-01,1.194269999999999943e+00,-8.203589999999999494e-01,1.232010000000000050e-01,8.372469999999999635e-01,-3.613299999999999845e-01,1.232010000000000050e-01,9.769999999999999518e-02,1.232010000000000050e-01,-5.530999999999999805e-02,2.762109999999999843e-01,8.372469999999999635e-01,-1.063130000000000047e-01,-6.928509999999999946e-01,9.769999999999999518e-02,-3.103259999999999907e-01,3.782179999999999986e-01,5.312280000000000335e-01,4.802239999999999842e-01,3.272140000000000049e-01,-2.338210000000000011e-01,4.547229999999999883e-01,2.507099999999999884e-01,1.232010000000000050e-01,-8.968639999999999946e-01,-5.530999999999999805e-02,1.168768000000000029e+00,1.474787999999999988e+00,-2.083200000000000052e-01,-5.530999999999999805e-02,-4.307000000000000065e-03,9.769999999999999518e-02,1.232010000000000050e-01,-7.948570000000000357e-01,-1.318149999999999877e-01,-4.378349999999999742e-01,7.097390000000000088e-01,-2.593230000000000257e-01,4.669600000000000140e-02,7.097390000000000088e-01,7.219799999999999829e-02,1.092262999999999984e+00,1.525790999999999897e+00,-5.530999999999999805e-02,1.232010000000000050e-01,-4.888379999999999947e-01,1.487030000000000018e-01,-4.888379999999999947e-01,-5.143389999999999906e-01,-4.123330000000000051e-01,4.292210000000000192e-01,2.252079999999999915e-01,6.587359999999999882e-01,8.117459999999999676e-01,2.762109999999999843e-01,-4.307000000000000065e-03,-1.828180000000000083e-01,-3.868309999999999804e-01,-1.828180000000000083e-01,2.252079999999999915e-01,8.117459999999999676e-01,1.487030000000000018e-01,-2.338210000000000011e-01,1.232010000000000050e-01,7.097390000000000088e-01,1.232010000000000050e-01,2.762109999999999843e-01,2.252079999999999915e-01,3.272140000000000049e-01,2.762109999999999843e-01,-2.593230000000000257e-01,-2.848249999999999948e-01,4.037189999999999945e-01,-8.081199999999999495e-02,-2.593230000000000257e-01,1.232010000000000050e-01,-1.828180000000000083e-01,2.252079999999999915e-01,6.587359999999999882e-01,3.527159999999999740e-01,1.742049999999999987e-01,4.669600000000000140e-02,-3.868309999999999804e-01,1.742049999999999987e-01,2.762109999999999843e-01,-8.203589999999999494e-01,4.669600000000000140e-02,1.219772000000000078e+00,1.487030000000000018e-01,5.822310000000000541e-01,6.587359999999999882e-01,7.352410000000000334e-01,-2.980800000000000116e-02,6.077320000000000499e-01,-5.653430000000000399e-01,-8.081199999999999495e-02,1.997059999999999946e-01,7.607420000000000293e-01,-4.633360000000000256e-01,-5.908440000000000358e-01,2.252079999999999915e-01,8.372469999999999635e-01,4.669600000000000140e-02,-5.908440000000000358e-01,-7.438540000000000152e-01,-3.868309999999999804e-01,3.782179999999999986e-01,6.842369999999999841e-01,5.822310000000000541e-01,6.077320000000000499e-01,9.392540000000000333e-01,7.862440000000000540e-01,-2.980800000000000116e-02,2.252079999999999915e-01,-1.063130000000000047e-01,1.997059999999999946e-01,-9.988700000000000356e-01,-9.733690000000000397e-01,1.487030000000000018e-01,3.782179999999999986e-01,1.041260000000000074e+00,7.862440000000000540e-01,-2.980800000000000116e-02,6.332339999999999636e-01,-1.828180000000000083e-01,-9.223660000000000192e-01,-3.103259999999999907e-01,-1.063130000000000047e-01,9.902570000000000539e-01,4.547229999999999883e-01,3.017130000000000090e-01,-7.183530000000000193e-01,7.219799999999999829e-02,4.037189999999999945e-01,2.119499999999999856e-02,6.587359999999999882e-01,-2.338210000000000011e-01,-1.828180000000000083e-01,6.077320000000000499e-01,3.272140000000000049e-01,2.507099999999999884e-01,2.119499999999999856e-02,4.802239999999999842e-01,1.015759000000000079e+00,-2.083200000000000052e-01,-2.338210000000000011e-01,-8.713619999999999699e-01,1.742049999999999987e-01,8.627489999999999881e-01,6.077320000000000499e-01,2.119499999999999856e-02,-3.613299999999999845e-01,-1.063130000000000047e-01,-4.307000000000000065e-03,2.119499999999999856e-02,3.272140000000000049e-01,5.567290000000000294e-01,3.782179999999999986e-01,4.669600000000000140e-02,-5.398410000000000153e-01,6.587359999999999882e-01,1.015759000000000079e+00,-1.151880000000000015e+00,-8.081199999999999495e-02,1.487030000000000018e-01,9.769999999999999518e-02,-4.307000000000000065e-03,7.097390000000000088e-01,1.066761999999999988e+00,-4.633360000000000256e-01,-8.081199999999999495e-02,4.669600000000000140e-02,1.487030000000000018e-01,2.119499999999999856e-02,-1.318149999999999877e-01,2.762109999999999843e-01,-1.063130000000000047e-01,-8.081199999999999495e-02,3.527159999999999740e-01,3.017130000000000090e-01,2.252079999999999915e-01,3.272140000000000049e-01,1.997059999999999946e-01,5.312280000000000335e-01,-4.123330000000000051e-01,-8.081199999999999495e-02,4.292210000000000192e-01,4.669600000000000140e-02,3.272140000000000049e-01,-1.828180000000000083e-01,-2.338210000000000011e-01,3.527159999999999740e-01,1.092262999999999984e+00,-4.123330000000000051e-01,-8.203589999999999494e-01,9.392540000000000333e-01,1.602295999999999943e+00,1.487030000000000018e-01,-1.253886999999999974e+00,1.997059999999999946e-01,-3.358280000000000154e-01,7.219799999999999829e-02,3.782179999999999986e-01,-8.081199999999999495e-02,4.547229999999999883e-01,-4.123330000000000051e-01,-3.358280000000000154e-01,9.769999999999999518e-02,4.292210000000000192e-01,5.312280000000000335e-01,5.057260000000000089e-01,1.092262999999999984e+00,2.252079999999999915e-01,-1.318149999999999877e-01,-3.358280000000000154e-01,-2.848249999999999948e-01,-3.358280000000000154e-01,5.567290000000000294e-01,3.272140000000000049e-01,3.272140000000000049e-01,-3.358280000000000154e-01,9.769999999999999518e-02,2.119499999999999856e-02,2.252079999999999915e-01,4.669600000000000140e-02,-5.530999999999999805e-02,-4.633360000000000256e-01,4.802239999999999842e-01,3.017130000000000090e-01,5.822310000000000541e-01,-2.848249999999999948e-01,-2.980800000000000116e-02,6.077320000000000499e-01,8.117459999999999676e-01,9.137520000000000087e-01,6.077320000000000499e-01,7.097390000000000088e-01,-1.432398000000000060e+00,-1.355893000000000015e+00,1.742049999999999987e-01,3.782179999999999986e-01,2.762109999999999843e-01,8.372469999999999635e-01,7.352410000000000334e-01,-1.330392000000000019e+00,-2.980800000000000116e-02,-1.063130000000000047e-01,-8.203589999999999494e-01,7.097390000000000088e-01,5.057260000000000089e-01,9.137520000000000087e-01,8.882499999999999840e-01,1.742049999999999987e-01,2.252079999999999915e-01,9.769999999999999518e-02,4.669600000000000140e-02,-8.713619999999999699e-01,1.232010000000000050e-01,-1.063130000000000047e-01,-4.307000000000000065e-03,4.037189999999999945e-01,2.762109999999999843e-01,-5.530999999999999805e-02,9.769999999999999518e-02,4.292210000000000192e-01,5.822310000000000541e-01,1.232010000000000050e-01,2.252079999999999915e-01,-2.980800000000000116e-02,-1.063130000000000047e-01,-5.143389999999999906e-01,-3.103259999999999907e-01,1.066761999999999988e+00,1.780807999999999947e+00,-7.183530000000000193e-01,-6.673489999999999700e-01,1.168768000000000029e+00,-8.081199999999999495e-02,-5.143389999999999906e-01,8.117459999999999676e-01,-1.075374999999999970e+00,2.762109999999999843e-01,6.077320000000000499e-01,3.017130000000000090e-01,-3.868309999999999804e-01,4.292210000000000192e-01,9.769999999999999518e-02,-5.530999999999999805e-02,7.607420000000000293e-01,7.862440000000000540e-01,5.822310000000000541e-01,7.219799999999999829e-02,-5.653430000000000399e-01,-5.143389999999999906e-01,1.742049999999999987e-01,1.117764999999999898e+00,1.143267000000000033e+00,-6.673489999999999700e-01,-4.378349999999999742e-01,-6.673489999999999700e-01,1.742049999999999987e-01,1.487030000000000018e-01,3.782179999999999986e-01,-1.063130000000000047e-01,4.292210000000000192e-01,-4.307000000000000065e-03,7.219799999999999829e-02,4.802239999999999842e-01,3.272140000000000049e-01,4.037189999999999945e-01,5.057260000000000089e-01,1.742049999999999987e-01,1.487030000000000018e-01,5.057260000000000089e-01,4.669600000000000140e-02,5.057260000000000089e-01,-2.593230000000000257e-01,-2.593230000000000257e-01,-1.228385000000000060e+00,6.077320000000000499e-01,1.219772000000000078e+00,3.017130000000000090e-01,-5.653430000000000399e-01,2.762109999999999843e-01,1.487030000000000018e-01,-2.593230000000000257e-01,7.219799999999999829e-02,4.547229999999999883e-01,7.097390000000000088e-01,3.017130000000000090e-01,-5.653430000000000399e-01,3.017130000000000090e-01,2.252079999999999915e-01,1.997059999999999946e-01,8.882499999999999840e-01,4.669600000000000140e-02,1.997059999999999946e-01,-2.980800000000000116e-02,4.802239999999999842e-01,6.332339999999999636e-01,-2.980800000000000116e-02,-1.063130000000000047e-01,-1.177381999999999929e+00,-1.828180000000000083e-01,1.066761999999999988e+00,8.627489999999999881e-01,-3.358280000000000154e-01,5.312280000000000335e-01,1.487030000000000018e-01,-6.163459999999999495e-01,-1.126379000000000019e+00,8.627489999999999881e-01,4.292210000000000192e-01,4.547229999999999883e-01,1.742049999999999987e-01,-1.151880000000000015e+00,7.097390000000000088e-01,6.077320000000000499e-01,-4.888379999999999947e-01,4.802239999999999842e-01,8.372469999999999635e-01,5.567290000000000294e-01,-1.573170000000000124e-01,-2.980800000000000116e-02,-4.123330000000000051e-01,-2.083200000000000052e-01,4.802239999999999842e-01,8.372469999999999635e-01,-8.713619999999999699e-01,-4.123330000000000051e-01,4.037189999999999945e-01,9.769999999999999518e-02,8.627489999999999881e-01,5.567290000000000294e-01,-1.828180000000000083e-01,-4.123330000000000051e-01,2.252079999999999915e-01,-2.848249999999999948e-01,2.762109999999999843e-01,3.782179999999999986e-01,3.527159999999999740e-01,6.077320000000000499e-01,3.272140000000000049e-01,-4.633360000000000256e-01,5.312280000000000335e-01,3.017130000000000090e-01,1.232010000000000050e-01,-1.100877000000000105e+00,-3.358280000000000154e-01,7.352410000000000334e-01,1.245273000000000074e+00,7.219799999999999829e-02,-3.103259999999999907e-01,3.017130000000000090e-01,-8.081199999999999495e-02,3.527159999999999740e-01,-8.081199999999999495e-02,1.487030000000000018e-01,-5.530999999999999805e-02,2.762109999999999843e-01,5.567290000000000294e-01,6.842369999999999841e-01,3.272140000000000049e-01,3.527159999999999740e-01,-2.338210000000000011e-01,-1.573170000000000124e-01,3.782179999999999986e-01,9.137520000000000087e-01,-4.888379999999999947e-01,-8.713619999999999699e-01,-2.083200000000000052e-01,1.474787999999999988e+00,1.678800999999999988e+00,-2.593230000000000257e-01,-7.693560000000000398e-01,-2.083200000000000052e-01,1.487030000000000018e-01,9.769999999999999518e-02,1.232010000000000050e-01,2.762109999999999843e-01,9.769999999999999518e-02,-1.063130000000000047e-01,1.742049999999999987e-01,2.252079999999999915e-01,8.117459999999999676e-01,-3.103259999999999907e-01,-6.673489999999999700e-01,1.997059999999999946e-01,7.097390000000000088e-01,-1.318149999999999877e-01,5.057260000000000089e-01,5.822310000000000541e-01,1.347280000000000033e+00,-2.401460000000000150e+00,2.507099999999999884e-01,1.742049999999999987e-01,2.762109999999999843e-01,-2.338210000000000011e-01,-1.063130000000000047e-01,6.842369999999999841e-01,1.398282999999999943e+00,-8.081199999999999495e-02,-6.673489999999999700e-01,-8.081199999999999495e-02,8.882499999999999840e-01,3.527159999999999740e-01,-9.988700000000000356e-01,-7.948570000000000357e-01,1.487030000000000018e-01,8.117459999999999676e-01,6.842369999999999841e-01,6.587359999999999882e-01,9.769999999999999518e-02,6.332339999999999636e-01,2.252079999999999915e-01,-2.083200000000000052e-01,-4.307000000000000065e-03,-2.083200000000000052e-01,3.782179999999999986e-01,7.607420000000000293e-01,-7.438540000000000152e-01,-4.378349999999999742e-01,4.037189999999999945e-01,-2.593230000000000257e-01,-2.338210000000000011e-01,4.802239999999999842e-01,1.015759000000000079e+00,6.077320000000000499e-01,2.252079999999999915e-01,-5.908440000000000358e-01,-4.888379999999999947e-01,6.587359999999999882e-01,2.762109999999999843e-01,-3.868309999999999804e-01,9.392540000000000333e-01,1.232010000000000050e-01,-7.438540000000000152e-01,2.252079999999999915e-01,1.742049999999999987e-01,2.762109999999999843e-01,2.762109999999999843e-01,3.782179999999999986e-01,-3.613299999999999845e-01,-2.593230000000000257e-01,3.782179999999999986e-01,-1.828180000000000083e-01,1.742049999999999987e-01,9.647550000000000292e-01,7.219799999999999829e-02,-3.103259999999999907e-01,5.567290000000000294e-01,-4.307000000000000065e-03,9.392540000000000333e-01,1.232010000000000050e-01,4.669600000000000140e-02,-6.163459999999999495e-01,-9.478670000000000151e-01,9.769999999999999518e-02,6.587359999999999882e-01,7.607420000000000293e-01,3.782179999999999986e-01,-3.103259999999999907e-01,6.077320000000000499e-01,9.769999999999999518e-02,-5.653430000000000399e-01,7.219799999999999829e-02,2.762109999999999843e-01,5.312280000000000335e-01,6.587359999999999882e-01,-8.458609999999999740e-01,-8.081199999999999495e-02,5.057260000000000089e-01,1.232010000000000050e-01,9.769999999999999518e-02,-4.307000000000000065e-03,2.507099999999999884e-01,-8.081199999999999495e-02,1.997059999999999946e-01,8.882499999999999840e-01,1.487030000000000018e-01,4.802239999999999842e-01,4.802239999999999842e-01,-3.358280000000000154e-01,-8.081199999999999495e-02,1.487030000000000018e-01,-6.673489999999999700e-01,7.219799999999999829e-02,2.252079999999999915e-01,-2.848249999999999948e-01,4.547229999999999883e-01,5.822310000000000541e-01,8.882499999999999840e-01,-1.253886999999999974e+00,1.742049999999999987e-01,1.487030000000000018e-01,9.137520000000000087e-01,8.117459999999999676e-01,-1.573170000000000124e-01,-1.063130000000000047e-01,2.119499999999999856e-02,4.037189999999999945e-01,2.252079999999999915e-01,2.119499999999999856e-02,-5.908440000000000358e-01,4.547229999999999883e-01,-1.828180000000000083e-01,1.742049999999999987e-01,-2.338210000000000011e-01,-2.338210000000000011e-01,1.487030000000000018e-01,7.607420000000000293e-01,4.802239999999999842e-01,3.017130000000000090e-01,5.057260000000000089e-01,-5.530999999999999805e-02,-4.378349999999999742e-01,-2.980800000000000116e-02,2.507099999999999884e-01,5.312280000000000335e-01,4.802239999999999842e-01,1.321777999999999897e+00,4.547229999999999883e-01,-1.075374999999999970e+00,-1.100877000000000105e+00,-3.868309999999999804e-01,3.782179999999999986e-01,1.742049999999999987e-01,1.321777999999999897e+00,-4.888379999999999947e-01,1.487030000000000018e-01,6.332339999999999636e-01,3.272140000000000049e-01,-2.848249999999999948e-01,3.017130000000000090e-01,2.507099999999999884e-01,1.232010000000000050e-01,5.057260000000000089e-01,-3.613299999999999845e-01,-5.530999999999999805e-02,-8.081199999999999495e-02,-1.063130000000000047e-01,9.392540000000000333e-01,1.168768000000000029e+00,7.219799999999999829e-02,-7.183530000000000193e-01,-1.559906000000000015e+00,6.332339999999999636e-01,6.332339999999999636e-01,-7.438540000000000152e-01,5.312280000000000335e-01,9.392540000000000333e-01,5.057260000000000089e-01,7.607420000000000293e-01,2.119499999999999856e-02,-6.418479999999999741e-01,1.487030000000000018e-01,2.762109999999999843e-01,-2.848249999999999948e-01,5.312280000000000335e-01,1.487030000000000018e-01,-1.828180000000000083e-01,1.487030000000000018e-01,5.822310000000000541e-01,-5.530999999999999805e-02,-4.888379999999999947e-01,2.119499999999999856e-02,3.272140000000000049e-01,3.782179999999999986e-01,-1.828180000000000083e-01,-1.573170000000000124e-01,1.219772000000000078e+00,1.143267000000000033e+00,6.077320000000000499e-01,-4.307000000000000065e-03,-1.024372000000000060e+00,-6.418479999999999741e-01,6.842369999999999841e-01,-1.202884000000000064e+00,8.882499999999999840e-01,-5.398410000000000153e-01,3.527159999999999740e-01,4.037189999999999945e-01,3.017130000000000090e-01,6.077320000000000499e-01,2.119499999999999856e-02,-2.593230000000000257e-01,2.762109999999999843e-01,-3.358280000000000154e-01,-2.338210000000000011e-01,8.627489999999999881e-01,7.607420000000000293e-01,1.487030000000000018e-01,5.567290000000000294e-01,2.762109999999999843e-01,-4.307000000000000065e-03,5.567290000000000294e-01,4.547229999999999883e-01,-1.993433999999999928e+00,-6.163459999999999495e-01,-4.123330000000000051e-01,-2.338210000000000011e-01,9.392540000000000333e-01,1.449286000000000074e+00,4.802239999999999842e-01,7.219799999999999829e-02,4.802239999999999842e-01,6.842369999999999841e-01,9.769999999999999518e-02,-4.378349999999999742e-01,-1.063130000000000047e-01,4.037189999999999945e-01,4.669600000000000140e-02,-2.848249999999999948e-01,1.487030000000000018e-01,-9.988700000000000356e-01,2.762109999999999843e-01,9.137520000000000087e-01,-2.338210000000000011e-01,3.272140000000000049e-01,4.802239999999999842e-01,-3.613299999999999845e-01,-4.378349999999999742e-01,-5.653430000000000399e-01,1.729803999999999897e+00,4.547229999999999883e-01,5.057260000000000089e-01,-4.307000000000000065e-03,-5.530999999999999805e-02,-4.633360000000000256e-01,5.312280000000000335e-01,6.332339999999999636e-01,-2.980800000000000116e-02,-3.103259999999999907e-01,-1.828180000000000083e-01,7.219799999999999829e-02,5.312280000000000335e-01,4.292210000000000192e-01,-4.888379999999999947e-01,-8.081199999999999495e-02,6.587359999999999882e-01,-3.868309999999999804e-01,-8.081199999999999495e-02,7.219799999999999829e-02,1.092262999999999984e+00,4.802239999999999842e-01,1.372781000000000029e+00,-5.653430000000000399e-01,4.669600000000000140e-02,5.822310000000000541e-01,-3.358280000000000154e-01,-7.693560000000000398e-01,9.137520000000000087e-01,1.474787999999999988e+00,2.762109999999999843e-01,-9.733690000000000397e-01,1.232010000000000050e-01,4.802239999999999842e-01,2.119499999999999856e-02,7.219799999999999829e-02,-4.123330000000000051e-01,-1.610910000000000064e+00,1.245273000000000074e+00,2.252079999999999915e-01,5.312280000000000335e-01,6.587359999999999882e-01,4.547229999999999883e-01,-2.593230000000000257e-01,-8.081199999999999495e-02,7.607420000000000293e-01,-4.307000000000000065e-03,3.017130000000000090e-01,1.296276999999999902e+00,1.232010000000000050e-01,-4.888379999999999947e-01,-2.980800000000000116e-02,-4.378349999999999742e-01,4.547229999999999883e-01,-5.530999999999999805e-02,-6.418479999999999741e-01,-8.203589999999999494e-01,1.487030000000000018e-01,8.372469999999999635e-01,1.015759000000000079e+00,1.066761999999999988e+00,5.567290000000000294e-01,-2.593230000000000257e-01,4.669600000000000140e-02,-1.063130000000000047e-01,7.097390000000000088e-01,-2.593230000000000257e-01,1.232010000000000050e-01,-3.868309999999999804e-01,-3.613299999999999845e-01,4.802239999999999842e-01,1.997059999999999946e-01,1.742049999999999987e-01,1.143267000000000033e+00,-7.438540000000000152e-01,-1.661912999999999974e+00,2.762109999999999843e-01,8.627489999999999881e-01,9.647550000000000292e-01,1.015759000000000079e+00,1.041260000000000074e+00,1.997059999999999946e-01,-2.848249999999999948e-01,-2.593230000000000257e-01,-2.338210000000000011e-01,-7.438540000000000152e-01,1.232010000000000050e-01,5.567290000000000294e-01,3.527159999999999740e-01,5.567290000000000294e-01,-1.573170000000000124e-01,-1.318149999999999877e-01,1.487030000000000018e-01,-5.398410000000000153e-01,-1.063130000000000047e-01,7.219799999999999829e-02,8.882499999999999840e-01,5.822310000000000541e-01,-2.044436999999999838e+00,1.296276999999999902e+00,6.077320000000000499e-01,7.607420000000000293e-01,2.252079999999999915e-01,-2.083200000000000052e-01,4.037189999999999945e-01,1.232010000000000050e-01,-3.358280000000000154e-01,-1.828180000000000083e-01,6.587359999999999882e-01,3.782179999999999986e-01,4.037189999999999945e-01,2.252079999999999915e-01,-5.908440000000000358e-01,-4.123330000000000051e-01,2.119499999999999856e-02,-7.438540000000000152e-01,9.392540000000000333e-01,1.729803999999999897e+00,5.312280000000000335e-01,4.292210000000000192e-01,-3.103259999999999907e-01,-6.673489999999999700e-01,1.232010000000000050e-01,3.782179999999999986e-01,6.842369999999999841e-01,-2.848249999999999948e-01,-4.633360000000000256e-01,-4.378349999999999742e-01,5.057260000000000089e-01,9.647550000000000292e-01,-4.888379999999999947e-01,-3.358280000000000154e-01,-2.980800000000000116e-02,3.017130000000000090e-01,6.332339999999999636e-01,7.352410000000000334e-01,-7.438540000000000152e-01,-2.083200000000000052e-01,6.332339999999999636e-01,-2.083200000000000052e-01,7.352410000000000334e-01,7.352410000000000334e-01,3.782179999999999986e-01,-6.928509999999999946e-01,3.527159999999999740e-01,6.332339999999999636e-01,1.742049999999999987e-01,-3.103259999999999907e-01,-5.143389999999999906e-01,2.762109999999999843e-01,3.527159999999999740e-01,-4.888379999999999947e-01,-9.478670000000000151e-01,9.769999999999999518e-02,5.822310000000000541e-01,9.902570000000000539e-01,5.057260000000000089e-01,-4.307000000000000065e-03,4.802239999999999842e-01,7.097390000000000088e-01,6.587359999999999882e-01,1.232010000000000050e-01,-5.398410000000000153e-01,-1.432398000000000060e+00,9.647550000000000292e-01,1.015759000000000079e+00,4.802239999999999842e-01,-3.358280000000000154e-01,3.527159999999999740e-01,-4.378349999999999742e-01,-1.432398000000000060e+00,7.352410000000000334e-01,8.627489999999999881e-01,1.066761999999999988e+00,3.782179999999999986e-01,4.037189999999999945e-01,-4.888379999999999947e-01,-3.613299999999999845e-01,4.669600000000000140e-02,6.587359999999999882e-01,-2.848249999999999948e-01,2.762109999999999843e-01,5.822310000000000541e-01,-1.432398000000000060e+00,2.119499999999999856e-02,7.352410000000000334e-01,9.392540000000000333e-01,1.232010000000000050e-01,-1.573170000000000124e-01,2.119499999999999856e-02,9.769999999999999518e-02,-1.573170000000000124e-01,1.742049999999999987e-01,7.219799999999999829e-02,4.547229999999999883e-01,8.372469999999999635e-01,-1.573170000000000124e-01,-1.063130000000000047e-01,9.769999999999999518e-02,3.527159999999999740e-01,-4.307000000000000065e-03,3.782179999999999986e-01,-1.318149999999999877e-01,5.567290000000000294e-01,-1.573170000000000124e-01,-1.508903000000000105e+00,-1.828180000000000083e-01,9.392540000000000333e-01,1.092262999999999984e+00,6.587359999999999882e-01,7.352410000000000334e-01,-2.980800000000000116e-02,-1.063130000000000047e-01,1.997059999999999946e-01,-3.868309999999999804e-01,-2.980800000000000116e-02,1.487030000000000018e-01,-5.530999999999999805e-02,1.219772000000000078e+00,6.332339999999999636e-01,-1.202884000000000064e+00,-1.202884000000000064e+00,1.347280000000000033e+00,4.037189999999999945e-01,4.037189999999999945e-01,-1.381394999999999929e+00,5.057260000000000089e-01,7.352410000000000334e-01,4.547229999999999883e-01,4.037189999999999945e-01,4.292210000000000192e-01,-2.083200000000000052e-01,-3.868309999999999804e-01,4.547229999999999883e-01,4.669600000000000140e-02,-2.338210000000000011e-01,1.232010000000000050e-01,9.769999999999999518e-02,3.782179999999999986e-01,1.041260000000000074e+00,4.802239999999999842e-01,4.292210000000000192e-01,-8.081199999999999495e-02,-6.673489999999999700e-01,-2.593230000000000257e-01,-3.103259999999999907e-01,3.272140000000000049e-01,6.587359999999999882e-01,7.607420000000000293e-01,3.782179999999999986e-01,5.822310000000000541e-01,3.782179999999999986e-01,-1.381394999999999929e+00,-2.338210000000000011e-01,2.762109999999999843e-01,-4.307000000000000065e-03,1.015759000000000079e+00,1.551293000000000033e+00,-6.673489999999999700e-01,-7.438540000000000152e-01,2.252079999999999915e-01,1.742049999999999987e-01,3.527159999999999740e-01,3.017130000000000090e-01,2.507099999999999884e-01,3.017130000000000090e-01,1.997059999999999946e-01,-9.478670000000000151e-01,3.272140000000000049e-01,8.882499999999999840e-01,4.669600000000000140e-02,-1.828180000000000083e-01,-1.049873999999999974e+00,9.769999999999999518e-02,7.607420000000000293e-01,5.057260000000000089e-01,6.332339999999999636e-01,5.822310000000000541e-01,7.097390000000000088e-01,1.487030000000000018e-01,-1.828180000000000083e-01,1.487030000000000018e-01,1.232010000000000050e-01,-7.948570000000000357e-01,-2.593230000000000257e-01,-2.980800000000000116e-02,-2.083200000000000052e-01,1.015759000000000079e+00,6.077320000000000499e-01,-2.338210000000000011e-01,1.232010000000000050e-01,6.587359999999999882e-01,-2.848249999999999948e-01,5.057260000000000089e-01,4.292210000000000192e-01,-4.888379999999999947e-01,-8.713619999999999699e-01,-1.828180000000000083e-01,1.997059999999999946e-01,1.500289999999999901e+00,1.143267000000000033e+00,1.487030000000000018e-01,-5.653430000000000399e-01,7.219799999999999829e-02,3.527159999999999740e-01,4.292210000000000192e-01,-1.573170000000000124e-01,-4.378349999999999742e-01,-1.828180000000000083e-01,-6.673489999999999700e-01,7.097390000000000088e-01,7.862440000000000540e-01,-5.398410000000000153e-01,5.312280000000000335e-01,7.352410000000000334e-01,-1.075374999999999970e+00,-2.848249999999999948e-01,1.194269999999999943e+00,1.245273000000000074e+00,5.822310000000000541e-01,1.232010000000000050e-01,-5.398410000000000153e-01,-6.418479999999999741e-01,-2.848249999999999948e-01,2.507099999999999884e-01,3.272140000000000049e-01,3.527159999999999740e-01,3.782179999999999986e-01,1.742049999999999987e-01,4.547229999999999883e-01,-5.653430000000000399e-01,-7.183530000000000193e-01,1.487030000000000018e-01,6.077320000000000499e-01,7.862440000000000540e-01,-7.438540000000000152e-01,4.802239999999999842e-01,1.041260000000000074e+00,-1.063130000000000047e-01,4.669600000000000140e-02,-6.163459999999999495e-01,6.077320000000000499e-01,-2.980800000000000116e-02,-2.593230000000000257e-01,6.077320000000000499e-01,5.057260000000000089e-01,1.653299000000000074e+00,-5.530999999999999805e-02,-1.228385000000000060e+00,-1.318149999999999877e-01,-3.103259999999999907e-01,2.507099999999999884e-01,4.037189999999999945e-01,5.057260000000000089e-01,9.137520000000000087e-01,-5.530999999999999805e-02,-3.868309999999999804e-01,9.647550000000000292e-01,-5.143389999999999906e-01,4.037189999999999945e-01,2.119499999999999856e-02,-3.358280000000000154e-01,3.017130000000000090e-01,-4.378349999999999742e-01,-3.103259999999999907e-01,1.066761999999999988e+00,9.392540000000000333e-01,6.332339999999999636e-01,5.312280000000000335e-01,-1.573170000000000124e-01,-3.103259999999999907e-01,-3.358280000000000154e-01,7.219799999999999829e-02,9.137520000000000087e-01,2.252079999999999915e-01,7.219799999999999829e-02,-7.948570000000000357e-01,-5.908440000000000358e-01,3.272140000000000049e-01,2.119499999999999856e-02,1.232010000000000050e-01,7.862440000000000540e-01,-4.307000000000000065e-03,4.802239999999999842e-01,3.017130000000000090e-01,-1.318149999999999877e-01,-8.081199999999999495e-02,9.769999999999999518e-02,6.077320000000000499e-01,-8.081199999999999495e-02,1.015759000000000079e+00,-6.928509999999999946e-01,-7.438540000000000152e-01,9.392540000000000333e-01,-6.163459999999999495e-01,4.292210000000000192e-01,6.332339999999999636e-01,4.292210000000000192e-01,-5.908440000000000358e-01,4.292210000000000192e-01,-3.103259999999999907e-01,-5.908440000000000358e-01,-6.928509999999999946e-01,1.232010000000000050e-01,7.862440000000000540e-01,1.092262999999999984e+00,1.041260000000000074e+00,1.270774999999999988e+00,4.669600000000000140e-02,-6.418479999999999741e-01,-5.653430000000000399e-01,-7.183530000000000193e-01,-3.358280000000000154e-01,8.882499999999999840e-01,9.769999999999999518e-02,1.015759000000000079e+00,7.352410000000000334e-01,2.507099999999999884e-01,9.902570000000000539e-01,1.487030000000000018e-01,-4.123330000000000051e-01,1.232010000000000050e-01,-2.083200000000000052e-01,-8.968639999999999946e-01,-3.613299999999999845e-01,5.567290000000000294e-01,1.015759000000000079e+00,3.782179999999999986e-01,6.077320000000000499e-01,-9.988700000000000356e-01,1.487030000000000018e-01,-5.653430000000000399e-01,1.194269999999999943e+00,6.332339999999999636e-01,3.527159999999999740e-01,1.997059999999999946e-01,1.232010000000000050e-01,3.527159999999999740e-01,-9.478670000000000151e-01,3.272140000000000049e-01,3.527159999999999740e-01,-1.318149999999999877e-01,3.017130000000000090e-01,4.669600000000000140e-02,1.997059999999999946e-01,-1.891428000000000109e+00,-2.593230000000000257e-01,7.097390000000000088e-01,8.372469999999999635e-01,1.245273000000000074e+00,4.802239999999999842e-01,-4.123330000000000051e-01,1.487030000000000018e-01,3.272140000000000049e-01,8.627489999999999881e-01,-2.083200000000000052e-01,-7.948570000000000357e-01,-8.081199999999999495e-02,9.902570000000000539e-01,1.755306000000000033e+00,-3.192010999999999932e+00,-1.891428000000000109e+00,7.607420000000000293e-01,1.372781000000000029e+00,8.372469999999999635e-01,6.842369999999999841e-01,5.057260000000000089e-01,1.997059999999999946e-01,4.037189999999999945e-01,7.352410000000000334e-01,-9.988700000000000356e-01,-1.202884000000000064e+00,9.137520000000000087e-01,1.321777999999999897e+00,-1.253886999999999974e+00,-3.103259999999999907e-01,1.742049999999999987e-01,5.822310000000000541e-01,6.077320000000000499e-01,4.802239999999999842e-01,-8.458609999999999740e-01,6.077320000000000499e-01,3.782179999999999986e-01,6.842369999999999841e-01,4.669600000000000140e-02,-1.075374999999999970e+00,-2.083200000000000052e-01,3.017130000000000090e-01,1.041260000000000074e+00,8.372469999999999635e-01,1.232010000000000050e-01,-6.673489999999999700e-01,-9.733690000000000397e-01,9.137520000000000087e-01,1.551293000000000033e+00,1.487030000000000018e-01,-7.693560000000000398e-01,4.802239999999999842e-01,9.769999999999999518e-02,2.252079999999999915e-01,-1.202884000000000064e+00,-5.398410000000000153e-01,5.312280000000000335e-01,1.525790999999999897e+00,9.137520000000000087e-01,-8.081199999999999495e-02,3.017130000000000090e-01,9.769999999999999518e-02,9.769999999999999518e-02,-1.100877000000000105e+00,9.137520000000000087e-01,3.017130000000000090e-01,-1.828180000000000083e-01,3.527159999999999740e-01,4.037189999999999945e-01,2.762109999999999843e-01,-2.338210000000000011e-01,-6.163459999999999495e-01,9.769999999999999518e-02,7.862440000000000540e-01,1.729803999999999897e+00,-1.228385000000000060e+00,-3.868309999999999804e-01,1.168768000000000029e+00,-7.438540000000000152e-01,1.487030000000000018e-01,1.627798000000000078e+00,1.296276999999999902e+00,8.372469999999999635e-01,-1.559906000000000015e+00,-1.304890000000000105e+00,-7.693560000000000398e-01,-3.103259999999999907e-01,1.245273000000000074e+00,1.066761999999999988e+00,7.352410000000000334e-01,3.272140000000000049e-01,3.527159999999999740e-01,6.332339999999999636e-01,5.057260000000000089e-01,-1.126379000000000019e+00,-1.318149999999999877e-01,-1.355893000000000015e+00,1.487030000000000018e-01,1.742049999999999987e-01,4.292210000000000192e-01,4.292210000000000192e-01
-1.304890000000000105e+00,2.762109999999999843e-01,7.097390000000000088e-01,3.272140000000000049e-01,1.232010000000000050e-01,1.041260000000000074e+00,-8.458609999999999740e-01,4.802239999999999842e-01,-4.307000000000000065e-03,-6.928509999999999946e-01,1.997059999999999946e-01,8.117459999999999676e-01,3.527159999999999740e-01,5.567290000000000294e-01,7.607420000000000293e-01,-9.733690000000000397e-01,-4.633360000000000256e-01,-8.081199999999999495e-02,3.782179999999999986e-01,4.669600000000000140e-02,6.842369999999999841e-01,8.372469999999999635e-01,4.037189999999999945e-01,-3.868309999999999804e-01,-6.928509999999999946e-01,6.842369999999999841e-01,6.332339999999999636e-01,-1.457899999999999974e+00,3.527159999999999740e-01,5.822310000000000541e-01,2.762109999999999843e-01,-8.081199999999999495e-02,-2.848249999999999948e-01,-8.081199999999999495e-02,6.332339999999999636e-01,-1.318149999999999877e-01,1.168768000000000029e+00,-4.307000000000000065e-03,-3.103259999999999907e-01,-3.358280000000000154e-01,1.347280000000000033e+00,9.392540000000000333e-01,1.066761999999999988e+00,5.567290000000000294e-01,-6.928509999999999946e-01,-1.049873999999999974e+00,-1.559906000000000015e+00,-2.848249999999999948e-01,9.392540000000000333e-01,1.194269999999999943e+00,8.372469999999999635e-01,-5.530999999999999805e-02,6.587359999999999882e-01,1.997059999999999946e-01,-9.223660000000000192e-01,-5.653430000000000399e-01,9.392540000000000333e-01,1.143267000000000033e+00,-1.318149999999999877e-01,-1.063130000000000047e-01,7.862440000000000540e-01,-4.888379999999999947e-01,-5.530999999999999805e-02,2.252079999999999915e-01,-5.530999999999999805e-02,5.567290000000000294e-01,-3.358280000000000154e-01,2.119499999999999856e-02,7.219799999999999829e-02,3.782179999999999986e-01,1.474787999999999988e+00,-6.418479999999999741e-01,7.352410000000000334e-01,-8.968639999999999946e-01,-3.103259999999999907e-01,-6.928509999999999946e-01,8.372469999999999635e-01,2.507099999999999884e-01,-2.848249999999999948e-01,5.822310000000000541e-01,-1.828180000000000083e-01,5.057260000000000089e-01,1.092262999999999984e+00,2.762109999999999843e-01,-1.534405000000000019e+00,-8.713619999999999699e-01,1.296276999999999902e+00,1.066761999999999988e+00,-1.573170000000000124e-01,-4.378349999999999742e-01,1.933816999999999897e+00,-5.143389999999999906e-01,-4.307000000000000065e-03,-3.613299999999999845e-01,2.119499999999999856e-02,1.232010000000000050e-01,1.487030000000000018e-01,6.587359999999999882e-01,-9.988700000000000356e-01,6.077320000000000499e-01,7.352410000000000334e-01,3.272140000000000049e-01,1.997059999999999946e-01,-5.908440000000000358e-01,-7.183530000000000193e-01,6.332339999999999636e-01,8.882499999999999840e-01,-5.530999999999999805e-02,1.245273000000000074e+00,-5.143389999999999906e-01,8.372469999999999635e-01,1.245273000000000074e+00,-4.888379999999999947e-01,-3.498031000000000112e+00,6.587359999999999882e-01,2.507099999999999884e-01,8.627489999999999881e-01,-1.126379000000000019e+00,1.168768000000000029e+00,-1.585407999999999928e+00,6.077320000000000499e-01,1.398282999999999943e+00,1.041260000000000074e+00,-2.083200000000000052e-01,1.487030000000000018e-01,-2.083200000000000052e-01,8.627489999999999881e-01,5.822310000000000541e-01,-9.478670000000000151e-01,9.392540000000000333e-01,3.272140000000000049e-01,-9.223660000000000192e-01,1.525790999999999897e+00,-8.458609999999999740e-01,-5.908440000000000358e-01,-2.426962000000000064e+00,1.232010000000000050e-01,1.551293000000000033e+00,2.367344999999999811e+00,1.933816999999999897e+00,-1.406897000000000064e+00,-8.081199999999999495e-02,3.017130000000000090e-01,-1.318149999999999877e-01,3.272140000000000049e-01,-8.968639999999999946e-01,1.487030000000000018e-01,-2.980800000000000116e-02,6.332339999999999636e-01,-4.888379999999999947e-01,6.587359999999999882e-01,5.057260000000000089e-01,-1.432398000000000060e+00,-1.318149999999999877e-01,9.137520000000000087e-01,1.449286000000000074e+00,-4.307000000000000065e-03,-9.733690000000000397e-01,8.117459999999999676e-01,4.037189999999999945e-01,-1.763919000000000015e+00,5.312280000000000335e-01,5.822310000000000541e-01,1.194269999999999943e+00,-4.378349999999999742e-01,-4.888379999999999947e-01,9.769999999999999518e-02,8.882499999999999840e-01,1.474787999999999988e+00,-1.024372000000000060e+00,-4.307000000000000065e-03,1.194269999999999943e+00,3.017130000000000090e-01,-3.103259999999999907e-01,-1.573170000000000124e-01,4.037189999999999945e-01,-4.123330000000000051e-01,5.057260000000000089e-01,3.782179999999999986e-01,6.587359999999999882e-01,7.219799999999999829e-02,-1.432398000000000060e+00,-2.083200000000000052e-01,7.352410000000000334e-01,1.347280000000000033e+00,2.163332000000000033e+00,-2.338210000000000011e-01,-2.095441000000000109e+00,-7.183530000000000193e-01,9.902570000000000539e-01,9.137520000000000087e-01,6.332339999999999636e-01,3.017130000000000090e-01,-2.848249999999999948e-01,-8.081199999999999495e-02,-4.378349999999999742e-01,5.057260000000000089e-01,6.077320000000000499e-01,9.137520000000000087e-01,-6.928509999999999946e-01,-1.049873999999999974e+00,6.077320000000000499e-01,8.627489999999999881e-01,3.272140000000000049e-01,-2.593230000000000257e-01,1.015759000000000079e+00,3.782179999999999986e-01,-7.438540000000000152e-01,3.017130000000000090e-01,-1.828180000000000083e-01,3.782179999999999986e-01,1.245273000000000074e+00,-9.988700000000000356e-01,-2.083200000000000052e-01,-7.183530000000000193e-01,-8.458609999999999740e-01,7.352410000000000334e-01,8.372469999999999635e-01,6.332339999999999636e-01,1.219772000000000078e+00,-6.928509999999999946e-01,-1.508903000000000105e+00,3.272140000000000049e-01,9.902570000000000539e-01,-3.358280000000000154e-01,-2.848249999999999948e-01,2.953882999999999814e+00,-8.203589999999999494e-01,-1.177381999999999929e+00,-5.908440000000000358e-01,5.057260000000000089e-01,5.057260000000000089e-01,-5.398410000000000153e-01,1.219772000000000078e+00,-1.063130000000000047e-01,3.527159999999999740e-01,-5.653430000000000399e-01,4.292210000000000192e-01,1.041260000000000074e+00,-5.143389999999999906e-01,-8.203589999999999494e-01,4.669600000000000140e-02,1.168768000000000029e+00,9.392540000000000333e-01,-8.968639999999999946e-01,-2.980800000000000116e-02,-1.636411000000000060e+00,1.232010000000000050e-01,8.882499999999999840e-01,2.119499999999999856e-02,8.882499999999999840e-01,5.057260000000000089e-01,9.902570000000000539e-01,-4.307000000000000065e-03,-5.143389999999999906e-01,-6.928509999999999946e-01,-1.573170000000000124e-01,1.449286000000000074e+00,-1.534405000000000019e+00,4.292210000000000192e-01,9.137520000000000087e-01,-5.143389999999999906e-01,5.057260000000000089e-01,1.168768000000000029e+00,-8.458609999999999740e-01,6.077320000000000499e-01,1.997059999999999946e-01,4.037189999999999945e-01,6.587359999999999882e-01,-9.223660000000000192e-01,3.527159999999999740e-01,-3.358280000000000154e-01,7.352410000000000334e-01,9.769999999999999518e-02,-2.299453999999999887e+00,-8.081199999999999495e-02,2.596859999999999946e+00,2.119499999999999856e-02,1.232010000000000050e-01,7.219799999999999829e-02,4.669600000000000140e-02,6.077320000000000499e-01,9.137520000000000087e-01,-8.081199999999999495e-02,-1.636411000000000060e+00,-3.103259999999999907e-01,1.092262999999999984e+00,-2.593230000000000257e-01,2.252079999999999915e-01,1.372781000000000029e+00,4.037189999999999945e-01,-1.508903000000000105e+00,1.423785000000000078e+00,-6.928509999999999946e-01,-1.828180000000000083e-01,-1.318149999999999877e-01,1.627798000000000078e+00,-1.573170000000000124e-01,2.762109999999999843e-01,9.137520000000000087e-01,-4.123330000000000051e-01,3.527159999999999740e-01,6.077320000000000499e-01,-4.123330000000000051e-01,-1.330392000000000019e+00,4.669600000000000140e-02,7.862440000000000540e-01,-4.888379999999999947e-01,1.232010000000000050e-01,3.527159999999999740e-01,-2.083200000000000052e-01,7.607420000000000293e-01,1.041260000000000074e+00,3.782179999999999986e-01,-1.573170000000000124e-01,4.669600000000000140e-02,2.762109999999999843e-01,-2.338210000000000011e-01,9.137520000000000087e-01,-1.304890000000000105e+00,1.015759000000000079e+00,3.017130000000000090e-01,2.252079999999999915e-01,7.219799999999999829e-02,-1.304890000000000105e+00,-1.318149999999999877e-01,-1.828180000000000083e-01,9.902570000000000539e-01,9.647550000000000292e-01,-1.406897000000000064e+00,-4.307000000000000065e-03,1.041260000000000074e+00,1.347280000000000033e+00,1.245273000000000074e+00,4.037189999999999945e-01,-4.378349999999999742e-01,-5.398410000000000153e-01,-6.418479999999999741e-01,3.527159999999999740e-01,4.802239999999999842e-01,1.997059999999999946e-01,1.857312000000000074e+00,2.520354999999999901e+00,-2.732981999999999800e+00,-2.044436999999999838e+00,-7.693560000000000398e-01,-4.307000000000000065e-03,1.742049999999999987e-01,2.507099999999999884e-01,5.567290000000000294e-01,-4.888379999999999947e-01,6.332339999999999636e-01,1.729803999999999897e+00,-3.613299999999999845e-01,9.647550000000000292e-01,1.423785000000000078e+00,-4.378349999999999742e-01,-5.143389999999999906e-01,2.252079999999999915e-01,-2.980800000000000116e-02,1.742049999999999987e-01,2.507099999999999884e-01,3.017130000000000090e-01,9.769999999999999518e-02,-2.980800000000000116e-02,-7.948570000000000357e-01,-6.673489999999999700e-01,1.997059999999999946e-01,5.312280000000000335e-01,1.372781000000000029e+00,1.806308999999999942e+00,-1.228385000000000060e+00,-1.100877000000000105e+00,4.547229999999999883e-01,1.066761999999999988e+00,-3.103259999999999907e-01,-5.530999999999999805e-02,6.332339999999999636e-01,1.219772000000000078e+00,-1.636411000000000060e+00,5.567290000000000294e-01,-5.398410000000000153e-01,3.017130000000000090e-01,1.933816999999999897e+00,-6.163459999999999495e-01,-1.585407999999999928e+00,9.137520000000000087e-01,-1.075374999999999970e+00,8.882499999999999840e-01,1.168768000000000029e+00,2.507099999999999884e-01,4.292210000000000192e-01,2.119499999999999856e-02,-1.126379000000000019e+00,1.997059999999999946e-01,9.137520000000000087e-01,7.352410000000000334e-01,-1.202884000000000064e+00,-1.063130000000000047e-01,9.769999999999999518e-02,5.057260000000000089e-01,3.272140000000000049e-01,-2.338210000000000011e-01,1.041260000000000074e+00,4.292210000000000192e-01,-4.888379999999999947e-01,-8.081199999999999495e-02,2.252079999999999915e-01,4.802239999999999842e-01,3.272140000000000049e-01,-5.143389999999999906e-01,5.822310000000000541e-01,-5.908440000000000358e-01,-2.083200000000000052e-01,2.119499999999999856e-02,6.587359999999999882e-01,-1.432398000000000060e+00,7.862440000000000540e-01,1.296276999999999902e+00,9.392540000000000333e-01,6.077320000000000499e-01,-3.103259999999999907e-01,-8.968639999999999946e-01,-7.693560000000000398e-01,-7.438540000000000152e-01,5.567290000000000294e-01,4.292210000000000192e-01,1.066761999999999988e+00,9.647550000000000292e-01,-2.848249999999999948e-01,-1.712916000000000105e+00,8.117459999999999676e-01,3.017130000000000090e-01,1.041260000000000074e+00,1.997059999999999946e-01,2.762109999999999843e-01,1.487030000000000018e-01,2.119499999999999856e-02,-5.530999999999999805e-02,1.997059999999999946e-01,3.017130000000000090e-01,4.547229999999999883e-01,-6.673489999999999700e-01,-1.406897000000000064e+00,-8.081199999999999495e-02,4.037189999999999945e-01,8.882499999999999840e-01,1.041260000000000074e+00,-1.318149999999999877e-01,-6.163459999999999495e-01,7.219799999999999829e-02,7.352410000000000334e-01,6.587359999999999882e-01,-7.693560000000000398e-01,-2.083200000000000052e-01,1.168768000000000029e+00,6.077320000000000499e-01,-1.406897000000000064e+00,-2.083200000000000052e-01,9.902570000000000539e-01,2.035823999999999856e+00,-6.163459999999999495e-01,-7.438540000000000152e-01,5.312280000000000335e-01,-4.123330000000000051e-01,-1.126379000000000019e+00,-7.948570000000000357e-01,1.041260000000000074e+00,1.449286000000000074e+00,5.312280000000000335e-01,7.607420000000000293e-01,-8.203589999999999494e-01,-9.988700000000000356e-01,-2.593230000000000257e-01,4.802239999999999842e-01,9.392540000000000333e-01,-3.358280000000000154e-01,3.272140000000000049e-01,2.119499999999999856e-02,3.017130000000000090e-01,7.352410000000000334e-01,2.507099999999999884e-01,-1.151880000000000015e+00,2.119499999999999856e-02,-1.318149999999999877e-01,5.312280000000000335e-01,8.882499999999999840e-01,-5.398410000000000153e-01,-1.318149999999999877e-01,-5.398410000000000153e-01,5.312280000000000335e-01,4.037189999999999945e-01,3.527159999999999740e-01,1.997059999999999946e-01,-7.948570000000000357e-01,-2.338210000000000011e-01,6.587359999999999882e-01,2.762109999999999843e-01,-4.888379999999999947e-01,1.755306000000000033e+00,-3.358280000000000154e-01,2.762109999999999843e-01,3.527159999999999740e-01,-2.083200000000000052e-01,1.398282999999999943e+00,-1.585407999999999928e+00,-1.534405000000000019e+00,-1.828180000000000083e-01,1.729803999999999897e+00,1.474787999999999988e+00,3.527159999999999740e-01,-9.733690000000000397e-01,-6.928509999999999946e-01,2.507099999999999884e-01,3.017130000000000090e-01,6.842369999999999841e-01,2.762109999999999843e-01,2.252079999999999915e-01,5.057260000000000089e-01,1.653299000000000074e+00,1.933816999999999897e+00,-1.432398000000000060e+00,-4.722108999999999668e+00,-1.573170000000000124e-01,1.627798000000000078e+00,1.398282999999999943e+00,8.117459999999999676e-01,-6.673489999999999700e-01,4.802239999999999842e-01,6.587359999999999882e-01,1.321777999999999897e+00,4.802239999999999842e-01,-3.090003999999999973e+00,-3.103259999999999907e-01,9.902570000000000539e-01,5.312280000000000335e-01,-8.081199999999999495e-02,3.017130000000000090e-01,8.117459999999999676e-01,1.321777999999999897e+00,1.602295999999999943e+00,-5.908440000000000358e-01,-4.416089000000000375e+00,1.194269999999999943e+00,1.831811000000000078e+00,-2.848249999999999948e-01,6.077320000000000499e-01,-4.307000000000000065e-03,-3.358280000000000154e-01,2.762109999999999843e-01,9.647550000000000292e-01,-1.318149999999999877e-01,7.219799999999999829e-02,-1.355893000000000015e+00,9.392540000000000333e-01,-8.081199999999999495e-02,7.352410000000000334e-01,7.352410000000000334e-01,-1.534405000000000019e+00,4.292210000000000192e-01,1.347280000000000033e+00,1.997059999999999946e-01,3.017130000000000090e-01,-5.530999999999999805e-02,-1.559906000000000015e+00,-8.968639999999999946e-01,-2.338210000000000011e-01,5.057260000000000089e-01,7.862440000000000540e-01,1.168768000000000029e+00,1.398282999999999943e+00,1.143267000000000033e+00,-2.848249999999999948e-01,-1.738418000000000019e+00,7.607420000000000293e-01,-2.083200000000000052e-01,1.296276999999999902e+00,1.232010000000000050e-01,-2.554469999999999796e+00,-1.253886999999999974e+00,4.802239999999999842e-01,1.487030000000000018e-01,1.168768000000000029e+00,7.352410000000000334e-01,3.527159999999999740e-01,2.252079999999999915e-01,-3.868309999999999804e-01,4.669600000000000140e-02,2.507099999999999884e-01,4.037189999999999945e-01,9.392540000000000333e-01,1.933816999999999897e+00,-8.081199999999999495e-02,-1.330392000000000019e+00,-2.579972000000000154e+00,6.587359999999999882e-01,1.194269999999999943e+00,-2.083200000000000052e-01,-1.049873999999999974e+00,3.017130000000000090e-01,1.194269999999999943e+00,1.653299000000000074e+00,-2.848249999999999948e-01,-4.888379999999999947e-01,1.704302999999999901e+00,1.729803999999999897e+00,4.292210000000000192e-01,-1.942431000000000019e+00,-1.916929000000000105e+00,2.252079999999999915e-01,6.077320000000000499e-01,6.077320000000000499e-01,1.347280000000000033e+00,-5.530999999999999805e-02,-8.458609999999999740e-01,-4.307000000000000065e-03,7.352410000000000334e-01,1.168768000000000029e+00,9.902570000000000539e-01,-3.358280000000000154e-01,-4.307000000000000065e-03,1.780807999999999947e+00,-1.355893000000000015e+00,-7.438540000000000152e-01,5.312280000000000335e-01,3.782179999999999986e-01,-2.338210000000000011e-01,4.802239999999999842e-01,4.669600000000000140e-02,-1.573170000000000124e-01,1.704302999999999901e+00,-3.855052999999999841e+00,2.507099999999999884e-01,1.500289999999999901e+00,7.219799999999999829e-02,4.292210000000000192e-01,1.678800999999999988e+00,-4.888379999999999947e-01,-5.398410000000000153e-01,1.423785000000000078e+00,-4.307000000000000065e-03,-5.530999999999999805e-02,-4.123330000000000051e-01,-2.375958999999999932e+00,-1.483402000000000109e+00,9.647550000000000292e-01,8.882499999999999840e-01,1.041260000000000074e+00,6.332339999999999636e-01,5.567290000000000294e-01,-3.103259999999999907e-01,-1.063130000000000047e-01,-1.318149999999999877e-01,-6.673489999999999700e-01,6.842369999999999841e-01,-5.143389999999999906e-01,7.219799999999999829e-02,2.762109999999999843e-01,5.057260000000000089e-01,7.097390000000000088e-01,9.137520000000000087e-01,2.252079999999999915e-01,-4.888379999999999947e-01,2.119499999999999856e-02,-1.202884000000000064e+00,8.117459999999999676e-01,1.398282999999999943e+00,-1.789420999999999928e+00,2.137830000000000119e+00,2.545856999999999815e+00,-3.243014000000000063e+00,-2.197446999999999928e+00,-4.633360000000000256e-01,2.367344999999999811e+00,1.576794999999999947e+00,-4.008062999999999931e+00,-1.075374999999999970e+00,3.132394000000000123e+00,1.474787999999999988e+00,1.551293000000000033e+00,1.168768000000000029e+00,-6.673489999999999700e-01,-8.968639999999999946e-01,-5.908440000000000358e-01,2.119499999999999856e-02,8.627489999999999881e-01,-1.253886999999999974e+00,-3.358280000000000154e-01,1.194269999999999943e+00,-1.828180000000000083e-01,5.057260000000000089e-01,-4.888379999999999947e-01,7.352410000000000334e-01,-2.593230000000000257e-01,2.762109999999999843e-01,4.292210000000000192e-01,1.997059999999999946e-01,2.507099999999999884e-01,9.647550000000000292e-01,1.500289999999999901e+00,-5.143389999999999906e-01,-1.814923000000000064e+00,-4.378349999999999742e-01,1.372781000000000029e+00,1.143267000000000033e+00,-1.318149999999999877e-01,4.037189999999999945e-01,-1.202884000000000064e+00,-1.318149999999999877e-01,-1.573170000000000124e-01,2.507099999999999884e-01,5.057260000000000089e-01,5.567290000000000294e-01,8.117459999999999676e-01,1.245273000000000074e+00,-3.868309999999999804e-01,-2.083200000000000052e-01,4.037189999999999945e-01,6.332339999999999636e-01,-1.228385000000000060e+00,9.392540000000000333e-01,2.507099999999999884e-01,-1.828180000000000083e-01,4.037189999999999945e-01,-8.203589999999999494e-01,4.669600000000000140e-02,-5.398410000000000153e-01,-2.848249999999999948e-01,6.332339999999999636e-01,1.194269999999999943e+00,1.143267000000000033e+00,6.077320000000000499e-01,-4.123330000000000051e-01,7.607420000000000293e-01,4.037189999999999945e-01,-1.253886999999999974e+00,-3.103259999999999907e-01,2.252079999999999915e-01,5.822310000000000541e-01,4.669600000000000140e-02,9.647550000000000292e-01,-3.868309999999999804e-01,2.507099999999999884e-01,8.627489999999999881e-01,-1.202884000000000064e+00,3.272140000000000049e-01,-2.732981999999999800e+00,-1.100877000000000105e+00,9.137520000000000087e-01,1.449286000000000074e+00,1.780807999999999947e+00,1.742049999999999987e-01,5.312280000000000335e-01,5.822310000000000541e-01,-1.828180000000000083e-01,-8.968639999999999946e-01,-3.358280000000000154e-01,-3.868309999999999804e-01,9.647550000000000292e-01,9.392540000000000333e-01,9.392540000000000333e-01,-4.378349999999999742e-01,-2.324955000000000105e+00,2.119499999999999856e-02,7.862440000000000540e-01,3.527159999999999740e-01,9.902570000000000539e-01,1.984820999999999946e+00,-2.848249999999999948e-01,-1.202884000000000064e+00,8.117459999999999676e-01,8.372469999999999635e-01,5.822310000000000541e-01,-1.406897000000000064e+00,3.782179999999999986e-01,1.232010000000000050e-01,-2.848249999999999948e-01,1.232010000000000050e-01,7.097390000000000088e-01,-1.573170000000000124e-01,7.097390000000000088e-01,1.487030000000000018e-01,3.527159999999999740e-01,2.252079999999999915e-01,-6.928509999999999946e-01,-1.177381999999999929e+00,-8.081199999999999495e-02,8.627489999999999881e-01,1.194269999999999943e+00,2.762109999999999843e-01,-1.828180000000000083e-01,3.527159999999999740e-01,4.802239999999999842e-01,7.607420000000000293e-01,4.292210000000000192e-01,-3.868309999999999804e-01,-1.228385000000000060e+00,4.669600000000000140e-02,8.627489999999999881e-01,-1.304890000000000105e+00,8.117459999999999676e-01,1.602295999999999943e+00,-8.968639999999999946e-01,-4.307000000000000065e-03,1.742049999999999987e-01,3.017130000000000090e-01,-5.908440000000000358e-01,-8.081199999999999495e-02,7.862440000000000540e-01,1.092262999999999984e+00,1.232010000000000050e-01,-4.888379999999999947e-01,-5.653430000000000399e-01,6.077320000000000499e-01,1.117764999999999898e+00,-8.968639999999999946e-01,-1.228385000000000060e+00,6.332339999999999636e-01,9.137520000000000087e-01,-5.908440000000000358e-01,9.392540000000000333e-01,1.092262999999999984e+00,1.232010000000000050e-01,1.232010000000000050e-01,7.607420000000000293e-01,-8.968639999999999946e-01,-1.534405000000000019e+00,7.097390000000000088e-01,8.372469999999999635e-01,1.398282999999999943e+00,-1.432398000000000060e+00,-4.888379999999999947e-01,9.137520000000000087e-01,1.487030000000000018e-01,-5.653430000000000399e-01,7.607420000000000293e-01,-5.530999999999999805e-02,5.057260000000000089e-01,6.587359999999999882e-01,1.245273000000000074e+00,-7.438540000000000152e-01,-1.840424000000000060e+00,-6.673489999999999700e-01,1.168768000000000029e+00,1.627798000000000078e+00,1.245273000000000074e+00,5.312280000000000335e-01,-2.401460000000000150e+00,-1.063130000000000047e-01,-1.573170000000000124e-01,1.143267000000000033e+00,3.527159999999999740e-01,-1.573170000000000124e-01,1.270774999999999988e+00,9.647550000000000292e-01,-5.143389999999999906e-01,-5.908440000000000358e-01,-4.888379999999999947e-01,7.352410000000000334e-01,-4.633360000000000256e-01,-1.534405000000000019e+00,4.037189999999999945e-01,1.143267000000000033e+00,1.423785000000000078e+00,-6.673489999999999700e-01,8.627489999999999881e-01,9.647550000000000292e-01,1.092262999999999984e+00,-2.338210000000000011e-01,-1.814923000000000064e+00,-1.063130000000000047e-01,-5.530999999999999805e-02,6.077320000000000499e-01,7.607420000000000293e-01,1.997059999999999946e-01,1.232010000000000050e-01,6.587359999999999882e-01,-3.103259999999999907e-01,-2.980800000000000116e-02,-2.338210000000000011e-01,-2.980800000000000116e-02,-4.123330000000000051e-01,4.802239999999999842e-01,1.296276999999999902e+00,2.507099999999999884e-01,5.567290000000000294e-01,-5.143389999999999906e-01,-5.908440000000000358e-01,1.742049999999999987e-01,6.842369999999999841e-01,-7.948570000000000357e-01,-2.593230000000000257e-01,1.092262999999999984e+00,1.041260000000000074e+00,-2.980800000000000116e-02,-1.573170000000000124e-01,8.372469999999999635e-01,7.352410000000000334e-01,1.678800999999999988e+00,-2.146443999999999797e+00,-1.075374999999999970e+00,-5.530999999999999805e-02,2.119499999999999856e-02,8.882499999999999840e-01,-6.928509999999999946e-01,-4.307000000000000065e-03,8.117459999999999676e-01,6.077320000000000499e-01,7.607420000000000293e-01,-1.063130000000000047e-01,2.507099999999999884e-01,7.862440000000000540e-01,-1.063130000000000047e-01,1.232010000000000050e-01,-8.458609999999999740e-01,-1.738418000000000019e+00,1.742049999999999987e-01,1.321777999999999897e+00,8.117459999999999676e-01,-5.143389999999999906e-01,7.352410000000000334e-01,2.119499999999999856e-02,-8.203589999999999494e-01,3.527159999999999740e-01,-1.828180000000000083e-01,-3.103259999999999907e-01,4.802239999999999842e-01,4.802239999999999842e-01,4.547229999999999883e-01,3.782179999999999986e-01,8.372469999999999635e-01,1.997059999999999946e-01,-2.083200000000000052e-01,-1.177381999999999929e+00,-3.613299999999999845e-01,1.487030000000000018e-01,9.137520000000000087e-01,1.997059999999999946e-01,6.587359999999999882e-01,-1.202884000000000064e+00,2.252079999999999915e-01,1.245273000000000074e+00,1.742049999999999987e-01,-1.610910000000000064e+00,4.547229999999999883e-01,1.500289999999999901e+00,7.219799999999999829e-02,3.782179999999999986e-01,7.219799999999999829e-02,-4.307000000000000065e-03,1.474787999999999988e+00,2.252079999999999915e-01,-1.483402000000000109e+00,-6.928509999999999946e-01,2.762109999999999843e-01,1.997059999999999946e-01,-3.358280000000000154e-01,2.119499999999999856e-02,2.035823999999999856e+00,2.762109999999999843e-01,7.219799999999999829e-02,-7.693560000000000398e-01,7.219799999999999829e-02,1.232010000000000050e-01,-3.103259999999999907e-01,7.862440000000000540e-01,-1.253886999999999974e+00,-7.693560000000000398e-01,1.143267000000000033e+00,1.487030000000000018e-01,6.842369999999999841e-01,4.669600000000000140e-02,5.057260000000000089e-01,3.272140000000000049e-01,8.117459999999999676e-01,7.607420000000000293e-01,2.507099999999999884e-01,-1.712916000000000105e+00,-5.530999999999999805e-02,3.782179999999999986e-01,6.332339999999999636e-01,-6.928509999999999946e-01,-1.063130000000000047e-01,1.232010000000000050e-01,6.332339999999999636e-01,-1.318149999999999877e-01,4.037189999999999945e-01,1.997059999999999946e-01,-7.438540000000000152e-01,1.933816999999999897e+00,-5.908440000000000358e-01,2.290840000000000209e+00,3.527159999999999740e-01,-1.789420999999999928e+00,-2.095441000000000109e+00,2.762109999999999843e-01,4.669600000000000140e-02,6.332339999999999636e-01,1.321777999999999897e+00,9.392540000000000333e-01,-1.024372000000000060e+00,-5.530999999999999805e-02,9.137520000000000087e-01,9.392540000000000333e-01,-4.307000000000000065e-03,-2.083200000000000052e-01,1.487030000000000018e-01,1.398282999999999943e+00,6.077320000000000499e-01,7.219799999999999829e-02,-2.069939000000000195e+00,-4.888379999999999947e-01,3.272140000000000049e-01,5.057260000000000089e-01,-1.100877000000000105e+00,1.117764999999999898e+00,-4.378349999999999742e-01,1.997059999999999946e-01,5.567290000000000294e-01,1.487030000000000018e-01,9.902570000000000539e-01,6.587359999999999882e-01,3.017130000000000090e-01,9.769999999999999518e-02,3.017130000000000090e-01,3.017130000000000090e-01,-3.613299999999999845e-01,-5.908440000000000358e-01,-3.868309999999999804e-01,1.066761999999999988e+00,6.077320000000000499e-01,-5.398410000000000153e-01,-1.126379000000000019e+00,-3.613299999999999845e-01,2.507099999999999884e-01,9.647550000000000292e-01,9.902570000000000539e-01,-7.693560000000000398e-01,-5.653430000000000399e-01,1.066761999999999988e+00,7.862440000000000540e-01,7.219799999999999829e-02,-4.123330000000000051e-01,2.252079999999999915e-01,4.802239999999999842e-01,6.842369999999999841e-01,-2.848249999999999948e-01,2.119499999999999856e-02,2.119499999999999856e-02,-5.530999999999999805e-02,-1.559906000000000015e+00,1.092262999999999984e+00,1.041260000000000074e+00,7.862440000000000540e-01,5.822310000000000541e-01,6.587359999999999882e-01,-9.478670000000000151e-01,-1.381394999999999929e+00,-7.438540000000000152e-01,1.347280000000000033e+00,1.398282999999999943e+00,3.017130000000000090e-01,7.607420000000000293e-01,6.077320000000000499e-01,-1.063130000000000047e-01,-8.713619999999999699e-01,3.527159999999999740e-01,-2.593230000000000257e-01,-6.418479999999999741e-01,1.997059999999999946e-01,3.782179999999999986e-01,4.292210000000000192e-01,-3.103259999999999907e-01,1.232010000000000050e-01,6.842369999999999841e-01,3.272140000000000049e-01,4.292210000000000192e-01,-2.338210000000000011e-01,6.332339999999999636e-01,-3.613299999999999845e-01,1.602295999999999943e+00,-1.432398000000000060e+00,-3.243014000000000063e+00,5.312280000000000335e-01,1.219772000000000078e+00,7.862440000000000540e-01,1.066761999999999988e+00,7.097390000000000088e-01,-5.530999999999999805e-02,2.119499999999999856e-02,1.232010000000000050e-01,3.272140000000000049e-01,1.742049999999999987e-01,7.219799999999999829e-02,-6.418479999999999741e-01,-8.081199999999999495e-02,5.822310000000000541e-01,-6.928509999999999946e-01,-2.338210000000000011e-01,8.372469999999999635e-01,-2.083200000000000052e-01,-5.530999999999999805e-02,2.119499999999999856e-02,4.802239999999999842e-01,1.296276999999999902e+00,3.527159999999999740e-01,-1.100877000000000105e+00,-6.673489999999999700e-01,4.037189999999999945e-01,1.245273000000000074e+00,5.312280000000000335e-01,-8.081199999999999495e-02,8.627489999999999881e-01,-5.908440000000000358e-01,-3.868309999999999804e-01,3.272140000000000049e-01,4.802239999999999842e-01,6.587359999999999882e-01,2.762109999999999843e-01,-1.100877000000000105e+00,3.017130000000000090e-01,1.742049999999999987e-01,3.527159999999999740e-01,1.742049999999999987e-01,-2.848249999999999948e-01,-1.828180000000000083e-01,3.527159999999999740e-01,4.292210000000000192e-01,-1.573170000000000124e-01,-2.848249999999999948e-01,3.272140000000000049e-01,9.647550000000000292e-01,4.547229999999999883e-01,9.769999999999999518e-02,-3.868309999999999804e-01,9.392540000000000333e-01,-8.081199999999999495e-02,-3.358280000000000154e-01,-7.693560000000000398e-01,9.137520000000000087e-01,-9.733690000000000397e-01,3.527159999999999740e-01,1.168768000000000029e+00,-2.980800000000000116e-02,2.119499999999999856e-02,5.312280000000000335e-01,-4.307000000000000065e-03,-1.318149999999999877e-01,2.252079999999999915e-01,2.507099999999999884e-01,3.527159999999999740e-01,7.352410000000000334e-01,2.252079999999999915e-01,-4.123330000000000051e-01,3.527159999999999740e-01,4.292210000000000192e-01,-7.948570000000000357e-01,-5.530999999999999805e-02,9.769999999999999518e-02,-1.063130000000000047e-01,4.547229999999999883e-01,5.057260000000000089e-01,7.219799999999999829e-02,1.219772000000000078e+00,5.822310000000000541e-01,-1.942431000000000019e+00,-1.508903000000000105e+00,1.092262999999999984e+00,8.882499999999999840e-01,6.332339999999999636e-01,4.037189999999999945e-01,1.117764999999999898e+00,-8.081199999999999495e-02,-5.530999999999999805e-02,1.487030000000000018e-01,-5.143389999999999906e-01,-4.633360000000000256e-01,4.292210000000000192e-01,-5.398410000000000153e-01,-5.530999999999999805e-02,9.392540000000000333e-01,1.194269999999999943e+00,-1.318149999999999877e-01,7.352410000000000334e-01,-5.143389999999999906e-01,-7.183530000000000193e-01,-3.868309999999999804e-01,5.057260000000000089e-01,1.232010000000000050e-01,-1.457899999999999974e+00,2.252079999999999915e-01,1.729803999999999897e+00,6.077320000000000499e-01,1.015759000000000079e+00,7.219799999999999829e-02,-5.653430000000000399e-01,4.669600000000000140e-02,-3.868309999999999804e-01,1.232010000000000050e-01,1.117764999999999898e+00,9.392540000000000333e-01,-3.613299999999999845e-01,-1.828180000000000083e-01,7.097390000000000088e-01,-7.438540000000000152e-01,-8.081199999999999495e-02,1.742049999999999987e-01,7.862440000000000540e-01,2.119499999999999856e-02,-7.438540000000000152e-01,-6.928509999999999946e-01,1.398282999999999943e+00,1.015759000000000079e+00,-9.733690000000000397e-01,2.252079999999999915e-01,-4.888379999999999947e-01,-2.980800000000000116e-02,7.352410000000000334e-01,1.296276999999999902e+00,-1.318149999999999877e-01,-1.828180000000000083e-01,3.527159999999999740e-01,6.332339999999999636e-01,-1.814923000000000064e+00,-9.733690000000000397e-01,1.232010000000000050e-01,7.352410000000000334e-01,4.802239999999999842e-01,4.037189999999999945e-01,7.352410000000000334e-01,5.822310000000000541e-01,7.352410000000000334e-01,9.647550000000000292e-01,-6.673489999999999700e-01,-5.653430000000000399e-01,-8.081199999999999495e-02,-8.968639999999999946e-01,-1.828180000000000083e-01,4.547229999999999883e-01,8.882499999999999840e-01,1.066761999999999988e+00,5.057260000000000089e-01,2.762109999999999843e-01,2.252079999999999915e-01,2.119499999999999856e-02,-5.908440000000000358e-01,-8.713619999999999699e-01,9.769999999999999518e-02,4.292210000000000192e-01,7.862440000000000540e-01,6.842369999999999841e-01,5.567290000000000294e-01,9.769999999999999518e-02,-2.171946000000000154e+00,4.037189999999999945e-01,9.647550000000000292e-01,9.902570000000000539e-01,4.547229999999999883e-01,-7.693560000000000398e-01,-4.633360000000000256e-01,4.669600000000000140e-02,7.352410000000000334e-01,1.449286000000000074e+00,5.822310000000000541e-01,-1.993433999999999928e+00,1.997059999999999946e-01,3.017130000000000090e-01,-1.318149999999999877e-01,3.527159999999999740e-01,1.423785000000000078e+00,4.669600000000000140e-02,-1.585407999999999928e+00,2.762109999999999843e-01,5.057260000000000089e-01,5.057260000000000089e-01,7.219799999999999829e-02,-3.358280000000000154e-01,1.997059999999999946e-01,1.500289999999999901e+00,-2.083200000000000052e-01,-7.693560000000000398e-01,-2.338210000000000011e-01,2.762109999999999843e-01,4.037189999999999945e-01,-4.888379999999999947e-01,2.252079999999999915e-01,1.219772000000000078e+00,9.902570000000000539e-01,3.782179999999999986e-01,7.219799999999999829e-02,-5.143389999999999906e-01,-1.457899999999999974e+00,1.997059999999999946e-01,6.077320000000000499e-01,2.119499999999999856e-02,7.862440000000000540e-01,1.423785000000000078e+00,-1.318149999999999877e-01,-5.530999999999999805e-02,5.567290000000000294e-01,-3.868309999999999804e-01,-3.868309999999999804e-01,-3.868309999999999804e-01,-8.081199999999999495e-02,5.057260000000000089e-01,-8.203589999999999494e-01,5.567290000000000294e-01,2.507099999999999884e-01,-1.049873999999999974e+00,3.272140000000000049e-01,1.194269999999999943e+00,8.627489999999999881e-01,4.802239999999999842e-01,3.272140000000000049e-01,9.769999999999999518e-02,3.527159999999999740e-01,-8.081199999999999495e-02,-4.888379999999999947e-01,-2.848249999999999948e-01,7.219799999999999829e-02,3.272140000000000049e-01,2.762109999999999843e-01,2.507099999999999884e-01,-6.928509999999999946e-01,-4.633360000000000256e-01,-3.613299999999999845e-01,2.762109999999999843e-01,1.831811000000000078e+00,2.316342000000000123e+00,-3.868309999999999804e-01,-1.202884000000000064e+00,3.782179999999999986e-01,2.252079999999999915e-01,-1.573170000000000124e-01,-4.633360000000000256e-01,2.507099999999999884e-01,1.997059999999999946e-01,6.077320000000000499e-01,4.037189999999999945e-01,8.372469999999999635e-01,-7.438540000000000152e-01,4.802239999999999842e-01,3.782179999999999986e-01,-4.307000000000000065e-03,-6.928509999999999946e-01,-1.177381999999999929e+00,6.077320000000000499e-01,3.782179999999999986e-01,3.782179999999999986e-01,3.017130000000000090e-01,6.842369999999999841e-01,8.627489999999999881e-01,5.567290000000000294e-01,5.057260000000000089e-01,4.669600000000000140e-02,-9.478670000000000151e-01,-4.888379999999999947e-01,2.119499999999999856e-02,6.077320000000000499e-01,8.627489999999999881e-01,-6.163459999999999495e-01,5.312280000000000335e-01,4.802239999999999842e-01,6.332339999999999636e-01,-5.398410000000000153e-01,-1.202884000000000064e+00,5.057260000000000089e-01,2.507099999999999884e-01,-4.888379999999999947e-01,9.769999999999999518e-02,2.010321999999999942e+00,1.245273000000000074e+00,-1.126379000000000019e+00,-1.828180000000000083e-01,1.997059999999999946e-01,7.607420000000000293e-01,-1.318149999999999877e-01,3.782179999999999986e-01,-2.848249999999999948e-01,-1.828180000000000083e-01,4.037189999999999945e-01,1.487030000000000018e-01,6.332339999999999636e-01,1.194269999999999943e+00,2.119499999999999856e-02,-6.163459999999999495e-01,-1.318149999999999877e-01,-4.378349999999999742e-01,2.119499999999999856e-02,9.769999999999999518e-02,7.097390000000000088e-01,5.822310000000000541e-01,-4.123330000000000051e-01,4.292210000000000192e-01,-5.398410000000000153e-01,1.742049999999999987e-01,9.647550000000000292e-01,-2.848249999999999948e-01,1.742049999999999987e-01,4.037189999999999945e-01,5.822310000000000541e-01,-2.980800000000000116e-02,-1.318149999999999877e-01,-2.338210000000000011e-01,7.219799999999999829e-02,-2.593230000000000257e-01,5.822310000000000541e-01,8.627489999999999881e-01,1.015759000000000079e+00,2.507099999999999884e-01,-6.418479999999999741e-01,-9.478670000000000151e-01,-1.318149999999999877e-01,-8.081199999999999495e-02,9.137520000000000087e-01,1.997059999999999946e-01,-3.358280000000000154e-01,5.822310000000000541e-01,1.474787999999999988e+00,-6.163459999999999495e-01,2.762109999999999843e-01,-2.083200000000000052e-01,-1.063130000000000047e-01,5.822310000000000541e-01,-3.613299999999999845e-01,-1.318149999999999877e-01,-5.530999999999999805e-02,6.842369999999999841e-01,7.352410000000000334e-01,-5.398410000000000153e-01,4.292210000000000192e-01,2.119499999999999856e-02,-2.980800000000000116e-02,3.017130000000000090e-01,-4.307000000000000065e-03,5.567290000000000294e-01,3.272140000000000049e-01,-7.948570000000000357e-01,4.802239999999999842e-01,6.587359999999999882e-01,1.232010000000000050e-01,4.292210000000000192e-01,2.119499999999999856e-02,-5.530999999999999805e-02,-8.458609999999999740e-01,5.312280000000000335e-01,8.372469999999999635e-01,2.507099999999999884e-01,-2.593230000000000257e-01,1.487030000000000018e-01,1.742049999999999987e-01,5.312280000000000335e-01,9.769999999999999518e-02,-3.613299999999999845e-01,-1.151880000000000015e+00,7.097390000000000088e-01,3.272140000000000049e-01,3.272140000000000049e-01,5.312280000000000335e-01,-4.307000000000000065e-03,7.862440000000000540e-01,8.627489999999999881e-01,-4.633360000000000256e-01,-1.573170000000000124e-01,1.232010000000000050e-01,9.769999999999999518e-02,-4.888379999999999947e-01,2.119499999999999856e-02,5.312280000000000335e-01,-4.307000000000000065e-03,2.119499999999999856e-02,1.742049999999999987e-01,-8.081199999999999495e-02,-6.673489999999999700e-01,4.037189999999999945e-01,2.673364999999999991e+00,3.017130000000000090e-01,-1.687415000000000109e+00,-2.848249999999999948e-01,-2.083200000000000052e-01,6.587359999999999882e-01,4.547229999999999883e-01,1.232010000000000050e-01,-2.593230000000000257e-01,2.507099999999999884e-01,-4.888379999999999947e-01,2.252079999999999915e-01,9.647550000000000292e-01,1.997059999999999946e-01,-3.613299999999999845e-01,8.372469999999999635e-01,7.862440000000000540e-01,1.232010000000000050e-01,4.292210000000000192e-01,-3.358280000000000154e-01,2.762109999999999843e-01,4.292210000000000192e-01,-5.143389999999999906e-01,-6.163459999999999495e-01,1.997059999999999946e-01,-1.318149999999999877e-01,7.607420000000000293e-01,8.117459999999999676e-01,-4.123330000000000051e-01,-1.063130000000000047e-01,9.769999999999999518e-02,6.587359999999999882e-01,-6.928509999999999946e-01,-1.063130000000000047e-01,8.882499999999999840e-01,5.312280000000000335e-01,4.292210000000000192e-01,7.352410000000000334e-01,4.669600000000000140e-02,-1.916929000000000105e+00,-3.358280000000000154e-01,5.057260000000000089e-01,1.423785000000000078e+00,3.527159999999999740e-01,-1.828180000000000083e-01,8.372469999999999635e-01,1.296276999999999902e+00,-8.968639999999999946e-01,3.272140000000000049e-01,2.507099999999999884e-01,-1.177381999999999929e+00,-7.948570000000000357e-01,8.117459999999999676e-01,8.117459999999999676e-01,6.587359999999999882e-01,4.547229999999999883e-01,-4.888379999999999947e-01,-2.848249999999999948e-01,1.742049999999999987e-01,9.769999999999999518e-02,6.842369999999999841e-01,7.607420000000000293e-01,-8.081199999999999495e-02,-9.478670000000000151e-01,3.527159999999999740e-01,8.372469999999999635e-01,-1.573170000000000124e-01,3.527159999999999740e-01,6.077320000000000499e-01,-3.358280000000000154e-01,-1.355893000000000015e+00,6.077320000000000499e-01,3.272140000000000049e-01,3.272140000000000049e-01,1.678800999999999988e+00,1.997059999999999946e-01,-2.350457000000000019e+00,2.762109999999999843e-01,8.627489999999999881e-01,7.607420000000000293e-01,-5.530999999999999805e-02,9.769999999999999518e-02,9.769999999999999518e-02,-2.338210000000000011e-01,-3.868309999999999804e-01,6.332339999999999636e-01,1.143267000000000033e+00,3.782179999999999986e-01,-1.534405000000000019e+00,3.782179999999999986e-01,2.119499999999999856e-02,9.769999999999999518e-02,-2.848249999999999948e-01,7.862440000000000540e-01,3.527159999999999740e-01,1.168768000000000029e+00,2.252079999999999915e-01,1.742049999999999987e-01,-1.828180000000000083e-01,-4.123330000000000051e-01,-5.530999999999999805e-02,5.312280000000000335e-01,-2.083200000000000052e-01,-8.081199999999999495e-02,-5.398410000000000153e-01,1.487030000000000018e-01,1.219772000000000078e+00,6.587359999999999882e-01,-1.828180000000000083e-01,-8.081199999999999495e-02,5.567290000000000294e-01,-5.653430000000000399e-01,-5.908440000000000358e-01,1.487030000000000018e-01,7.097390000000000088e-01,5.312280000000000335e-01,5.822310000000000541e-01,2.507099999999999884e-01,8.627489999999999881e-01,3.527159999999999740e-01,-3.103259999999999907e-01,-6.673489999999999700e-01,-6.418479999999999741e-01,3.017130000000000090e-01,5.312280000000000335e-01,9.392540000000000333e-01,2.507099999999999884e-01,-4.888379999999999947e-01,9.769999999999999518e-02,4.547229999999999883e-01,4.669600000000000140e-02,-3.868309999999999804e-01,4.669600000000000140e-02,7.607420000000000293e-01,1.487030000000000018e-01,1.092262999999999984e+00,6.842369999999999841e-01,7.219799999999999829e-02,-3.358280000000000154e-01,1.742049999999999987e-01,2.252079999999999915e-01,-3.358280000000000154e-01,-7.693560000000000398e-01,9.769999999999999518e-02,5.567290000000000294e-01,6.332339999999999636e-01,3.272140000000000049e-01,4.037189999999999945e-01,1.742049999999999987e-01,9.769999999999999518e-02,-1.075374999999999970e+00,4.802239999999999842e-01,6.077320000000000499e-01,3.272140000000000049e-01,-1.049873999999999974e+00,-8.081199999999999495e-02,1.857312000000000074e+00,-5.143389999999999906e-01,-3.103259999999999907e-01,-4.307000000000000065e-03,7.607420000000000293e-01,2.252079999999999915e-01,-2.980800000000000116e-02,-2.083200000000000052e-01,3.017130000000000090e-01,3.272140000000000049e-01,5.567290000000000294e-01,4.037189999999999945e-01,1.487030000000000018e-01,-3.358280000000000154e-01,1.232010000000000050e-01,2.252079999999999915e-01,-6.163459999999999495e-01,4.037189999999999945e-01,7.607420000000000293e-01,6.842369999999999841e-01,-1.318149999999999877e-01,-3.103259999999999907e-01,-7.948570000000000357e-01,1.423785000000000078e+00,8.372469999999999635e-01,-4.307000000000000065e-03,-5.653430000000000399e-01,-5.143389999999999906e-01,2.119499999999999856e-02,6.077320000000000499e-01,9.647550000000000292e-01,3.527159999999999740e-01,2.119499999999999856e-02,-3.358280000000000154e-01,2.762109999999999843e-01,7.862440000000000540e-01,3.527159999999999740e-01,-2.593230000000000257e-01,-8.081199999999999495e-02,-2.338210000000000011e-01,1.997059999999999946e-01,2.252079999999999915e-01,-7.183530000000000193e-01,1.997059999999999946e-01,1.742049999999999987e-01,5.057260000000000089e-01,9.137520000000000087e-01,9.137520000000000087e-01,-1.024372000000000060e+00,2.119499999999999856e-02,3.272140000000000049e-01,5.567290000000000294e-01,9.769999999999999518e-02,7.219799999999999829e-02,-6.673489999999999700e-01,3.017130000000000090e-01,-1.318149999999999877e-01,-8.081199999999999495e-02,1.347280000000000033e+00,-6.418479999999999741e-01,-2.083200000000000052e-01,1.487030000000000018e-01,4.292210000000000192e-01,-2.593230000000000257e-01,-1.151880000000000015e+00,3.782179999999999986e-01,5.822310000000000541e-01,6.332339999999999636e-01,-8.081199999999999495e-02,-1.318149999999999877e-01,3.527159999999999740e-01,5.567290000000000294e-01,-8.081199999999999495e-02,9.769999999999999518e-02,9.392540000000000333e-01,1.219772000000000078e+00,5.312280000000000335e-01,-5.908440000000000358e-01,-7.183530000000000193e-01,-8.458609999999999740e-01,-7.438540000000000152e-01,-8.081199999999999495e-02,-5.143389999999999906e-01,2.252079999999999915e-01,1.041260000000000074e+00,1.143267000000000033e+00,1.602295999999999943e+00,-2.083200000000000052e-01,-5.530999999999999805e-02,1.997059999999999946e-01,-7.438540000000000152e-01,-8.081199999999999495e-02,5.057260000000000089e-01,-4.307000000000000065e-03,1.997059999999999946e-01,6.077320000000000499e-01,-2.593230000000000257e-01,3.017130000000000090e-01,-5.530999999999999805e-02,-1.828180000000000083e-01,2.507099999999999884e-01,-2.980800000000000116e-02,-5.530999999999999805e-02,-4.307000000000000065e-03,-8.081199999999999495e-02,3.527159999999999740e-01,3.272140000000000049e-01,3.782179999999999986e-01,8.117459999999999676e-01,9.647550000000000292e-01,1.168768000000000029e+00,-5.530999999999999805e-02,-8.458609999999999740e-01,-6.928509999999999946e-01,-3.868309999999999804e-01,1.232010000000000050e-01,-8.081199999999999495e-02,3.782179999999999986e-01,3.272140000000000049e-01,-4.307000000000000065e-03,7.219799999999999829e-02,-8.081199999999999495e-02,-4.123330000000000051e-01,4.802239999999999842e-01,5.312280000000000335e-01,3.272140000000000049e-01,-4.123330000000000051e-01,6.077320000000000499e-01,8.882499999999999840e-01,6.842369999999999841e-01,5.312280000000000335e-01,-7.438540000000000152e-01,-1.828180000000000083e-01,2.252079999999999915e-01,-1.573170000000000124e-01,-8.081199999999999495e-02,9.769999999999999518e-02,4.292210000000000192e-01,5.057260000000000089e-01,-1.063130000000000047e-01,-2.980800000000000116e-02,1.219772000000000078e+00,-6.163459999999999495e-01,-5.530999999999999805e-02,3.272140000000000049e-01,-2.083200000000000052e-01,7.219799999999999829e-02,-6.418479999999999741e-01,2.762109999999999843e-01,1.449286000000000074e+00,8.627489999999999881e-01,-4.633360000000000256e-01,-5.530999999999999805e-02,-3.103259999999999907e-01,2.119499999999999856e-02,3.527159999999999740e-01,-2.338210000000000011e-01,-2.848249999999999948e-01,6.587359999999999882e-01,1.245273000000000074e+00,-2.980800000000000116e-02,-1.828180000000000083e-01,1.015759000000000079e+00,-4.633360000000000256e-01,-9.733690000000000397e-01,4.802239999999999842e-01,1.296276999999999902e+00,-2.338210000000000011e-01,-7.438540000000000152e-01,-2.848249999999999948e-01,5.057260000000000089e-01,-2.980800000000000116e-02,7.219799999999999829e-02,8.882499999999999840e-01,7.097390000000000088e-01,4.669600000000000140e-02,-5.398410000000000153e-01,1.232010000000000050e-01,3.782179999999999986e-01,-1.318149999999999877e-01,4.037189999999999945e-01,6.332339999999999636e-01,4.547229999999999883e-01,9.769999999999999518e-02,-1.318149999999999877e-01,-8.081199999999999495e-02,4.292210000000000192e-01,3.017130000000000090e-01,2.252079999999999915e-01,9.769999999999999518e-02,5.057260000000000089e-01,-2.083200000000000052e-01,-2.083200000000000052e-01,2.762109999999999843e-01,2.507099999999999884e-01,-3.358280000000000154e-01,-9.733690000000000397e-01,4.802239999999999842e-01,1.321777999999999897e+00,1.500289999999999901e+00,7.219799999999999829e-02,-1.508903000000000105e+00,4.669600000000000140e-02,-2.593230000000000257e-01,3.017130000000000090e-01,-2.848249999999999948e-01,-1.063130000000000047e-01,8.117459999999999676e-01,1.423785000000000078e+00,7.097390000000000088e-01,-1.828180000000000083e-01,7.219799999999999829e-02,-1.573170000000000124e-01,-9.223660000000000192e-01,-5.653430000000000399e-01,5.822310000000000541e-01,8.882499999999999840e-01,-9.478670000000000151e-01,-5.398410000000000153e-01,1.831811000000000078e+00,9.647550000000000292e-01,6.077320000000000499e-01,-2.338210000000000011e-01,4.669600000000000140e-02,-1.828180000000000083e-01,-4.378349999999999742e-01,-1.828180000000000083e-01,4.802239999999999842e-01,8.372469999999999635e-01,-1.063130000000000047e-01,-7.438540000000000152e-01,6.332339999999999636e-01,1.143267000000000033e+00,-8.081199999999999495e-02,-7.438540000000000152e-01,-3.103259999999999907e-01,4.547229999999999883e-01,8.117459999999999676e-01,-2.980800000000000116e-02,5.567290000000000294e-01,9.392540000000000333e-01,2.252079999999999915e-01,-6.673489999999999700e-01,1.487030000000000018e-01,-1.318149999999999877e-01,5.567290000000000294e-01,1.194269999999999943e+00,-3.358280000000000154e-01,-1.406897000000000064e+00,2.507099999999999884e-01,5.312280000000000335e-01,1.041260000000000074e+00,8.372469999999999635e-01,-2.848249999999999948e-01,-6.163459999999999495e-01,-4.378349999999999742e-01,-4.378349999999999742e-01,5.312280000000000335e-01,3.017130000000000090e-01,1.487030000000000018e-01,6.332339999999999636e-01,-8.081199999999999495e-02,1.997059999999999946e-01,9.769999999999999518e-02,-4.307000000000000065e-03,1.194269999999999943e+00,-4.307000000000000065e-03,3.782179999999999986e-01,-4.307000000000000065e-03,4.669600000000000140e-02,-8.203589999999999494e-01,1.997059999999999946e-01,-8.081199999999999495e-02,5.312280000000000335e-01,2.252079999999999915e-01,-2.848249999999999948e-01,-2.848249999999999948e-01,2.252079999999999915e-01,1.729803999999999897e+00,-1.559906000000000015e+00,-5.908440000000000358e-01,1.041260000000000074e+00,7.097390000000000088e-01,6.587359999999999882e-01,-1.330392000000000019e+00,5.057260000000000089e-01,1.474787999999999988e+00,5.057260000000000089e-01,9.769999999999999518e-02,1.487030000000000018e-01,-1.573170000000000124e-01,-3.868309999999999804e-01,-3.358280000000000154e-01,-2.083200000000000052e-01,1.041260000000000074e+00,5.567290000000000294e-01,-1.126379000000000019e+00,5.822310000000000541e-01,-3.103259999999999907e-01,-4.307000000000000065e-03,6.842369999999999841e-01,4.037189999999999945e-01,-5.530999999999999805e-02,5.057260000000000089e-01,1.015759000000000079e+00,-8.081199999999999495e-02,-3.868309999999999804e-01,2.762109999999999843e-01,5.567290000000000294e-01,-9.478670000000000151e-01,-2.980800000000000116e-02,1.232010000000000050e-01,7.607420000000000293e-01,3.272140000000000049e-01,2.252079999999999915e-01,4.292210000000000192e-01,-7.438540000000000152e-01,-9.223660000000000192e-01,3.527159999999999740e-01,9.902570000000000539e-01,5.312280000000000335e-01,1.997059999999999946e-01,-8.458609999999999740e-01,4.802239999999999842e-01,8.882499999999999840e-01,1.398282999999999943e+00,-8.713619999999999699e-01,-7.948570000000000357e-01,2.762109999999999843e-01,5.312280000000000335e-01,-4.307000000000000065e-03,2.507099999999999884e-01,-4.123330000000000051e-01,1.742049999999999987e-01,9.392540000000000333e-01,1.117764999999999898e+00,-3.103259999999999907e-01,-5.908440000000000358e-01,5.312280000000000335e-01,-3.358280000000000154e-01,-6.163459999999999495e-01,-3.868309999999999804e-01,5.567290000000000294e-01,9.902570000000000539e-01,8.882499999999999840e-01,6.842369999999999841e-01,-7.693560000000000398e-01,3.782179999999999986e-01,6.332339999999999636e-01,-7.183530000000000193e-01,2.119499999999999856e-02,-5.530999999999999805e-02,2.252079999999999915e-01,1.232010000000000050e-01,1.742049999999999987e-01,3.272140000000000049e-01,2.762109999999999843e-01,9.769999999999999518e-02,-4.378349999999999742e-01,2.762109999999999843e-01,-8.081199999999999495e-02,3.527159999999999740e-01,-2.848249999999999948e-01,4.292210000000000192e-01,8.117459999999999676e-01,-1.967932999999999932e+00,7.352410000000000334e-01,1.041260000000000074e+00,6.842369999999999841e-01,4.547229999999999883e-01,4.802239999999999842e-01,1.742049999999999987e-01,-5.143389999999999906e-01,-2.980800000000000116e-02,1.487030000000000018e-01,2.507099999999999884e-01,4.669600000000000140e-02,-8.081199999999999495e-02,2.507099999999999884e-01,-3.358280000000000154e-01,5.567290000000000294e-01,-6.163459999999999495e-01,1.232010000000000050e-01,7.352410000000000334e-01,-2.980800000000000116e-02,6.842369999999999841e-01,1.423785000000000078e+00,5.312280000000000335e-01,-5.653430000000000399e-01,-1.063130000000000047e-01,-7.438540000000000152e-01,-6.928509999999999946e-01,3.017130000000000090e-01,7.862440000000000540e-01,1.232010000000000050e-01,4.037189999999999945e-01,1.245273000000000074e+00,-2.338210000000000011e-01,-1.559906000000000015e+00,-5.530999999999999805e-02,8.372469999999999635e-01,1.143267000000000033e+00,-8.968639999999999946e-01,-4.307000000000000065e-03,1.296276999999999902e+00,4.037189999999999945e-01,1.997059999999999946e-01,-1.063130000000000047e-01,-1.318149999999999877e-01,-6.163459999999999495e-01,1.742049999999999987e-01,1.194269999999999943e+00,-2.338210000000000011e-01,7.219799999999999829e-02,-7.183530000000000193e-01,1.997059999999999946e-01,4.037189999999999945e-01,6.587359999999999882e-01,1.232010000000000050e-01,4.669600000000000140e-02,2.762109999999999843e-01,2.252079999999999915e-01,-4.123330000000000051e-01,3.527159999999999740e-01,3.782179999999999986e-01,7.219799999999999829e-02,-1.573170000000000124e-01,2.762109999999999843e-01,2.507099999999999884e-01,-4.123330000000000051e-01,4.802239999999999842e-01,2.119499999999999856e-02,-2.980800000000000116e-02,4.547229999999999883e-01,-2.593230000000000257e-01,7.607420000000000293e-01,2.762109999999999843e-01,-8.081199999999999495e-02,1.997059999999999946e-01,7.097390000000000088e-01,3.782179999999999986e-01,-8.203589999999999494e-01,-3.868309999999999804e-01,3.782179999999999986e-01,6.587359999999999882e-01,3.527159999999999740e-01,1.487030000000000018e-01,-3.358280000000000154e-01,-1.063130000000000047e-01,7.097390000000000088e-01,5.057260000000000089e-01,2.119499999999999856e-02,-1.828180000000000083e-01,1.742049999999999987e-01,-4.307000000000000065e-03,-6.418479999999999741e-01,1.742049999999999987e-01,2.507099999999999884e-01,1.742049999999999987e-01,4.802239999999999842e-01,3.782179999999999986e-01,-1.318149999999999877e-01,6.332339999999999636e-01,-4.633360000000000256e-01,8.627489999999999881e-01,1.755306000000000033e+00,4.669600000000000140e-02,-5.143389999999999906e-01,2.119499999999999856e-02,-1.151880000000000015e+00,-1.228385000000000060e+00,1.015759000000000079e+00,6.332339999999999636e-01,4.037189999999999945e-01,9.769999999999999518e-02,5.312280000000000335e-01,-5.908440000000000358e-01,6.842369999999999841e-01,-8.081199999999999495e-02,4.037189999999999945e-01,4.292210000000000192e-01,3.272140000000000049e-01,2.762109999999999843e-01,-4.307000000000000065e-03,-1.253886999999999974e+00,4.292210000000000192e-01,4.037189999999999945e-01,4.292210000000000192e-01,3.527159999999999740e-01,-4.307000000000000065e-03,7.097390000000000088e-01,-5.653430000000000399e-01,3.782179999999999986e-01,5.312280000000000335e-01,-1.573170000000000124e-01,1.232010000000000050e-01,1.232010000000000050e-01,2.762109999999999843e-01,-4.307000000000000065e-03,2.119499999999999856e-02,1.232010000000000050e-01,-2.338210000000000011e-01,-2.848249999999999948e-01,1.117764999999999898e+00,3.782179999999999986e-01,-3.868309999999999804e-01,1.742049999999999987e-01,3.527159999999999740e-01,-3.103259999999999907e-01,5.822310000000000541e-01,3.272140000000000049e-01,-8.081199999999999495e-02,6.842369999999999841e-01,-5.530999999999999805e-02,-4.633360000000000256e-01,-2.338210000000000011e-01,3.782179999999999986e-01,5.567290000000000294e-01,-1.049873999999999974e+00,2.252079999999999915e-01,7.352410000000000334e-01,3.017130000000000090e-01,7.352410000000000334e-01,1.742049999999999987e-01,-5.530999999999999805e-02,2.119499999999999856e-02,7.219799999999999829e-02,9.769999999999999518e-02,3.527159999999999740e-01,-5.398410000000000153e-01,1.232010000000000050e-01,1.487030000000000018e-01,-8.458609999999999740e-01,4.547229999999999883e-01,4.292210000000000192e-01,-4.123330000000000051e-01,7.097390000000000088e-01,7.607420000000000293e-01,8.117459999999999676e-01,2.507099999999999884e-01,-8.081199999999999495e-02,-6.163459999999999495e-01,-5.530999999999999805e-02,1.997059999999999946e-01,-1.100877000000000105e+00,4.292210000000000192e-01,3.017130000000000090e-01,6.332339999999999636e-01,5.312280000000000335e-01,4.802239999999999842e-01,5.312280000000000335e-01,1.487030000000000018e-01,-4.307000000000000065e-03,-4.307000000000000065e-03,-1.063130000000000047e-01,-7.183530000000000193e-01,1.117764999999999898e+00,9.137520000000000087e-01,-1.177381999999999929e+00,-7.693560000000000398e-01,4.547229999999999883e-01,7.219799999999999829e-02,4.037189999999999945e-01,-2.338210000000000011e-01,2.252079999999999915e-01,1.270774999999999988e+00,1.232010000000000050e-01,7.352410000000000334e-01,-2.083200000000000052e-01,3.017130000000000090e-01,3.017130000000000090e-01,-4.888379999999999947e-01,4.292210000000000192e-01,-2.593230000000000257e-01,-6.928509999999999946e-01,9.769999999999999518e-02,2.119499999999999856e-02,1.474787999999999988e+00,-1.063130000000000047e-01,-4.123330000000000051e-01,1.232010000000000050e-01,4.037189999999999945e-01,3.527159999999999740e-01,5.057260000000000089e-01,-7.948570000000000357e-01,-9.478670000000000151e-01,6.332339999999999636e-01,5.057260000000000089e-01,7.219799999999999829e-02,5.567290000000000294e-01,4.037189999999999945e-01,1.487030000000000018e-01,-1.828180000000000083e-01,7.097390000000000088e-01,3.527159999999999740e-01,6.332339999999999636e-01,-1.573170000000000124e-01,-2.593230000000000257e-01,-6.673489999999999700e-01,-4.378349999999999742e-01,-3.613299999999999845e-01,2.119499999999999856e-02,4.802239999999999842e-01,4.292210000000000192e-01,1.997059999999999946e-01,1.487030000000000018e-01,-4.123330000000000051e-01,1.551293000000000033e+00,1.576794999999999947e+00,3.527159999999999740e-01,3.017130000000000090e-01,-2.338210000000000011e-01,2.119499999999999856e-02,-6.928509999999999946e-01,-5.398410000000000153e-01,-3.358280000000000154e-01,-1.573170000000000124e-01,6.332339999999999636e-01,5.567290000000000294e-01,4.802239999999999842e-01,1.742049999999999987e-01,-5.653430000000000399e-01,-2.980800000000000116e-02,3.272140000000000049e-01,1.742049999999999987e-01,2.252079999999999915e-01,7.352410000000000334e-01,1.015759000000000079e+00,-5.908440000000000358e-01,-6.418479999999999741e-01,6.077320000000000499e-01,8.627489999999999881e-01,-4.633360000000000256e-01,-6.673489999999999700e-01,4.292210000000000192e-01,3.272140000000000049e-01,-1.330392000000000019e+00,4.802239999999999842e-01,9.392540000000000333e-01,8.627489999999999881e-01,-8.081199999999999495e-02,-2.848249999999999948e-01,-4.307000000000000065e-03,7.607420000000000293e-01,2.119499999999999856e-02,-4.123330000000000051e-01,1.997059999999999946e-01,7.862440000000000540e-01,4.292210000000000192e-01,-3.103259999999999907e-01,5.057260000000000089e-01,8.117459999999999676e-01,-7.948570000000000357e-01,4.669600000000000140e-02,-8.081199999999999495e-02,6.842369999999999841e-01,2.762109999999999843e-01,-5.908440000000000358e-01,-3.868309999999999804e-01,-7.693560000000000398e-01,2.119499999999999856e-02,1.245273000000000074e+00,6.332339999999999636e-01,2.762109999999999843e-01,-1.573170000000000124e-01,1.997059999999999946e-01,6.332339999999999636e-01,-4.307000000000000065e-03,-5.143389999999999906e-01,1.041260000000000074e+00,1.232010000000000050e-01,2.252079999999999915e-01,-3.103259999999999907e-01,-7.693560000000000398e-01,-5.653430000000000399e-01,1.449286000000000074e+00,-1.828180000000000083e-01,-5.398410000000000153e-01,1.997059999999999946e-01,5.057260000000000089e-01,4.292210000000000192e-01,-2.338210000000000011e-01,8.627489999999999881e-01,5.567290000000000294e-01,-4.633360000000000256e-01,1.219772000000000078e+00,3.017130000000000090e-01,-1.202884000000000064e+00,2.252079999999999915e-01,7.607420000000000293e-01,-5.530999999999999805e-02,-2.338210000000000011e-01,1.232010000000000050e-01,1.997059999999999946e-01,7.097390000000000088e-01,1.997059999999999946e-01,-1.828180000000000083e-01,-5.398410000000000153e-01,-1.508903000000000105e+00,1.168768000000000029e+00,5.057260000000000089e-01,1.092262999999999984e+00,-3.103259999999999907e-01,2.119499999999999856e-02,-5.908440000000000358e-01,6.587359999999999882e-01,2.507099999999999884e-01,1.997059999999999946e-01,1.143267000000000033e+00,2.762109999999999843e-01,-2.980800000000000116e-02,1.232010000000000050e-01,7.219799999999999829e-02,2.762109999999999843e-01,-1.304890000000000105e+00,1.997059999999999946e-01,5.567290000000000294e-01,5.312280000000000335e-01,6.077320000000000499e-01,4.037189999999999945e-01,-5.653430000000000399e-01,-2.980800000000000116e-02,-8.081199999999999495e-02,-5.530999999999999805e-02,7.607420000000000293e-01,6.842369999999999841e-01,-2.083200000000000052e-01,-4.633360000000000256e-01,1.232010000000000050e-01,-1.063130000000000047e-01,-1.063130000000000047e-01,1.997059999999999946e-01,4.802239999999999842e-01,6.077320000000000499e-01,-4.888379999999999947e-01,-7.948570000000000357e-01,6.587359999999999882e-01,4.292210000000000192e-01,-1.063130000000000047e-01,-4.123330000000000051e-01,1.449286000000000074e+00,9.769999999999999518e-02,-1.318149999999999877e-01,6.077320000000000499e-01,-7.438540000000000152e-01,1.232010000000000050e-01,4.037189999999999945e-01,-1.828180000000000083e-01,-2.338210000000000011e-01,1.232010000000000050e-01,7.607420000000000293e-01,3.782179999999999986e-01,-1.279387999999999970e+00,-2.848249999999999948e-01,-5.653430000000000399e-01,8.117459999999999676e-01,9.137520000000000087e-01,9.902570000000000539e-01,7.862440000000000540e-01,-2.980800000000000116e-02,-6.928509999999999946e-01,4.292210000000000192e-01,2.252079999999999915e-01,2.119499999999999856e-02,-5.530999999999999805e-02,8.627489999999999881e-01,6.077320000000000499e-01,-1.406897000000000064e+00,-1.432398000000000060e+00,8.117459999999999676e-01,1.321777999999999897e+00,6.587359999999999882e-01,-3.103259999999999907e-01,-1.177381999999999929e+00,-2.980800000000000116e-02,5.057260000000000089e-01,5.822310000000000541e-01,5.057260000000000089e-01,5.312280000000000335e-01,8.117459999999999676e-01,1.487030000000000018e-01,-3.868309999999999804e-01,1.219772000000000078e+00,1.041260000000000074e+00,-4.307000000000000065e-03,2.119499999999999856e-02,-2.083200000000000052e-01,-7.693560000000000398e-01,-1.100877000000000105e+00,4.292210000000000192e-01,7.352410000000000334e-01,7.862440000000000540e-01,-5.398410000000000153e-01,1.232010000000000050e-01,3.782179999999999986e-01,1.232010000000000050e-01,3.527159999999999740e-01,1.449286000000000074e+00,-6.163459999999999495e-01,-2.980800000000000116e-02,6.077320000000000499e-01,1.015759000000000079e+00,-3.613299999999999845e-01,-7.183530000000000193e-01,-9.478670000000000151e-01,3.782179999999999986e-01,5.822310000000000541e-01,3.272140000000000049e-01,7.352410000000000334e-01,6.332339999999999636e-01,-1.573170000000000124e-01,-3.358280000000000154e-01,-3.358280000000000154e-01,9.769999999999999518e-02,-8.081199999999999495e-02,-1.828180000000000083e-01,5.057260000000000089e-01,3.527159999999999740e-01,7.607420000000000293e-01,-9.988700000000000356e-01,5.312280000000000335e-01,8.372469999999999635e-01,2.762109999999999843e-01,1.232010000000000050e-01,1.232010000000000050e-01,-1.573170000000000124e-01,-3.613299999999999845e-01,-7.948570000000000357e-01,5.567290000000000294e-01,1.742049999999999987e-01,7.219799999999999829e-02,4.292210000000000192e-01,6.077320000000000499e-01,3.017130000000000090e-01,-4.307000000000000065e-03,2.252079999999999915e-01,4.037189999999999945e-01,-1.318149999999999877e-01,-8.968639999999999946e-01,3.272140000000000049e-01,-5.530999999999999805e-02,5.312280000000000335e-01,4.292210000000000192e-01,7.097390000000000088e-01,9.392540000000000333e-01,6.842369999999999841e-01,-1.318149999999999877e-01,-1.330392000000000019e+00,-3.613299999999999845e-01,-2.980800000000000116e-02,3.017130000000000090e-01,2.252079999999999915e-01,4.037189999999999945e-01,-2.083200000000000052e-01,1.232010000000000050e-01,3.782179999999999986e-01,-1.828180000000000083e-01,-3.613299999999999845e-01,1.245273000000000074e+00,9.137520000000000087e-01,-4.307000000000000065e-03,3.017130000000000090e-01,-2.980800000000000116e-02,3.527159999999999740e-01,7.219799999999999829e-02,2.119499999999999856e-02,-3.103259999999999907e-01,-1.828180000000000083e-01,3.527159999999999740e-01,2.119499999999999856e-02,1.742049999999999987e-01,1.232010000000000050e-01,1.232010000000000050e-01,6.077320000000000499e-01,3.527159999999999740e-01,2.252079999999999915e-01,-7.693560000000000398e-01,-4.307000000000000065e-03,9.769999999999999518e-02,-1.024372000000000060e+00,6.587359999999999882e-01,1.066761999999999988e+00,4.292210000000000192e-01,2.252079999999999915e-01,9.769999999999999518e-02,4.547229999999999883e-01,2.252079999999999915e-01,-3.868309999999999804e-01,5.057260000000000089e-01,4.037189999999999945e-01,5.567290000000000294e-01,1.487030000000000018e-01,-3.103259999999999907e-01,-5.143389999999999906e-01,-6.163459999999999495e-01,3.017130000000000090e-01,3.782179999999999986e-01,2.119499999999999856e-02,3.272140000000000049e-01,-1.063130000000000047e-01,7.219799999999999829e-02,-2.980800000000000116e-02,1.321777999999999897e+00,7.862440000000000540e-01,2.119499999999999856e-02,-1.381394999999999929e+00,6.587359999999999882e-01,7.352410000000000334e-01,3.272140000000000049e-01,-8.081199999999999495e-02,4.547229999999999883e-01,5.822310000000000541e-01,5.312280000000000335e-01,-2.980800000000000116e-02,-2.083200000000000052e-01,-1.318149999999999877e-01,7.219799999999999829e-02,9.769999999999999518e-02,-1.318149999999999877e-01,1.997059999999999946e-01,1.066761999999999988e+00,-8.081199999999999495e-02,3.527159999999999740e-01,-1.228385000000000060e+00,2.507099999999999884e-01,7.219799999999999829e-02,-8.458609999999999740e-01,-1.828180000000000083e-01,7.352410000000000334e-01,1.041260000000000074e+00,1.066761999999999988e+00,7.219799999999999829e-02,8.627489999999999881e-01,2.119499999999999856e-02,4.802239999999999842e-01,4.037189999999999945e-01,-6.673489999999999700e-01,-9.988700000000000356e-01,-9.478670000000000151e-01,-8.081199999999999495e-02,9.902570000000000539e-01,1.015759000000000079e+00,1.321777999999999897e+00,6.332339999999999636e-01,-1.840424000000000060e+00,-1.712916000000000105e+00,7.352410000000000334e-01,1.066761999999999988e+00,1.168768000000000029e+00,7.862440000000000540e-01,1.245273000000000074e+00,-3.103259999999999907e-01,-5.653430000000000399e-01,1.015759000000000079e+00,1.487030000000000018e-01,-3.613299999999999845e-01,-2.338210000000000011e-01,-3.868309999999999804e-01,-2.338210000000000011e-01,-1.063130000000000047e-01,7.607420000000000293e-01,6.587359999999999882e-01,4.292210000000000192e-01,-1.063130000000000047e-01,-8.968639999999999946e-01,-6.928509999999999946e-01,1.997059999999999946e-01,6.077320000000000499e-01,5.312280000000000335e-01,6.332339999999999636e-01,1.092262999999999984e+00,6.587359999999999882e-01,3.272140000000000049e-01,-1.687415000000000109e+00,-2.338210000000000011e-01,8.882499999999999840e-01,2.119499999999999856e-02,5.057260000000000089e-01,3.782179999999999986e-01,-7.183530000000000193e-01,4.669600000000000140e-02,3.527159999999999740e-01,1.232010000000000050e-01,-2.980800000000000116e-02,-3.613299999999999845e-01,4.292210000000000192e-01,9.769999999999999518e-02,3.272140000000000049e-01,4.669600000000000140e-02,4.802239999999999842e-01,7.097390000000000088e-01,3.272140000000000049e-01,2.507099999999999884e-01,-2.980800000000000116e-02,-8.968639999999999946e-01,-8.081199999999999495e-02,3.782179999999999986e-01,1.487030000000000018e-01,7.097390000000000088e-01,2.252079999999999915e-01,6.077320000000000499e-01,3.017130000000000090e-01,-1.318149999999999877e-01,9.769999999999999518e-02,-4.888379999999999947e-01,-4.307000000000000065e-03,1.232010000000000050e-01,2.119499999999999856e-02,5.822310000000000541e-01,8.627489999999999881e-01,7.607420000000000293e-01,1.219772000000000078e+00,-9.478670000000000151e-01,-1.610910000000000064e+00,-9.478670000000000151e-01,5.822310000000000541e-01,9.392540000000000333e-01,-3.358280000000000154e-01,-3.868309999999999804e-01,1.168768000000000029e+00,1.487030000000000018e-01,8.117459999999999676e-01,4.037189999999999945e-01,-4.378349999999999742e-01,-1.063130000000000047e-01,6.077320000000000499e-01,1.372781000000000029e+00,2.119499999999999856e-02,-3.868309999999999804e-01,-1.828180000000000083e-01,1.487030000000000018e-01,-3.868309999999999804e-01,2.119499999999999856e-02,-2.338210000000000011e-01,-1.318149999999999877e-01,-3.358280000000000154e-01,5.312280000000000335e-01,5.312280000000000335e-01,8.882499999999999840e-01,2.762109999999999843e-01,2.762109999999999843e-01,4.547229999999999883e-01,2.119499999999999856e-02,-4.633360000000000256e-01,6.587359999999999882e-01,9.392540000000000333e-01,-4.633360000000000256e-01,-5.398410000000000153e-01,-1.828180000000000083e-01,7.219799999999999829e-02,5.312280000000000335e-01,1.347280000000000033e+00,-1.100877000000000105e+00,-1.432398000000000060e+00,7.862440000000000540e-01,1.347280000000000033e+00,7.352410000000000334e-01,-1.318149999999999877e-01,7.862440000000000540e-01,8.117459999999999676e-01,-3.103259999999999907e-01,-1.763919000000000015e+00,-1.024372000000000060e+00,-2.980800000000000116e-02,2.762109999999999843e-01,5.567290000000000294e-01,5.567290000000000294e-01,6.332339999999999636e-01,4.292210000000000192e-01,9.769999999999999518e-02,1.997059999999999946e-01,3.272140000000000049e-01,-1.318149999999999877e-01,-7.183530000000000193e-01,7.219799999999999829e-02,4.292210000000000192e-01,-1.573170000000000124e-01,-1.063130000000000047e-01,7.219799999999999829e-02,8.627489999999999881e-01,1.372781000000000029e+00,7.607420000000000293e-01,-5.908440000000000358e-01,-4.123330000000000051e-01,4.292210000000000192e-01,-2.338210000000000011e-01,-1.202884000000000064e+00,-1.828180000000000083e-01,1.857312000000000074e+00,8.372469999999999635e-01,-8.968639999999999946e-01,5.057260000000000089e-01,3.782179999999999986e-01,7.219799999999999829e-02,9.769999999999999518e-02,3.017130000000000090e-01,2.252079999999999915e-01,4.037189999999999945e-01,7.219799999999999829e-02,1.487030000000000018e-01,-2.083200000000000052e-01,4.037189999999999945e-01,1.742049999999999987e-01,4.037189999999999945e-01,-1.318149999999999877e-01,-5.143389999999999906e-01,9.769999999999999518e-02,4.292210000000000192e-01,-1.318149999999999877e-01,3.527159999999999740e-01,2.762109999999999843e-01,2.252079999999999915e-01,5.057260000000000089e-01,1.296276999999999902e+00,4.292210000000000192e-01,-8.081199999999999495e-02,-9.733690000000000397e-01,2.119499999999999856e-02,-1.304890000000000105e+00,-1.049873999999999974e+00,1.232010000000000050e-01,1.321777999999999897e+00,1.780807999999999947e+00,9.137520000000000087e-01,-6.163459999999999495e-01,-8.081199999999999495e-02,-5.143389999999999906e-01,-4.307000000000000065e-03,4.669600000000000140e-02,3.017130000000000090e-01,6.077320000000000499e-01,-7.438540000000000152e-01,-1.828180000000000083e-01,4.669600000000000140e-02,7.352410000000000334e-01,1.219772000000000078e+00,-1.318149999999999877e-01,-2.338210000000000011e-01,-1.100877000000000105e+00,4.802239999999999842e-01,1.143267000000000033e+00,2.119499999999999856e-02,7.862440000000000540e-01,-8.081199999999999495e-02,-2.593230000000000257e-01,2.119499999999999856e-02,2.252079999999999915e-01,-4.307000000000000065e-03,-2.338210000000000011e-01,-6.163459999999999495e-01,1.041260000000000074e+00,1.984820999999999946e+00,-6.928509999999999946e-01,-1.063130000000000047e-01,-2.338210000000000011e-01,-5.530999999999999805e-02,3.272140000000000049e-01,-3.613299999999999845e-01,-8.081199999999999495e-02,2.252079999999999915e-01,1.997059999999999946e-01,3.782179999999999986e-01,2.252079999999999915e-01,3.782179999999999986e-01,-2.083200000000000052e-01,-4.307000000000000065e-03,6.587359999999999882e-01,9.647550000000000292e-01,1.066761999999999988e+00,-4.378349999999999742e-01,1.742049999999999987e-01,-1.828180000000000083e-01,-5.908440000000000358e-01,-9.478670000000000151e-01,2.252079999999999915e-01,5.057260000000000089e-01,-2.980800000000000116e-02,5.567290000000000294e-01,5.312280000000000335e-01,-8.713619999999999699e-01,7.607420000000000293e-01,1.245273000000000074e+00,5.312280000000000335e-01,2.119499999999999856e-02,4.669600000000000140e-02,-1.024372000000000060e+00,4.802239999999999842e-01,9.647550000000000292e-01,-3.358280000000000154e-01,-2.083200000000000052e-01,-2.848249999999999948e-01,8.882499999999999840e-01,3.782179999999999986e-01,8.882499999999999840e-01,-3.868309999999999804e-01,-1.151880000000000015e+00,-8.458609999999999740e-01,1.602295999999999943e+00,5.822310000000000541e-01,3.017130000000000090e-01,-1.610910000000000064e+00,6.587359999999999882e-01,6.332339999999999636e-01,7.097390000000000088e-01,-1.063130000000000047e-01,1.487030000000000018e-01,2.119499999999999856e-02,1.487030000000000018e-01,-1.318149999999999877e-01,9.647550000000000292e-01,-3.358280000000000154e-01,-1.318149999999999877e-01,3.272140000000000049e-01,-1.318149999999999877e-01,4.037189999999999945e-01,6.842369999999999841e-01,5.057260000000000089e-01,-9.733690000000000397e-01,1.194269999999999943e+00,6.332339999999999636e-01,-2.338210000000000011e-01,5.057260000000000089e-01,-6.928509999999999946e-01,5.057260000000000089e-01,-1.508903000000000105e+00,3.527159999999999740e-01,5.822310000000000541e-01,9.137520000000000087e-01,1.423785000000000078e+00,5.057260000000000089e-01,-5.143389999999999906e-01,-4.123330000000000051e-01,-2.083200000000000052e-01,7.219799999999999829e-02,2.762109999999999843e-01,-1.063130000000000047e-01,6.332339999999999636e-01,7.862440000000000540e-01,-6.418479999999999741e-01,-2.848249999999999948e-01,1.780807999999999947e+00,-2.980800000000000116e-02,-6.418479999999999741e-01,1.041260000000000074e+00,-1.828180000000000083e-01,-2.083200000000000052e-01,9.769999999999999518e-02,2.252079999999999915e-01,1.232010000000000050e-01,7.219799999999999829e-02,2.252079999999999915e-01,3.272140000000000049e-01,4.292210000000000192e-01,-3.103259999999999907e-01,7.219799999999999829e-02,3.272140000000000049e-01,-8.081199999999999495e-02,-1.075374999999999970e+00,7.097390000000000088e-01,5.057260000000000089e-01,-4.307000000000000065e-03,-5.530999999999999805e-02,8.372469999999999635e-01,1.143267000000000033e+00,-1.916929000000000105e+00,-5.908440000000000358e-01,3.272140000000000049e-01,3.017130000000000090e-01,3.017130000000000090e-01,1.219772000000000078e+00,1.270774999999999988e+00,1.232010000000000050e-01,-6.163459999999999495e-01,-7.948570000000000357e-01,-3.868309999999999804e-01,-1.828180000000000083e-01,4.292210000000000192e-01,9.137520000000000087e-01,-5.398410000000000153e-01,-2.083200000000000052e-01,5.312280000000000335e-01,1.092262999999999984e+00,5.822310000000000541e-01,3.782179999999999986e-01,-1.318149999999999877e-01,7.219799999999999829e-02,-1.063130000000000047e-01,4.292210000000000192e-01,-1.573170000000000124e-01,-5.908440000000000358e-01,5.312280000000000335e-01,1.487030000000000018e-01,-5.398410000000000153e-01,-8.081199999999999495e-02,3.017130000000000090e-01,7.219799999999999829e-02,4.802239999999999842e-01,2.762109999999999843e-01,8.372469999999999635e-01,1.423785000000000078e+00,-5.653430000000000399e-01,2.119499999999999856e-02,-7.183530000000000193e-01,-1.049873999999999974e+00,-1.318149999999999877e-01,5.567290000000000294e-01,7.097390000000000088e-01,9.902570000000000539e-01,1.997059999999999946e-01,-1.253886999999999974e+00,9.137520000000000087e-01,2.252079999999999915e-01,-4.307000000000000065e-03,-2.980800000000000116e-02,9.769999999999999518e-02,5.312280000000000335e-01,-4.378349999999999742e-01,-1.100877000000000105e+00,2.762109999999999843e-01,8.627489999999999881e-01,9.647550000000000292e-01,6.332339999999999636e-01,-4.307000000000000065e-03,2.119499999999999856e-02,1.232010000000000050e-01,3.272140000000000049e-01,-2.980800000000000116e-02,2.119499999999999856e-02,-2.338210000000000011e-01,-6.928509999999999946e-01,1.232010000000000050e-01,1.997059999999999946e-01,5.312280000000000335e-01,8.117459999999999676e-01,1.742049999999999987e-01,3.782179999999999986e-01,-2.980800000000000116e-02,1.232010000000000050e-01,-8.081199999999999495e-02,8.627489999999999881e-01,2.119499999999999856e-02,-1.318149999999999877e-01,3.272140000000000049e-01,-1.318149999999999877e-01,2.252079999999999915e-01,-3.358280000000000154e-01,-2.848249999999999948e-01,-5.530999999999999805e-02,6.077320000000000499e-01,-3.358280000000000154e-01,2.762109999999999843e-01,7.862440000000000540e-01,6.842369999999999841e-01,7.219799999999999829e-02,-8.081199999999999495e-02,1.997059999999999946e-01,6.587359999999999882e-01,1.232010000000000050e-01,-9.478670000000000151e-01,1.742049999999999987e-01,-1.318149999999999877e-01,4.669600000000000140e-02,4.292210000000000192e-01,3.782179999999999986e-01,3.017130000000000090e-01,7.607420000000000293e-01,-6.418479999999999741e-01,-3.868309999999999804e-01,7.352410000000000334e-01
5.567290000000000294e-01,7.352410000000000334e-01,3.017130000000000090e-01,4.669600000000000140e-02,-5.530999999999999805e-02,-1.063130000000000047e-01,-1.063130000000000047e-01,-1.828180000000000083e-01,-8.081199999999999495e-02,7.219799999999999829e-02,5.057260000000000089e-01,7.607420000000000293e-01,5.057260000000000089e-01,2.119499999999999856e-02,7.219799999999999829e-02,2.252079999999999915e-01,-4.307000000000000065e-03,-2.083200000000000052e-01,-1.318149999999999877e-01,-1.573170000000000124e-01,1.742049999999999987e-01,2.762109999999999843e-01,3.017130000000000090e-01,3.272140000000000049e-01,1.997059999999999946e-01,1.487030000000000018e-01,9.769999999999999518e-02,1.487030000000000018e-01,2.252079999999999915e-01,1.232010000000000050e-01,1.232010000000000050e-01,1.487030000000000018e-01,1.232010000000000050e-01,1.997059999999999946e-01,1.487030000000000018e-01,2.252079999999999915e-01,9.769999999999999518e-02,1.487030000000000018e-01,1.997059999999999946e-01,9.769999999999999518e-02,9.769999999999999518e-02,-1.063130000000000047e-01,-4.307000000000000065e-03,3.272140000000000049e-01,7.352410000000000334e-01,4.037189999999999945e-01,7.219799999999999829e-02,-4.307000000000000065e-03,-2.083200000000000052e-01,-1.318149999999999877e-01,2.119499999999999856e-02,2.507099999999999884e-01,9.769999999999999518e-02,9.769999999999999518e-02,3.272140000000000049e-01,3.527159999999999740e-01,5.312280000000000335e-01,1.742049999999999987e-01,-1.063130000000000047e-01,-2.848249999999999948e-01,1.232010000000000050e-01,2.252079999999999915e-01,2.762109999999999843e-01,1.232010000000000050e-01,1.487030000000000018e-01,2.119499999999999856e-02,-2.980800000000000116e-02,1.742049999999999987e-01,2.252079999999999915e-01,1.742049999999999987e-01,1.487030000000000018e-01,1.997059999999999946e-01,2.762109999999999843e-01,2.252079999999999915e-01,1.487030000000000018e-01,-1.828180000000000083e-01,-1.063130000000000047e-01,-2.980800000000000116e-02,1.742049999999999987e-01,1.997059999999999946e-01,4.292210000000000192e-01,4.037189999999999945e-01,2.252079999999999915e-01,4.669600000000000140e-02,3.272140000000000049e-01,1.742049999999999987e-01,-8.081199999999999495e-02,-4.888379999999999947e-01,-5.530999999999999805e-02,1.997059999999999946e-01,4.292210000000000192e-01,5.312280000000000335e-01,4.547229999999999883e-01,3.782179999999999986e-01,-1.318149999999999877e-01,-1.063130000000000047e-01,-1.063130000000000047e-01,3.782179999999999986e-01,4.292210000000000192e-01,1.232010000000000050e-01,2.119499999999999856e-02,3.272140000000000049e-01,5.312280000000000335e-01,1.232010000000000050e-01,-3.358280000000000154e-01,-2.848249999999999948e-01,2.507099999999999884e-01,4.037189999999999945e-01,-1.828180000000000083e-01,-2.338210000000000011e-01,2.252079999999999915e-01,5.567290000000000294e-01,1.232010000000000050e-01,2.252079999999999915e-01,4.292210000000000192e-01,3.017130000000000090e-01,-2.593230000000000257e-01,-1.828180000000000083e-01,1.232010000000000050e-01,2.119499999999999856e-02,8.627489999999999881e-01,-8.081199999999999495e-02,5.057260000000000089e-01,8.882499999999999840e-01,1.194269999999999943e+00,-1.610910000000000064e+00,-1.534405000000000019e+00,7.219799999999999829e-02,-2.980800000000000116e-02,4.292210000000000192e-01,9.902570000000000539e-01,2.341844000000000037e+00,5.312280000000000335e-01,-2.248451000000000199e+00,-9.733690000000000397e-01,-3.358280000000000154e-01,1.015759000000000079e+00,1.270774999999999988e+00,4.292210000000000192e-01,-8.713619999999999699e-01,4.292210000000000192e-01,-3.358280000000000154e-01,9.902570000000000539e-01,2.119499999999999856e-02,-1.573170000000000124e-01,5.057260000000000089e-01,1.742049999999999987e-01,-4.123330000000000051e-01,-9.223660000000000192e-01,4.547229999999999883e-01,7.607420000000000293e-01,1.487030000000000018e-01,2.507099999999999884e-01,1.168768000000000029e+00,-4.633360000000000256e-01,-1.024372000000000060e+00,1.245273000000000074e+00,8.372469999999999635e-01,-1.355893000000000015e+00,-2.375958999999999932e+00,1.066761999999999988e+00,1.551293000000000033e+00,4.547229999999999883e-01,1.933816999999999897e+00,-5.143389999999999906e-01,-6.163459999999999495e-01,6.077320000000000499e-01,9.769999999999999518e-02,-2.860489999999999977e+00,1.321777999999999897e+00,1.704302999999999901e+00,7.219799999999999829e-02,-2.338210000000000011e-01,-1.063130000000000047e-01,-1.063130000000000047e-01,1.219772000000000078e+00,1.321777999999999897e+00,2.252079999999999915e-01,-4.888379999999999947e-01,6.077320000000000499e-01,2.119499999999999856e-02,-3.166509000000000018e+00,-5.908440000000000358e-01,5.312280000000000335e-01,1.347280000000000033e+00,1.245273000000000074e+00,-8.081199999999999495e-02,1.232010000000000050e-01,4.802239999999999842e-01,7.352410000000000334e-01,9.769999999999999518e-02,-1.828180000000000083e-01,1.232010000000000050e-01,-7.438540000000000152e-01,-1.712916000000000105e+00,2.112328999999999901e+00,5.057260000000000089e-01,-1.573170000000000124e-01,-1.457899999999999974e+00,1.997059999999999946e-01,1.997059999999999946e-01,7.219799999999999829e-02,2.119499999999999856e-02,5.567290000000000294e-01,2.061326000000000214e+00,1.742049999999999987e-01,-8.458609999999999740e-01,7.097390000000000088e-01,8.117459999999999676e-01,-1.585407999999999928e+00,-1.559906000000000015e+00,4.547229999999999883e-01,1.372781000000000029e+00,-7.438540000000000152e-01,-1.738418000000000019e+00,1.372781000000000029e+00,1.066761999999999988e+00,9.137520000000000087e-01,-1.636411000000000060e+00,2.762109999999999843e-01,6.332339999999999636e-01,1.066761999999999988e+00,5.822310000000000541e-01,8.117459999999999676e-01,5.312280000000000335e-01,1.653299000000000074e+00,-1.814923000000000064e+00,-3.651040000000000063e+00,-1.355893000000000015e+00,3.272140000000000049e-01,3.004885999999999946e+00,1.296276999999999902e+00,-7.948570000000000357e-01,1.143267000000000033e+00,-1.024372000000000060e+00,-2.980800000000000116e-02,2.119499999999999856e-02,-7.438540000000000152e-01,6.587359999999999882e-01,1.742049999999999987e-01,1.194269999999999943e+00,2.119499999999999856e-02,-8.081199999999999495e-02,5.567290000000000294e-01,6.842369999999999841e-01,6.842369999999999841e-01,-1.024372000000000060e+00,-1.100877000000000105e+00,7.607420000000000293e-01,1.806308999999999942e+00,1.997059999999999946e-01,-3.294017000000000195e+00,-1.573170000000000124e-01,1.347280000000000033e+00,7.219799999999999829e-02,4.802239999999999842e-01,6.077320000000000499e-01,7.352410000000000334e-01,8.372469999999999635e-01,6.332339999999999636e-01,-1.318149999999999877e-01,-1.738418000000000019e+00,4.547229999999999883e-01,9.647550000000000292e-01,9.902570000000000539e-01,-1.865925999999999974e+00,8.882499999999999840e-01,9.137520000000000087e-01,-1.891428000000000109e+00,-2.477965000000000195e+00,1.092262999999999984e+00,2.724368000000000123e+00,4.037189999999999945e-01,5.567290000000000294e-01,9.647550000000000292e-01,-5.908440000000000358e-01,-6.418479999999999741e-01,-4.633360000000000256e-01,4.547229999999999883e-01,7.607420000000000293e-01,-5.653430000000000399e-01,-3.103259999999999907e-01,-2.338210000000000011e-01,1.194269999999999943e+00,4.802239999999999842e-01,-7.438540000000000152e-01,7.352410000000000334e-01,1.423785000000000078e+00,-4.378349999999999742e-01,5.822310000000000541e-01,2.119499999999999856e-02,-7.438540000000000152e-01,2.762109999999999843e-01,1.347280000000000033e+00,-1.100877000000000105e+00,-3.868309999999999804e-01,-1.814923000000000064e+00,-5.530999999999999805e-02,5.312280000000000335e-01,1.372781000000000029e+00,1.653299000000000074e+00,8.117459999999999676e-01,1.232010000000000050e-01,-1.063130000000000047e-01,5.057260000000000089e-01,-1.828180000000000083e-01,-8.203589999999999494e-01,-1.483402000000000109e+00,1.997059999999999946e-01,5.312280000000000335e-01,6.332339999999999636e-01,7.097390000000000088e-01,9.392540000000000333e-01,-1.840424000000000060e+00,-5.398410000000000153e-01,5.312280000000000335e-01,-9.478670000000000151e-01,1.372781000000000029e+00,-8.081199999999999495e-02,7.607420000000000293e-01,1.066761999999999988e+00,6.077320000000000499e-01,-2.848249999999999948e-01,4.292210000000000192e-01,1.487030000000000018e-01,-3.358280000000000154e-01,-1.063130000000000047e-01,9.769999999999999518e-02,1.742049999999999987e-01,-5.398410000000000153e-01,-1.100877000000000105e+00,-1.279387999999999970e+00,-1.828180000000000083e-01,2.392847000000000168e+00,-2.083200000000000052e-01,7.219799999999999829e-02,1.831811000000000078e+00,1.704302999999999901e+00,-4.378349999999999742e-01,-4.307000000000000065e-03,4.669600000000000140e-02,3.272140000000000049e-01,-5.530999999999999805e-02,1.194269999999999943e+00,1.270774999999999988e+00,-1.942431000000000019e+00,-2.630974999999999842e+00,2.252079999999999915e-01,7.097390000000000088e-01,6.842369999999999841e-01,1.602295999999999943e+00,4.547229999999999883e-01,-3.868309999999999804e-01,1.742049999999999987e-01,1.066761999999999988e+00,1.066761999999999988e+00,-7.948570000000000357e-01,-5.143389999999999906e-01,3.527159999999999740e-01,-2.593230000000000257e-01,-1.318149999999999877e-01,2.252079999999999915e-01,7.607420000000000293e-01,1.487030000000000018e-01,7.097390000000000088e-01,-5.653430000000000399e-01,-1.100877000000000105e+00,5.567290000000000294e-01,2.507099999999999884e-01,6.842369999999999841e-01,1.168768000000000029e+00,1.117764999999999898e+00,-8.713619999999999699e-01,4.669600000000000140e-02,-2.848249999999999948e-01,8.372469999999999635e-01,2.507099999999999884e-01,-1.304890000000000105e+00,1.704302999999999901e+00,4.669600000000000140e-02,-1.661912999999999974e+00,-6.928509999999999946e-01,9.392540000000000333e-01,1.755306000000000033e+00,-4.888379999999999947e-01,-8.081199999999999495e-02,9.902570000000000539e-01,-1.253886999999999974e+00,4.802239999999999842e-01,1.041260000000000074e+00,5.822310000000000541e-01,-4.633360000000000256e-01,1.232010000000000050e-01,-1.049873999999999974e+00,-8.968639999999999946e-01,1.041260000000000074e+00,1.474787999999999988e+00,9.769999999999999518e-02,6.077320000000000499e-01,1.066761999999999988e+00,-2.222948999999999842e+00,-1.508903000000000105e+00,8.117459999999999676e-01,1.551293000000000033e+00,1.041260000000000074e+00,-2.980800000000000116e-02,-2.980800000000000116e-02,8.627489999999999881e-01,1.997059999999999946e-01,-9.988700000000000356e-01,3.017130000000000090e-01,-1.202884000000000064e+00,-9.223660000000000192e-01,2.877378000000000213e+00,2.469352000000000213e+00,3.272140000000000049e-01,-1.228385000000000060e+00,6.077320000000000499e-01,-3.868309999999999804e-01,-6.928509999999999946e-01,1.194269999999999943e+00,7.219799999999999829e-02,6.842369999999999841e-01,-1.355893000000000015e+00,-3.868309999999999804e-01,-7.438540000000000152e-01,4.292210000000000192e-01,7.097390000000000088e-01,1.398282999999999943e+00,5.057260000000000089e-01,4.037189999999999945e-01,-6.928509999999999946e-01,1.117764999999999898e+00,5.822310000000000541e-01,-2.809486000000000150e+00,-3.868309999999999804e-01,3.782179999999999986e-01,1.015759000000000079e+00,8.882499999999999840e-01,7.352410000000000334e-01,7.219799999999999829e-02,2.252079999999999915e-01,1.423785000000000078e+00,-1.661912999999999974e+00,-1.916929000000000105e+00,6.842369999999999841e-01,-1.063130000000000047e-01,7.607420000000000293e-01,1.423785000000000078e+00,-7.693560000000000398e-01,-1.318149999999999877e-01,-7.183530000000000193e-01,1.143267000000000033e+00,1.780807999999999947e+00,2.163332000000000033e+00,-2.426962000000000064e+00,-9.478670000000000151e-01,9.769999999999999518e-02,1.347280000000000033e+00,8.882499999999999840e-01,1.742049999999999987e-01,1.755306000000000033e+00,-2.980800000000000116e-02,-2.936995000000000022e+00,-4.123330000000000051e-01,2.119499999999999856e-02,1.245273000000000074e+00,7.352410000000000334e-01,1.143267000000000033e+00,8.372469999999999635e-01,-3.868309999999999804e-01,-2.593230000000000257e-01,8.117459999999999676e-01,-8.713619999999999699e-01,-4.123330000000000051e-01,9.902570000000000539e-01,1.398282999999999943e+00,-5.398410000000000153e-01,-2.350457000000000019e+00,-2.980800000000000116e-02,4.802239999999999842e-01,1.219772000000000078e+00,1.066761999999999988e+00,1.398282999999999943e+00,2.762109999999999843e-01,-2.044436999999999838e+00,-2.980800000000000116e-02,-1.891428000000000109e+00,6.077320000000000499e-01,5.822310000000000541e-01,1.423785000000000078e+00,-4.307000000000000065e-03,3.017130000000000090e-01,1.347280000000000033e+00,8.882499999999999840e-01,-6.418479999999999741e-01,-1.712916000000000105e+00,-1.318149999999999877e-01,-1.318149999999999877e-01,6.332339999999999636e-01,-8.081199999999999495e-02,3.527159999999999740e-01,9.137520000000000087e-01,5.057260000000000089e-01,1.219772000000000078e+00,-1.828180000000000083e-01,-1.126379000000000019e+00,2.507099999999999884e-01,1.742049999999999987e-01,-4.633360000000000256e-01,1.487030000000000018e-01,-3.613299999999999845e-01,1.398282999999999943e+00,5.057260000000000089e-01,4.547229999999999883e-01,1.117764999999999898e+00,-9.478670000000000151e-01,7.352410000000000334e-01,-1.318149999999999877e-01,-2.732981999999999800e+00,-1.063130000000000047e-01,9.137520000000000087e-01,2.086826999999999988e+00,7.097390000000000088e-01,-1.318149999999999877e-01,9.392540000000000333e-01,5.057260000000000089e-01,-5.653430000000000399e-01,-9.223660000000000192e-01,4.802239999999999842e-01,6.332339999999999636e-01,1.296276999999999902e+00,-1.508903000000000105e+00,-3.103259999999999907e-01,2.119499999999999856e-02,1.997059999999999946e-01,7.097390000000000088e-01,2.252079999999999915e-01,1.551293000000000033e+00,3.272140000000000049e-01,4.547229999999999883e-01,3.017130000000000090e-01,-8.203589999999999494e-01,-4.633360000000000256e-01,4.037189999999999945e-01,1.653299000000000074e+00,3.017130000000000090e-01,-1.585407999999999928e+00,-7.183530000000000193e-01,-3.358280000000000154e-01,1.015759000000000079e+00,8.882499999999999840e-01,1.168768000000000029e+00,4.802239999999999842e-01,-7.438540000000000152e-01,-3.613299999999999845e-01,1.487030000000000018e-01,2.252079999999999915e-01,-1.318149999999999877e-01,-5.143389999999999906e-01,-7.438540000000000152e-01,1.627798000000000078e+00,1.066761999999999988e+00,3.272140000000000049e-01,-2.980800000000000116e-02,1.143267000000000033e+00,-9.223660000000000192e-01,-9.733690000000000397e-01,-9.478670000000000151e-01,1.755306000000000033e+00,-4.307000000000000065e-03,4.292210000000000192e-01,-9.733690000000000397e-01,-4.888379999999999947e-01,3.272140000000000049e-01,7.097390000000000088e-01,-2.848249999999999948e-01,2.119499999999999856e-02,5.822310000000000541e-01,-1.318149999999999877e-01,-8.081199999999999495e-02,5.822310000000000541e-01,1.551293000000000033e+00,9.392540000000000333e-01,-3.358280000000000154e-01,-3.702043999999999890e+00,6.332339999999999636e-01,5.057260000000000089e-01,4.669600000000000140e-02,8.117459999999999676e-01,1.500289999999999901e+00,4.292210000000000192e-01,-4.378349999999999742e-01,2.507099999999999884e-01,3.782179999999999986e-01,3.017130000000000090e-01,-1.253886999999999974e+00,-3.192010999999999932e+00,9.769999999999999518e-02,1.959319000000000033e+00,2.163332000000000033e+00,1.742049999999999987e-01,-4.307000000000000065e-03,1.525790999999999897e+00,-2.848249999999999948e-01,-1.202884000000000064e+00,-1.559906000000000015e+00,9.137520000000000087e-01,6.332339999999999636e-01,3.527159999999999740e-01,-4.888379999999999947e-01,7.352410000000000334e-01,2.252079999999999915e-01,-1.573170000000000124e-01,-5.908440000000000358e-01,4.292210000000000192e-01,4.547229999999999883e-01,9.137520000000000087e-01,2.762109999999999843e-01,4.669600000000000140e-02,4.547229999999999883e-01,-8.081199999999999495e-02,5.312280000000000335e-01,-1.063130000000000047e-01,-2.095441000000000109e+00,5.312280000000000335e-01,8.627489999999999881e-01,-5.398410000000000153e-01,9.392540000000000333e-01,7.862440000000000540e-01,-5.530999999999999805e-02,6.332339999999999636e-01,4.037189999999999945e-01,-6.928509999999999946e-01,-1.063130000000000047e-01,5.057260000000000089e-01,-4.378349999999999742e-01,1.704302999999999901e+00,4.547229999999999883e-01,7.219799999999999829e-02,-8.081199999999999495e-02,1.487030000000000018e-01,-6.163459999999999495e-01,-1.993433999999999928e+00,9.769999999999999518e-02,1.551293000000000033e+00,1.066761999999999988e+00,6.587359999999999882e-01,5.822310000000000541e-01,-6.418479999999999741e-01,-4.378349999999999742e-01,3.527159999999999740e-01,4.547229999999999883e-01,1.015759000000000079e+00,-3.358280000000000154e-01,4.802239999999999842e-01,4.292210000000000192e-01,-1.126379000000000019e+00,-8.081199999999999495e-02,-5.398410000000000153e-01,1.321777999999999897e+00,-7.948570000000000357e-01,-1.126379000000000019e+00,1.143267000000000033e+00,5.312280000000000335e-01,2.252079999999999915e-01,9.902570000000000539e-01,6.332339999999999636e-01,4.669600000000000140e-02,-8.081199999999999495e-02,-5.398410000000000153e-01,4.669600000000000140e-02,-9.223660000000000192e-01,5.057260000000000089e-01,-5.530999999999999805e-02,-3.115505999999999887e+00,1.729803999999999897e+00,1.678800999999999988e+00,8.117459999999999676e-01,-4.123330000000000051e-01,8.372469999999999635e-01,8.117459999999999676e-01,-1.318149999999999877e-01,2.507099999999999884e-01,2.252079999999999915e-01,1.997059999999999946e-01,-1.318149999999999877e-01,1.232010000000000050e-01,-3.868309999999999804e-01,-5.908440000000000358e-01,8.882499999999999840e-01,-2.083200000000000052e-01,-1.573170000000000124e-01,-4.307000000000000065e-03,1.997059999999999946e-01,3.527159999999999740e-01,9.137520000000000087e-01,9.902570000000000539e-01,2.762109999999999843e-01,-1.024372000000000060e+00,1.487030000000000018e-01,-1.318149999999999877e-01,8.117459999999999676e-01,-8.081199999999999495e-02,-1.063130000000000047e-01,6.077320000000000499e-01,-1.559906000000000015e+00,7.862440000000000540e-01,-5.530999999999999805e-02,-3.868309999999999804e-01,9.902570000000000539e-01,1.474787999999999988e+00,4.547229999999999883e-01,5.057260000000000089e-01,-1.687415000000000109e+00,-2.848249999999999948e-01,-2.980800000000000116e-02,8.117459999999999676e-01,9.647550000000000292e-01,-8.968639999999999946e-01,-1.126379000000000019e+00,5.057260000000000089e-01,1.449286000000000074e+00,-8.081199999999999495e-02,-5.530999999999999805e-02,3.782179999999999986e-01,5.312280000000000335e-01,7.219799999999999829e-02,-8.081199999999999495e-02,-3.868309999999999804e-01,1.015759000000000079e+00,1.997059999999999946e-01,-2.197446999999999928e+00,4.292210000000000192e-01,7.352410000000000334e-01,1.602295999999999943e+00,1.551293000000000033e+00,-1.049873999999999974e+00,-8.968639999999999946e-01,1.232010000000000050e-01,7.862440000000000540e-01,7.219799999999999829e-02,1.742049999999999987e-01,4.802239999999999842e-01,-9.223660000000000192e-01,9.769999999999999518e-02,1.245273000000000074e+00,3.017130000000000090e-01,-8.713619999999999699e-01,1.742049999999999987e-01,1.997059999999999946e-01,1.143267000000000033e+00,6.587359999999999882e-01,4.669600000000000140e-02,-7.693560000000000398e-01,-6.163459999999999495e-01,-6.673489999999999700e-01,1.219772000000000078e+00,4.669600000000000140e-02,3.527159999999999740e-01,5.567290000000000294e-01,-5.653430000000000399e-01,-1.318149999999999877e-01,2.507099999999999884e-01,7.097390000000000088e-01,-1.828180000000000083e-01,7.352410000000000334e-01,6.842369999999999841e-01,5.057260000000000089e-01,-1.573170000000000124e-01,-1.967932999999999932e+00,-4.888379999999999947e-01,6.842369999999999841e-01,1.092262999999999984e+00,8.372469999999999635e-01,7.219799999999999829e-02,-4.378349999999999742e-01,-1.177381999999999929e+00,2.762109999999999843e-01,1.143267000000000033e+00,7.097390000000000088e-01,4.802239999999999842e-01,-1.063130000000000047e-01,7.352410000000000334e-01,5.057260000000000089e-01,5.567290000000000294e-01,-1.304890000000000105e+00,1.487030000000000018e-01,-4.633360000000000256e-01,9.769999999999999518e-02,2.119499999999999856e-02,-3.103259999999999907e-01,7.862440000000000540e-01,8.117459999999999676e-01,-9.733690000000000397e-01,-3.868309999999999804e-01,9.902570000000000539e-01,1.092262999999999984e+00,-2.980800000000000116e-02,-4.307000000000000065e-03,2.762109999999999843e-01,-5.530999999999999805e-02,2.507099999999999884e-01,-5.530999999999999805e-02,1.092262999999999984e+00,-8.458609999999999740e-01,1.092262999999999984e+00,-1.177381999999999929e+00,-5.143389999999999906e-01,7.219799999999999829e-02,1.525790999999999897e+00,1.398282999999999943e+00,5.567290000000000294e-01,-1.508903000000000105e+00,4.037189999999999945e-01,4.547229999999999883e-01,2.252079999999999915e-01,-2.083200000000000052e-01,5.822310000000000541e-01,-1.828180000000000083e-01,2.252079999999999915e-01,1.831811000000000078e+00,-1.763919000000000015e+00,-6.928509999999999946e-01,-2.593230000000000257e-01,1.296276999999999902e+00,1.449286000000000074e+00,1.755306000000000033e+00,-9.478670000000000151e-01,-5.143389999999999906e-01,-4.378349999999999742e-01,-8.203589999999999494e-01,2.507099999999999884e-01,1.525790999999999897e+00,-1.063130000000000047e-01,-3.613299999999999845e-01,8.372469999999999635e-01,2.252079999999999915e-01,-2.848249999999999948e-01,-8.081199999999999495e-02,-7.438540000000000152e-01,5.567290000000000294e-01,1.092262999999999984e+00,7.097390000000000088e-01,-1.318149999999999877e-01,3.527159999999999740e-01,7.862440000000000540e-01,-2.069939000000000195e+00,-1.318149999999999877e-01,1.398282999999999943e+00,-2.848249999999999948e-01,-2.338210000000000011e-01,7.607420000000000293e-01,-2.338210000000000011e-01,-2.980800000000000116e-02,6.842369999999999841e-01,-8.203589999999999494e-01,1.997059999999999946e-01,9.769999999999999518e-02,-2.980800000000000116e-02,7.862440000000000540e-01,1.487030000000000018e-01,1.066761999999999988e+00,4.547229999999999883e-01,1.487030000000000018e-01,-1.228385000000000060e+00,-4.888379999999999947e-01,-2.083200000000000052e-01,8.882499999999999840e-01,8.627489999999999881e-01,-2.980800000000000116e-02,-1.828180000000000083e-01,3.272140000000000049e-01,-3.613299999999999845e-01,3.017130000000000090e-01,-3.868309999999999804e-01,-2.593230000000000257e-01,-1.318149999999999877e-01,1.245273000000000074e+00,-4.307000000000000065e-03,1.742049999999999987e-01,5.312280000000000335e-01,9.769999999999999518e-02,-3.358280000000000154e-01,7.352410000000000334e-01,1.487030000000000018e-01,-5.908440000000000358e-01,1.219772000000000078e+00,9.137520000000000087e-01,4.547229999999999883e-01,-4.888379999999999947e-01,3.272140000000000049e-01,-9.988700000000000356e-01,2.252079999999999915e-01,2.507099999999999884e-01,1.015759000000000079e+00,-1.457899999999999974e+00,-4.123330000000000051e-01,4.292210000000000192e-01,3.782179999999999986e-01,1.997059999999999946e-01,-8.081199999999999495e-02,1.474787999999999988e+00,1.449286000000000074e+00,-4.307000000000000065e-03,-1.891428000000000109e+00,-4.307000000000000065e-03,1.347280000000000033e+00,7.219799999999999829e-02,-1.610910000000000064e+00,-4.123330000000000051e-01,1.321777999999999897e+00,4.547229999999999883e-01,-4.307000000000000065e-03,9.392540000000000333e-01,8.372469999999999635e-01,1.742049999999999987e-01,-2.426962000000000064e+00,-1.063130000000000047e-01,6.587359999999999882e-01,8.372469999999999635e-01,-5.530999999999999805e-02,-5.530999999999999805e-02,-4.888379999999999947e-01,1.653299000000000074e+00,-1.063130000000000047e-01,4.547229999999999883e-01,1.997059999999999946e-01,3.017130000000000090e-01,-4.888379999999999947e-01,1.997059999999999946e-01,1.041260000000000074e+00,5.057260000000000089e-01,-1.279387999999999970e+00,-1.610910000000000064e+00,1.041260000000000074e+00,2.252079999999999915e-01,4.037189999999999945e-01,3.527159999999999740e-01,1.347280000000000033e+00,-8.081199999999999495e-02,-8.458609999999999740e-01,3.782179999999999986e-01,4.292210000000000192e-01,8.627489999999999881e-01,4.037189999999999945e-01,-2.083200000000000052e-01,-6.928509999999999946e-01,-3.613299999999999845e-01,6.842369999999999841e-01,-4.378349999999999742e-01,-8.081199999999999495e-02,5.822310000000000541e-01,4.802239999999999842e-01,4.802239999999999842e-01,-8.081199999999999495e-02,2.252079999999999915e-01,4.669600000000000140e-02,9.769999999999999518e-02,1.232010000000000050e-01,7.219799999999999829e-02,5.312280000000000335e-01,5.312280000000000335e-01,-5.398410000000000153e-01,-2.980800000000000116e-02,2.119499999999999856e-02,2.762109999999999843e-01,5.312280000000000335e-01,-5.398410000000000153e-01,-9.988700000000000356e-01,1.117764999999999898e+00,5.567290000000000294e-01,4.292210000000000192e-01,-3.103259999999999907e-01,3.017130000000000090e-01,8.882499999999999840e-01,-1.075374999999999970e+00,-5.530999999999999805e-02,4.037189999999999945e-01,-2.338210000000000011e-01,3.017130000000000090e-01,-2.980800000000000116e-02,1.117764999999999898e+00,-4.888379999999999947e-01,1.245273000000000074e+00,-6.163459999999999495e-01,-7.438540000000000152e-01,-1.828180000000000083e-01,1.041260000000000074e+00,1.347280000000000033e+00,1.997059999999999946e-01,-2.338210000000000011e-01,-4.307000000000000065e-03,-3.358280000000000154e-01,1.232010000000000050e-01,6.842369999999999841e-01,-3.358280000000000154e-01,9.769999999999999518e-02,4.802239999999999842e-01,1.742049999999999987e-01,5.312280000000000335e-01,-1.049873999999999974e+00,1.296276999999999902e+00,7.607420000000000293e-01,-1.151880000000000015e+00,9.392540000000000333e-01,7.607420000000000293e-01,-7.948570000000000357e-01,6.332339999999999636e-01,-2.044436999999999838e+00,-1.432398000000000060e+00,6.077320000000000499e-01,1.806308999999999942e+00,8.627489999999999881e-01,3.782179999999999986e-01,5.057260000000000089e-01,4.669600000000000140e-02,-1.828180000000000083e-01,-6.418479999999999741e-01,4.292210000000000192e-01,4.037189999999999945e-01,6.332339999999999636e-01,4.802239999999999842e-01,-1.712916000000000105e+00,7.352410000000000334e-01,2.762109999999999843e-01,5.822310000000000541e-01,-1.318149999999999877e-01,-1.828180000000000083e-01,1.997059999999999946e-01,-5.530999999999999805e-02,-4.307000000000000065e-03,1.551293000000000033e+00,1.525790999999999897e+00,-2.528967999999999883e+00,-9.223660000000000192e-01,-1.075374999999999970e+00,1.245273000000000074e+00,1.602295999999999943e+00,3.782179999999999986e-01,-2.338210000000000011e-01,-8.081199999999999495e-02,8.627489999999999881e-01,3.527159999999999740e-01,9.769999999999999518e-02,-1.151880000000000015e+00,-1.063130000000000047e-01,-1.828180000000000083e-01,9.769999999999999518e-02,1.117764999999999898e+00,4.292210000000000192e-01,-4.378349999999999742e-01,-9.478670000000000151e-01,7.219799999999999829e-02,1.551293000000000033e+00,-5.908440000000000358e-01,6.332339999999999636e-01,5.567290000000000294e-01,-8.081199999999999495e-02,-8.081199999999999495e-02,1.997059999999999946e-01,2.762109999999999843e-01,-2.848249999999999948e-01,1.232010000000000050e-01,3.017130000000000090e-01,5.822310000000000541e-01,7.352410000000000334e-01,3.782179999999999986e-01,-1.687415000000000109e+00,2.119499999999999856e-02,-8.081199999999999495e-02,8.372469999999999635e-01,7.352410000000000334e-01,4.292210000000000192e-01,2.762109999999999843e-01,-2.044436999999999838e+00,3.017130000000000090e-01,1.487030000000000018e-01,1.551293000000000033e+00,9.392540000000000333e-01,1.487030000000000018e-01,2.252079999999999915e-01,-2.593230000000000257e-01,-6.928509999999999946e-01,9.137520000000000087e-01,-1.126379000000000019e+00,7.352410000000000334e-01,9.769999999999999518e-02,-8.968639999999999946e-01,-1.063130000000000047e-01,5.567290000000000294e-01,1.168768000000000029e+00,1.270774999999999988e+00,3.782179999999999986e-01,-1.100877000000000105e+00,-1.585407999999999928e+00,7.352410000000000334e-01,7.607420000000000293e-01,3.782179999999999986e-01,8.117459999999999676e-01,4.037189999999999945e-01,4.669600000000000140e-02,4.669600000000000140e-02,-3.868309999999999804e-01,1.742049999999999987e-01,6.077320000000000499e-01,4.037189999999999945e-01,-7.183530000000000193e-01,2.119499999999999856e-02,1.742049999999999987e-01,2.507099999999999884e-01,6.332339999999999636e-01,8.372469999999999635e-01,-8.081199999999999495e-02,-2.848249999999999948e-01,2.762109999999999843e-01,1.997059999999999946e-01,4.292210000000000192e-01,-4.123330000000000051e-01,3.782179999999999986e-01,7.219799999999999829e-02,2.119499999999999856e-02,1.015759000000000079e+00,3.272140000000000049e-01,-2.069939000000000195e+00,-5.398410000000000153e-01,1.423785000000000078e+00,8.372469999999999635e-01,1.742049999999999987e-01,1.347280000000000033e+00,7.607420000000000293e-01,-7.948570000000000357e-01,-1.063130000000000047e-01,5.312280000000000335e-01,1.232010000000000050e-01,-2.083200000000000052e-01,-5.143389999999999906e-01,4.669600000000000140e-02,1.232010000000000050e-01,-1.304890000000000105e+00,7.352410000000000334e-01,6.842369999999999841e-01,1.742049999999999987e-01,5.312280000000000335e-01,8.372469999999999635e-01,-5.530999999999999805e-02,-6.673489999999999700e-01,1.092262999999999984e+00,-2.980800000000000116e-02,-4.888379999999999947e-01,-2.848249999999999948e-01,3.527159999999999740e-01,9.137520000000000087e-01,3.527159999999999740e-01,-2.848249999999999948e-01,4.547229999999999883e-01,7.097390000000000088e-01,-2.248451000000000199e+00,-2.848249999999999948e-01,8.627489999999999881e-01,1.232010000000000050e-01,5.312280000000000335e-01,1.219772000000000078e+00,5.057260000000000089e-01,-1.814923000000000064e+00,1.487030000000000018e-01,5.822310000000000541e-01,5.057260000000000089e-01,4.547229999999999883e-01,6.332339999999999636e-01,4.547229999999999883e-01,-4.378349999999999742e-01,9.769999999999999518e-02,4.802239999999999842e-01,5.312280000000000335e-01,-3.613299999999999845e-01,-2.593230000000000257e-01,-4.378349999999999742e-01,7.862440000000000540e-01,2.762109999999999843e-01,5.567290000000000294e-01,-1.318149999999999877e-01,1.704302999999999901e+00,-1.100877000000000105e+00,-2.350457000000000019e+00,1.347280000000000033e+00,7.862440000000000540e-01,-1.049873999999999974e+00,1.194269999999999943e+00,1.997059999999999946e-01,8.117459999999999676e-01,8.882499999999999840e-01,1.997059999999999946e-01,-1.330392000000000019e+00,2.762109999999999843e-01,3.272140000000000049e-01,1.487030000000000018e-01,-2.848249999999999948e-01,-3.868309999999999804e-01,1.232010000000000050e-01,1.066761999999999988e+00,6.842369999999999841e-01,-2.593230000000000257e-01,-1.585407999999999928e+00,5.822310000000000541e-01,5.567290000000000294e-01,-1.573170000000000124e-01,5.312280000000000335e-01,2.762109999999999843e-01,-2.848249999999999948e-01,6.077320000000000499e-01,4.802239999999999842e-01,1.487030000000000018e-01,6.077320000000000499e-01,2.762109999999999843e-01,-4.378349999999999742e-01,-8.081199999999999495e-02,-3.613299999999999845e-01,4.802239999999999842e-01,1.245273000000000074e+00,-9.478670000000000151e-01,1.742049999999999987e-01,9.647550000000000292e-01,1.997059999999999946e-01,-1.126379000000000019e+00,-4.888379999999999947e-01,-6.928509999999999946e-01,2.119499999999999856e-02,5.567290000000000294e-01,1.092262999999999984e+00,8.117459999999999676e-01,1.015759000000000079e+00,7.862440000000000540e-01,-1.063130000000000047e-01,-1.063130000000000047e-01,-4.633360000000000256e-01,1.997059999999999946e-01,5.822310000000000541e-01,-1.063130000000000047e-01,1.232010000000000050e-01,-8.081199999999999495e-02,5.312280000000000335e-01,-1.891428000000000109e+00,1.232010000000000050e-01,2.762109999999999843e-01,1.092262999999999984e+00,1.551293000000000033e+00,2.507099999999999884e-01,-2.083200000000000052e-01,3.272140000000000049e-01,4.669600000000000140e-02,-1.318149999999999877e-01,1.997059999999999946e-01,3.527159999999999740e-01,6.077320000000000499e-01,5.057260000000000089e-01,-8.081199999999999495e-02,-9.223660000000000192e-01,3.782179999999999986e-01,1.742049999999999987e-01,-3.103259999999999907e-01,9.769999999999999518e-02,7.219799999999999829e-02,2.762109999999999843e-01,4.547229999999999883e-01,3.017130000000000090e-01,1.143267000000000033e+00,-3.358280000000000154e-01,1.117764999999999898e+00,-5.530999999999999805e-02,-4.888379999999999947e-01,4.292210000000000192e-01,2.762109999999999843e-01,-8.081199999999999495e-02,-2.554469999999999796e+00,3.527159999999999740e-01,1.449286000000000074e+00,1.321777999999999897e+00,4.669600000000000140e-02,9.769999999999999518e-02,5.057260000000000089e-01,-5.908440000000000358e-01,-9.223660000000000192e-01,6.842369999999999841e-01,4.547229999999999883e-01,2.762109999999999843e-01,7.219799999999999829e-02,-2.980800000000000116e-02,1.487030000000000018e-01,8.882499999999999840e-01,3.527159999999999740e-01,-1.828180000000000083e-01,4.669600000000000140e-02,4.802239999999999842e-01,2.119499999999999856e-02,-5.398410000000000153e-01,8.372469999999999635e-01,-1.828180000000000083e-01,-2.848249999999999948e-01,-6.928509999999999946e-01,-1.063130000000000047e-01,1.270774999999999988e+00,-3.358280000000000154e-01,-9.223660000000000192e-01,7.352410000000000334e-01,1.092262999999999984e+00,8.882499999999999840e-01,2.507099999999999884e-01,2.762109999999999843e-01,6.332339999999999636e-01,7.097390000000000088e-01,9.769999999999999518e-02,-8.081199999999999495e-02,-1.279387999999999970e+00,-9.223660000000000192e-01,1.092262999999999984e+00,5.312280000000000335e-01,-3.358280000000000154e-01,-1.508903000000000105e+00,2.119499999999999856e-02,9.902570000000000539e-01,1.525790999999999897e+00,2.119499999999999856e-02,-1.573170000000000124e-01,1.449286000000000074e+00,1.997059999999999946e-01,-3.868309999999999804e-01,-6.928509999999999946e-01,-2.848249999999999948e-01,4.547229999999999883e-01,1.742049999999999987e-01,-1.828180000000000083e-01,1.742049999999999987e-01,4.802239999999999842e-01,4.037189999999999945e-01,7.352410000000000334e-01,-2.593230000000000257e-01,-1.508903000000000105e+00,-2.083200000000000052e-01,4.292210000000000192e-01,7.352410000000000334e-01,1.066761999999999988e+00,7.862440000000000540e-01,2.762109999999999843e-01,1.015759000000000079e+00,1.194269999999999943e+00,-2.069939000000000195e+00,-1.253886999999999974e+00,-4.378349999999999742e-01,4.802239999999999842e-01,4.292210000000000192e-01,-1.100877000000000105e+00,7.862440000000000540e-01,1.168768000000000029e+00,1.653299000000000074e+00,-1.828180000000000083e-01,-4.378349999999999742e-01,-6.163459999999999495e-01,1.092262999999999984e+00,8.372469999999999635e-01,-7.948570000000000357e-01,2.507099999999999884e-01,9.137520000000000087e-01,3.017130000000000090e-01,3.527159999999999740e-01,-1.075374999999999970e+00,-1.814923000000000064e+00,-2.848249999999999948e-01,7.862440000000000540e-01,1.219772000000000078e+00,6.077320000000000499e-01,2.252079999999999915e-01,3.017130000000000090e-01,3.272140000000000049e-01,4.802239999999999842e-01,-2.593230000000000257e-01,1.092262999999999984e+00,8.117459999999999676e-01,-1.202884000000000064e+00,-1.865925999999999974e+00,-4.307000000000000065e-03,4.292210000000000192e-01,1.041260000000000074e+00,7.862440000000000540e-01,5.567290000000000294e-01,5.312280000000000335e-01,-1.828180000000000083e-01,-1.151880000000000015e+00,-1.573170000000000124e-01,4.292210000000000192e-01,8.117459999999999676e-01,1.525790999999999897e+00,-5.653430000000000399e-01,1.232010000000000050e-01,6.587359999999999882e-01,-5.398410000000000153e-01,4.292210000000000192e-01,-3.103259999999999907e-01,3.017130000000000090e-01,4.669600000000000140e-02,2.507099999999999884e-01,5.312280000000000335e-01,-7.438540000000000152e-01,7.352410000000000334e-01,-8.081199999999999495e-02,1.997059999999999946e-01,-1.828180000000000083e-01,-1.457899999999999974e+00,6.077320000000000499e-01,1.232010000000000050e-01,4.547229999999999883e-01,7.862440000000000540e-01,5.822310000000000541e-01,5.312280000000000335e-01,-4.888379999999999947e-01,-1.432398000000000060e+00,1.270774999999999988e+00,1.449286000000000074e+00,2.119499999999999856e-02,-5.530999999999999805e-02,-6.673489999999999700e-01,3.017130000000000090e-01,7.352410000000000334e-01,1.232010000000000050e-01,-4.307000000000000065e-03,4.292210000000000192e-01,2.762109999999999843e-01,-1.279387999999999970e+00,3.272140000000000049e-01,4.669600000000000140e-02,2.762109999999999843e-01,-6.418479999999999741e-01,1.219772000000000078e+00,9.392540000000000333e-01,1.041260000000000074e+00,1.997059999999999946e-01,-1.100877000000000105e+00,-4.888379999999999947e-01,7.219799999999999829e-02,4.669600000000000140e-02,4.802239999999999842e-01,2.119499999999999856e-02,3.782179999999999986e-01,6.842369999999999841e-01,5.822310000000000541e-01,-1.063130000000000047e-01,-7.438540000000000152e-01,5.312280000000000335e-01,7.097390000000000088e-01,-1.126379000000000019e+00,4.669600000000000140e-02,-1.318149999999999877e-01,9.392540000000000333e-01,9.902570000000000539e-01,2.252079999999999915e-01,-1.457899999999999974e+00,-6.673489999999999700e-01,4.292210000000000192e-01,1.015759000000000079e+00,1.321777999999999897e+00,-1.100877000000000105e+00,4.669600000000000140e-02,7.607420000000000293e-01,1.296276999999999902e+00,4.802239999999999842e-01,-3.613299999999999845e-01,-2.338210000000000011e-01,-3.868309999999999804e-01,-1.789420999999999928e+00,8.372469999999999635e-01,5.822310000000000541e-01,-2.593230000000000257e-01,1.755306000000000033e+00,3.527159999999999740e-01,-7.948570000000000357e-01,-6.418479999999999741e-01,-1.063130000000000047e-01,6.587359999999999882e-01,1.296276999999999902e+00,1.551293000000000033e+00,-7.183530000000000193e-01,-4.378349999999999742e-01,7.219799999999999829e-02,5.567290000000000294e-01,9.769999999999999518e-02,-5.908440000000000358e-01,4.547229999999999883e-01,-1.828180000000000083e-01,7.352410000000000334e-01,3.272140000000000049e-01,7.219799999999999829e-02,-2.120941999999999883e+00,6.332339999999999636e-01,1.168768000000000029e+00,9.137520000000000087e-01,5.057260000000000089e-01,3.017130000000000090e-01,-2.980800000000000116e-02,-3.103259999999999907e-01,-7.438540000000000152e-01,4.037189999999999945e-01,-6.163459999999999495e-01,4.802239999999999842e-01,-2.083200000000000052e-01,1.143267000000000033e+00,9.902570000000000539e-01,4.037189999999999945e-01,4.669600000000000140e-02,-7.438540000000000152e-01,-6.928509999999999946e-01,3.782179999999999986e-01,-5.530999999999999805e-02,7.352410000000000334e-01,5.057260000000000089e-01,1.296276999999999902e+00,-4.378349999999999742e-01,-9.988700000000000356e-01,-1.126379000000000019e+00,1.653299000000000074e+00,5.312280000000000335e-01,-2.593230000000000257e-01,3.272140000000000049e-01,5.567290000000000294e-01,3.017130000000000090e-01,-1.151880000000000015e+00,2.762109999999999843e-01,9.769999999999999518e-02,2.507099999999999884e-01,-2.083200000000000052e-01,2.762109999999999843e-01,6.077320000000000499e-01,1.015759000000000079e+00,-7.183530000000000193e-01,-2.338210000000000011e-01,9.769999999999999518e-02,3.272140000000000049e-01,6.077320000000000499e-01,5.312280000000000335e-01,1.997059999999999946e-01,-1.406897000000000064e+00,-5.908440000000000358e-01,1.347280000000000033e+00,1.984820999999999946e+00,9.902570000000000539e-01,-4.123330000000000051e-01,-1.585407999999999928e+00,7.219799999999999829e-02,3.017130000000000090e-01,-7.438540000000000152e-01,-1.828180000000000083e-01,-1.318149999999999877e-01,9.137520000000000087e-01,8.372469999999999635e-01,-4.888379999999999947e-01,2.507099999999999884e-01,3.272140000000000049e-01,7.862440000000000540e-01,1.219772000000000078e+00,-9.988700000000000356e-01,-1.049873999999999974e+00,3.017130000000000090e-01,1.143267000000000033e+00,5.312280000000000335e-01,-1.063130000000000047e-01,-2.083200000000000052e-01,-8.081199999999999495e-02,3.527159999999999740e-01,-6.163459999999999495e-01,-2.980800000000000116e-02,8.627489999999999881e-01,5.312280000000000335e-01,2.119499999999999856e-02,-2.848249999999999948e-01,6.587359999999999882e-01,5.567290000000000294e-01,-1.573170000000000124e-01,-1.202884000000000064e+00,3.017130000000000090e-01,4.802239999999999842e-01,7.097390000000000088e-01,1.487030000000000018e-01,1.117764999999999898e+00,9.769999999999999518e-02,-8.081199999999999495e-02,6.332339999999999636e-01,-1.508903000000000105e+00,-1.865925999999999974e+00,3.782179999999999986e-01,1.755306000000000033e+00,1.653299000000000074e+00,5.822310000000000541e-01,-4.888379999999999947e-01,-3.868309999999999804e-01,-8.081199999999999495e-02,5.567290000000000294e-01,4.669600000000000140e-02,-5.530999999999999805e-02,-2.083200000000000052e-01,-8.713619999999999699e-01,6.077320000000000499e-01,-8.081199999999999495e-02,-2.848249999999999948e-01,8.627489999999999881e-01,8.117459999999999676e-01,5.567290000000000294e-01,7.352410000000000334e-01,8.882499999999999840e-01,-7.183530000000000193e-01,-1.202884000000000064e+00,-1.024372000000000060e+00,6.332339999999999636e-01,1.576794999999999947e+00,-5.530999999999999805e-02,-8.081199999999999495e-02,6.332339999999999636e-01,4.802239999999999842e-01,5.567290000000000294e-01,-2.083200000000000052e-01,-1.457899999999999974e+00,-1.126379000000000019e+00,2.119499999999999856e-02,1.270774999999999988e+00,2.112328999999999901e+00,1.398282999999999943e+00,-1.202884000000000064e+00,-1.355893000000000015e+00,1.487030000000000018e-01,1.678800999999999988e+00,9.647550000000000292e-01,-1.406897000000000064e+00,7.219799999999999829e-02,-1.457899999999999974e+00,1.398282999999999943e+00,1.143267000000000033e+00,-1.828180000000000083e-01,-5.398410000000000153e-01,8.117459999999999676e-01,6.332339999999999636e-01,-4.633360000000000256e-01,-2.848249999999999948e-01,1.296276999999999902e+00,-3.358280000000000154e-01,3.272140000000000049e-01,1.232010000000000050e-01,-7.438540000000000152e-01,2.252079999999999915e-01,5.057260000000000089e-01,-2.980800000000000116e-02,-6.928509999999999946e-01,6.077320000000000499e-01,7.862440000000000540e-01,-5.398410000000000153e-01,6.332339999999999636e-01,1.143267000000000033e+00,1.500289999999999901e+00,-9.988700000000000356e-01,-1.126379000000000019e+00,-2.593230000000000257e-01,7.097390000000000088e-01,3.527159999999999740e-01,4.292210000000000192e-01,8.882499999999999840e-01,-7.183530000000000193e-01,9.769999999999999518e-02,8.117459999999999676e-01,1.487030000000000018e-01,-1.355893000000000015e+00,1.194269999999999943e+00,-5.908440000000000358e-01,-7.948570000000000357e-01,1.576794999999999947e+00,9.392540000000000333e-01,-8.968639999999999946e-01,-1.253886999999999974e+00,1.398282999999999943e+00,8.627489999999999881e-01,2.119499999999999856e-02,-4.378349999999999742e-01,-2.083200000000000052e-01,1.742049999999999987e-01,7.352410000000000334e-01,4.669600000000000140e-02,6.587359999999999882e-01,-4.888379999999999947e-01,-5.653430000000000399e-01,7.219799999999999829e-02,3.017130000000000090e-01,1.487030000000000018e-01,1.997059999999999946e-01,-4.307000000000000065e-03,2.762109999999999843e-01,-2.338210000000000011e-01,4.802239999999999842e-01,1.066761999999999988e+00,6.332339999999999636e-01,-3.868309999999999804e-01,-1.177381999999999929e+00,7.097390000000000088e-01,6.587359999999999882e-01,-1.828180000000000083e-01,1.232010000000000050e-01,9.902570000000000539e-01,-6.418479999999999741e-01,6.077320000000000499e-01,6.077320000000000499e-01,-1.202884000000000064e+00,9.647550000000000292e-01,-3.613299999999999845e-01,1.232010000000000050e-01,-6.928509999999999946e-01,1.576794999999999947e+00,-2.083200000000000052e-01,6.332339999999999636e-01,9.769999999999999518e-02,8.117459999999999676e-01,1.487030000000000018e-01,-2.338210000000000011e-01,-3.103259999999999907e-01,-1.063130000000000047e-01,3.782179999999999986e-01,5.822310000000000541e-01,7.607420000000000293e-01,-7.948570000000000357e-01,-8.458609999999999740e-01,1.997059999999999946e-01,3.272140000000000049e-01,5.567290000000000294e-01,7.607420000000000293e-01,-4.633360000000000256e-01,-2.338210000000000011e-01,1.015759000000000079e+00,-5.398410000000000153e-01,5.312280000000000335e-01,4.547229999999999883e-01,2.214335000000000164e+00,6.332339999999999636e-01,-2.069939000000000195e+00,-8.968639999999999946e-01,6.332339999999999636e-01,-3.613299999999999845e-01,-3.370521999999999796e+00,2.061326000000000214e+00,3.272140000000000049e-01,7.607420000000000293e-01,1.168768000000000029e+00,6.587359999999999882e-01,3.272140000000000049e-01,-4.123330000000000051e-01,-4.888379999999999947e-01,-4.307000000000000065e-03,6.077320000000000499e-01,4.037189999999999945e-01,-4.888379999999999947e-01,4.669600000000000140e-02,3.017130000000000090e-01,6.077320000000000499e-01,6.587359999999999882e-01,1.997059999999999946e-01,-1.024372000000000060e+00,-3.868309999999999804e-01,-7.438540000000000152e-01,-1.712916000000000105e+00,1.653299000000000074e+00,2.112328999999999901e+00,1.398282999999999943e+00,1.066761999999999988e+00,2.252079999999999915e-01,-1.228385000000000060e+00,7.219799999999999829e-02,5.312280000000000335e-01,-1.828180000000000083e-01,-1.049873999999999974e+00,-2.980800000000000116e-02,1.168768000000000029e+00,-6.163459999999999495e-01,-1.024372000000000060e+00,5.567290000000000294e-01,1.500289999999999901e+00,9.769999999999999518e-02,-1.789420999999999928e+00,1.041260000000000074e+00,1.321777999999999897e+00,7.352410000000000334e-01,7.352410000000000334e-01,-5.530999999999999805e-02,-8.968639999999999946e-01,5.312280000000000335e-01,-8.968639999999999946e-01,-2.338210000000000011e-01,-8.968639999999999946e-01,4.547229999999999883e-01,4.802239999999999842e-01,-4.888379999999999947e-01,4.547229999999999883e-01,1.755306000000000033e+00,9.392540000000000333e-01,9.769999999999999518e-02,-1.355893000000000015e+00,1.742049999999999987e-01,1.092262999999999984e+00,6.332339999999999636e-01,-4.307000000000000065e-03,-2.083200000000000052e-01,2.762109999999999843e-01,-2.860489999999999977e+00,2.762109999999999843e-01,1.015759000000000079e+00,5.057260000000000089e-01,8.627489999999999881e-01,1.245273000000000074e+00,9.769999999999999518e-02,-1.228385000000000060e+00,1.372781000000000029e+00,1.347280000000000033e+00,-1.763919000000000015e+00,2.119499999999999856e-02,7.607420000000000293e-01,4.669600000000000140e-02,3.272140000000000049e-01,1.487030000000000018e-01,-9.733690000000000397e-01,6.332339999999999636e-01,-1.063130000000000047e-01,4.037189999999999945e-01,-3.103259999999999907e-01,2.252079999999999915e-01,1.066761999999999988e+00,5.822310000000000541e-01,8.117459999999999676e-01,-2.980800000000000116e-02,-8.081199999999999495e-02,-2.980800000000000116e-02,-2.593230000000000257e-01,-5.398410000000000153e-01,8.372469999999999635e-01,1.194269999999999943e+00,-3.358280000000000154e-01,-1.661912999999999974e+00,1.245273000000000074e+00,7.097390000000000088e-01,-1.177381999999999929e+00,-8.713619999999999699e-01,7.097390000000000088e-01,1.066761999999999988e+00,9.902570000000000539e-01,-1.151880000000000015e+00,-3.358280000000000154e-01,7.607420000000000293e-01,6.842369999999999841e-01,1.015759000000000079e+00,5.312280000000000335e-01,-2.248451000000000199e+00,3.017130000000000090e-01,7.097390000000000088e-01,4.547229999999999883e-01,2.119499999999999856e-02,5.567290000000000294e-01,-4.307000000000000065e-03,-1.573170000000000124e-01,2.119499999999999856e-02,1.232010000000000050e-01,1.487030000000000018e-01,1.143267000000000033e+00,4.292210000000000192e-01,-3.613299999999999845e-01,6.332339999999999636e-01,-8.203589999999999494e-01,2.762109999999999843e-01,4.547229999999999883e-01,5.057260000000000089e-01,-3.613299999999999845e-01,7.607420000000000293e-01,1.232010000000000050e-01,7.097390000000000088e-01,7.607420000000000293e-01,-9.223660000000000192e-01,-1.828180000000000083e-01,-3.358280000000000154e-01,8.117459999999999676e-01,-1.828180000000000083e-01,-1.573170000000000124e-01,7.219799999999999829e-02,-2.848249999999999948e-01,-8.081199999999999495e-02,4.292210000000000192e-01,1.117764999999999898e+00,9.392540000000000333e-01,4.292210000000000192e-01,-5.143389999999999906e-01,-1.100877000000000105e+00,8.117459999999999676e-01,-3.358280000000000154e-01,3.272140000000000049e-01,4.037189999999999945e-01,1.041260000000000074e+00,4.547229999999999883e-01,1.997059999999999946e-01,-4.888379999999999947e-01,1.487030000000000018e-01,-8.458609999999999740e-01,-7.693560000000000398e-01,7.352410000000000334e-01,1.627798000000000078e+00,2.119499999999999856e-02,1.742049999999999987e-01,1.742049999999999987e-01,-5.530999999999999805e-02,2.252079999999999915e-01,9.137520000000000087e-01,-1.063130000000000047e-01,4.292210000000000192e-01,-1.063130000000000047e-01,-9.223660000000000192e-01,-2.848249999999999948e-01,3.272140000000000049e-01,3.017130000000000090e-01,6.332339999999999636e-01,7.352410000000000334e-01,1.742049999999999987e-01,-1.355893000000000015e+00,1.742049999999999987e-01,1.232010000000000050e-01,8.882499999999999840e-01,8.627489999999999881e-01,-8.968639999999999946e-01,-6.418479999999999741e-01,6.332339999999999636e-01,1.347280000000000033e+00,6.077320000000000499e-01,-4.307000000000000065e-03,-4.888379999999999947e-01,5.057260000000000089e-01,-4.378349999999999742e-01,4.037189999999999945e-01,9.647550000000000292e-01,1.742049999999999987e-01,-1.891428000000000109e+00,7.097390000000000088e-01,-3.613299999999999845e-01,2.188833999999999946e+00,-8.081199999999999495e-02,-5.653430000000000399e-01,-8.968639999999999946e-01,3.527159999999999740e-01,7.219799999999999829e-02,6.077320000000000499e-01,9.647550000000000292e-01,1.997059999999999946e-01,-6.418479999999999741e-01,-2.980800000000000116e-02,-1.573170000000000124e-01,1.997059999999999946e-01,9.769999999999999518e-02,6.077320000000000499e-01,-4.378349999999999742e-01,4.037189999999999945e-01,2.507099999999999884e-01,1.487030000000000018e-01,-3.868309999999999804e-01,6.842369999999999841e-01,6.842369999999999841e-01,-3.103259999999999907e-01,-1.318149999999999877e-01,7.219799999999999829e-02,2.762109999999999843e-01,9.137520000000000087e-01,7.352410000000000334e-01,9.769999999999999518e-02,-4.378349999999999742e-01,-4.633360000000000256e-01,-4.888379999999999947e-01,-5.530999999999999805e-02,-1.049873999999999974e+00,1.194269999999999943e+00,1.525790999999999897e+00,3.272140000000000049e-01,-6.928509999999999946e-01,-5.653430000000000399e-01,9.137520000000000087e-01,5.312280000000000335e-01,2.762109999999999843e-01,1.232010000000000050e-01,7.097390000000000088e-01,4.292210000000000192e-01,-9.223660000000000192e-01,7.219799999999999829e-02,2.762109999999999843e-01,-1.828180000000000083e-01,5.057260000000000089e-01,2.119499999999999856e-02,-6.163459999999999495e-01,1.066761999999999988e+00,8.627489999999999881e-01,-1.024372000000000060e+00,3.527159999999999740e-01,6.842369999999999841e-01,-2.338210000000000011e-01,7.097390000000000088e-01,-7.693560000000000398e-01,4.802239999999999842e-01,3.782179999999999986e-01,3.527159999999999740e-01,1.997059999999999946e-01,1.997059999999999946e-01,6.332339999999999636e-01,1.232010000000000050e-01,-2.732981999999999800e+00,-9.478670000000000151e-01,1.372781000000000029e+00,9.392540000000000333e-01,9.647550000000000292e-01,7.097390000000000088e-01,6.077320000000000499e-01,-1.100877000000000105e+00,5.567290000000000294e-01,6.077320000000000499e-01,-1.318149999999999877e-01,-1.828180000000000083e-01,-4.307000000000000065e-03,2.252079999999999915e-01,-5.530999999999999805e-02,1.232010000000000050e-01,2.507099999999999884e-01,3.272140000000000049e-01,-1.828180000000000083e-01,-2.980800000000000116e-02,1.117764999999999898e+00,3.272140000000000049e-01,-2.732981999999999800e+00,7.352410000000000334e-01,6.077320000000000499e-01,1.092262999999999984e+00,1.602295999999999943e+00,4.547229999999999883e-01,-2.375958999999999932e+00,-4.633360000000000256e-01,2.507099999999999884e-01,5.057260000000000089e-01,4.037189999999999945e-01,6.077320000000000499e-01,5.567290000000000294e-01,3.527159999999999740e-01,3.272140000000000049e-01,-2.171946000000000154e+00,3.272140000000000049e-01,1.576794999999999947e+00,-4.888379999999999947e-01,8.372469999999999635e-01,1.487030000000000018e-01,2.762109999999999843e-01,-2.848249999999999948e-01,-1.318149999999999877e-01,-1.126379000000000019e+00,-5.143389999999999906e-01,6.332339999999999636e-01,8.372469999999999635e-01,4.292210000000000192e-01,3.017130000000000090e-01,5.567290000000000294e-01,-5.530999999999999805e-02,1.232010000000000050e-01,3.017130000000000090e-01,4.669600000000000140e-02,9.769999999999999518e-02,-1.126379000000000019e+00,1.041260000000000074e+00,9.769999999999999518e-02,-6.673489999999999700e-01,9.769999999999999518e-02,3.272140000000000049e-01,5.567290000000000294e-01,7.607420000000000293e-01,5.057260000000000089e-01,5.822310000000000541e-01,-2.338210000000000011e-01,3.527159999999999740e-01,2.762109999999999843e-01,-2.980800000000000116e-02,4.292210000000000192e-01,-1.573170000000000124e-01,-1.355893000000000015e+00,4.802239999999999842e-01,-4.888379999999999947e-01,1.194269999999999943e+00,9.392540000000000333e-01,1.232010000000000050e-01,-2.083200000000000052e-01,-1.049873999999999974e+00,8.117459999999999676e-01,-1.573170000000000124e-01,-9.478670000000000151e-01,1.270774999999999988e+00,9.392540000000000333e-01,1.742049999999999987e-01,9.769999999999999518e-02,9.647550000000000292e-01,-7.438540000000000152e-01,-1.355893000000000015e+00,1.194269999999999943e+00,4.292210000000000192e-01,-1.865925999999999974e+00,5.822310000000000541e-01,6.842369999999999841e-01,3.782179999999999986e-01,1.245273000000000074e+00,1.474787999999999988e+00,1.232010000000000050e-01,-7.438540000000000152e-01,-2.083200000000000052e-01,2.507099999999999884e-01,2.762109999999999843e-01,7.352410000000000334e-01,-6.418479999999999741e-01,-7.438540000000000152e-01,-3.358280000000000154e-01,5.822310000000000541e-01,6.077320000000000499e-01,7.862440000000000540e-01,-1.024372000000000060e+00,2.119499999999999856e-02,9.647550000000000292e-01,3.272140000000000049e-01,-7.948570000000000357e-01,-2.980800000000000116e-02,7.352410000000000334e-01,1.041260000000000074e+00,-5.143389999999999906e-01,7.219799999999999829e-02,8.627489999999999881e-01,-4.888379999999999947e-01,5.822310000000000541e-01,1.997059999999999946e-01,1.997059999999999946e-01,-7.183530000000000193e-01,-1.318149999999999877e-01,9.769999999999999518e-02,1.245273000000000074e+00,8.372469999999999635e-01,-8.968639999999999946e-01,4.292210000000000192e-01,8.627489999999999881e-01,6.077320000000000499e-01,-7.438540000000000152e-01,-1.063130000000000047e-01,2.119499999999999856e-02,3.272140000000000049e-01,-8.081199999999999495e-02,-8.081199999999999495e-02,2.507099999999999884e-01,1.066761999999999988e+00,-1.253886999999999974e+00,7.097390000000000088e-01,7.097390000000000088e-01,-3.358280000000000154e-01,1.449286000000000074e+00,5.312280000000000335e-01,9.769999999999999518e-02,-4.123330000000000051e-01,5.057260000000000089e-01,-1.993433999999999928e+00,5.312280000000000335e-01,1.270774999999999988e+00,-3.613299999999999845e-01,7.219799999999999829e-02,6.077320000000000499e-01,4.802239999999999842e-01,1.742049999999999987e-01,-3.868309999999999804e-01,5.822310000000000541e-01,4.802239999999999842e-01,-4.307000000000000065e-03,-4.378349999999999742e-01,-2.083200000000000052e-01,4.802239999999999842e-01,3.272140000000000049e-01,5.312280000000000335e-01,2.762109999999999843e-01,4.292210000000000192e-01,4.292210000000000192e-01,-2.593230000000000257e-01,-2.848249999999999948e-01,9.769999999999999518e-02,7.219799999999999829e-02,-2.848249999999999948e-01,-1.828180000000000083e-01,1.245273000000000074e+00,1.015759000000000079e+00,3.017130000000000090e-01,-1.253886999999999974e+00,-4.888379999999999947e-01,-1.063130000000000047e-01,5.822310000000000541e-01,8.372469999999999635e-01,8.117459999999999676e-01,4.292210000000000192e-01,-5.143389999999999906e-01,6.077320000000000499e-01,5.822310000000000541e-01,-1.063130000000000047e-01,2.119499999999999856e-02,-2.338210000000000011e-01,-1.573170000000000124e-01,-8.081199999999999495e-02,8.372469999999999635e-01,7.862440000000000540e-01,-2.980800000000000116e-02,-4.378349999999999742e-01,-1.508903000000000105e+00,-1.828180000000000083e-01,7.352410000000000334e-01,7.862440000000000540e-01,7.097390000000000088e-01,1.066761999999999988e+00,2.507099999999999884e-01,-5.908440000000000358e-01,-6.928509999999999946e-01,9.769999999999999518e-02,3.017130000000000090e-01,9.647550000000000292e-01,-7.438540000000000152e-01,9.392540000000000333e-01,-4.123330000000000051e-01,-9.988700000000000356e-01,-2.083200000000000052e-01,2.119499999999999856e-02,1.117764999999999898e+00,9.647550000000000292e-01,4.547229999999999883e-01,1.742049999999999987e-01,3.272140000000000049e-01,-3.613299999999999845e-01,1.232010000000000050e-01,-4.307000000000000065e-03,2.252079999999999915e-01,7.862440000000000540e-01,-1.573170000000000124e-01,-4.633360000000000256e-01,-2.593230000000000257e-01,1.742049999999999987e-01,-8.081199999999999495e-02,-1.304890000000000105e+00,-5.143389999999999906e-01,1.245273000000000074e+00,1.245273000000000074e+00,1.219772000000000078e+00,8.882499999999999840e-01,-9.988700000000000356e-01,-8.713619999999999699e-01,4.547229999999999883e-01,8.882499999999999840e-01,5.822310000000000541e-01,6.077320000000000499e-01,-4.307000000000000065e-03,-1.573170000000000124e-01,-3.868309999999999804e-01,-8.458609999999999740e-01,9.769999999999999518e-02,3.017130000000000090e-01,-1.828180000000000083e-01,1.232010000000000050e-01,3.782179999999999986e-01,2.762109999999999843e-01,1.143267000000000033e+00,-4.378349999999999742e-01,-2.338210000000000011e-01,-5.908440000000000358e-01,7.097390000000000088e-01,-8.081199999999999495e-02,5.312280000000000335e-01,4.292210000000000192e-01,9.137520000000000087e-01,5.312280000000000335e-01,-2.044436999999999838e+00,-5.653430000000000399e-01,1.997059999999999946e-01,7.862440000000000540e-01,5.057260000000000089e-01,1.487030000000000018e-01,3.272140000000000049e-01,4.547229999999999883e-01,-4.888379999999999947e-01,-2.593230000000000257e-01,5.057260000000000089e-01,2.252079999999999915e-01,-9.223660000000000192e-01,9.902570000000000539e-01,5.312280000000000335e-01,-2.848249999999999948e-01,-3.358280000000000154e-01,3.272140000000000049e-01,-2.980800000000000116e-02,7.862440000000000540e-01,4.037189999999999945e-01,3.782179999999999986e-01,3.017130000000000090e-01,6.587359999999999882e-01,-8.968639999999999946e-01,-3.103259999999999907e-01,7.607420000000000293e-01,4.037189999999999945e-01,-5.398410000000000153e-01,-1.942431000000000019e+00,1.194269999999999943e+00,1.092262999999999984e+00,5.057260000000000089e-01,1.296276999999999902e+00,-8.081199999999999495e-02,-6.673489999999999700e-01,1.742049999999999987e-01,3.527159999999999740e-01,1.997059999999999946e-01,-5.530999999999999805e-02,8.372469999999999635e-01,-3.103259999999999907e-01,7.219799999999999829e-02,-5.530999999999999805e-02,-4.378349999999999742e-01,-2.980800000000000116e-02,2.252079999999999915e-01,2.762109999999999843e-01,6.077320000000000499e-01,1.372781000000000029e+00,-3.613299999999999845e-01,2.252079999999999915e-01,-4.378349999999999742e-01,-6.163459999999999495e-01,4.547229999999999883e-01,5.057260000000000089e-01,5.057260000000000089e-01,1.487030000000000018e-01,-8.081199999999999495e-02,4.292210000000000192e-01,1.755306000000000033e+00,7.607420000000000293e-01,-1.279387999999999970e+00,-1.024372000000000060e+00,-5.908440000000000358e-01,1.487030000000000018e-01,-2.593230000000000257e-01,3.782179999999999986e-01,7.352410000000000334e-01,6.587359999999999882e-01,1.742049999999999987e-01,3.272140000000000049e-01,6.332339999999999636e-01,1.755306000000000033e+00,-4.888379999999999947e-01,-1.457899999999999974e+00,-1.610910000000000064e+00,3.527159999999999740e-01,-8.081199999999999495e-02,4.547229999999999883e-01,1.997059999999999946e-01,8.882499999999999840e-01,9.392540000000000333e-01,4.802239999999999842e-01,6.332339999999999636e-01,-5.143389999999999906e-01,-7.948570000000000357e-01,7.219799999999999829e-02,9.769999999999999518e-02,4.037189999999999945e-01,3.017130000000000090e-01,1.742049999999999987e-01,4.547229999999999883e-01,-3.358280000000000154e-01,-3.613299999999999845e-01,2.762109999999999843e-01,5.312280000000000335e-01,-5.398410000000000153e-01,-5.908440000000000358e-01,6.077320000000000499e-01,-1.828180000000000083e-01,1.117764999999999898e+00,4.669600000000000140e-02,1.270774999999999988e+00,9.137520000000000087e-01,-1.049873999999999974e+00,-1.100877000000000105e+00,-2.980800000000000116e-02,7.352410000000000334e-01,8.372469999999999635e-01,5.312280000000000335e-01,2.762109999999999843e-01,-5.530999999999999805e-02,-4.307000000000000065e-03,-2.338210000000000011e-01,3.017130000000000090e-01,9.769999999999999518e-02,-6.673489999999999700e-01,2.762109999999999843e-01,-5.530999999999999805e-02,-1.318149999999999877e-01,2.507099999999999884e-01,-1.573170000000000124e-01,6.077320000000000499e-01,9.902570000000000539e-01,-2.980800000000000116e-02,5.312280000000000335e-01,1.997059999999999946e-01,4.802239999999999842e-01,-3.868309999999999804e-01,-6.673489999999999700e-01,3.527159999999999740e-01,1.742049999999999987e-01,-5.530999999999999805e-02,1.232010000000000050e-01,-1.063130000000000047e-01,2.762109999999999843e-01,2.762109999999999843e-01,2.252079999999999915e-01,6.077320000000000499e-01,4.802239999999999842e-01,9.769999999999999518e-02,5.822310000000000541e-01,1.742049999999999987e-01,-1.828180000000000083e-01,-1.304890000000000105e+00,6.332339999999999636e-01,6.587359999999999882e-01,5.312280000000000335e-01,-3.613299999999999845e-01,-1.063130000000000047e-01,-7.438540000000000152e-01,1.997059999999999946e-01,4.547229999999999883e-01,1.487030000000000018e-01,-2.980800000000000116e-02,1.015759000000000079e+00,3.782179999999999986e-01,5.057260000000000089e-01,1.232010000000000050e-01,-8.081199999999999495e-02,5.312280000000000335e-01,-4.307000000000000065e-03,-1.828180000000000083e-01,-2.083200000000000052e-01,-1.828180000000000083e-01,9.392540000000000333e-01,4.547229999999999883e-01,5.057260000000000089e-01,-6.418479999999999741e-01,1.487030000000000018e-01,7.219799999999999829e-02,9.769999999999999518e-02,2.762109999999999843e-01,-1.828180000000000083e-01,-2.848249999999999948e-01,1.997059999999999946e-01,4.802239999999999842e-01,-1.063130000000000047e-01,4.292210000000000192e-01,1.041260000000000074e+00,1.882813999999999988e+00,-5.398410000000000153e-01,-1.330392000000000019e+00,5.057260000000000089e-01,1.232010000000000050e-01,-1.279387999999999970e+00,5.057260000000000089e-01,5.822310000000000541e-01,-8.081199999999999495e-02,5.057260000000000089e-01,5.567290000000000294e-01,1.232010000000000050e-01,-1.024372000000000060e+00,9.769999999999999518e-02,5.567290000000000294e-01,4.547229999999999883e-01,3.782179999999999986e-01,-2.338210000000000011e-01,8.882499999999999840e-01,-2.980800000000000116e-02,-1.828180000000000083e-01,3.017130000000000090e-01,7.862440000000000540e-01,3.527159999999999740e-01,-2.299453999999999887e+00,-1.828180000000000083e-01,1.041260000000000074e+00,-2.083200000000000052e-01,1.372781000000000029e+00,1.232010000000000050e-01,-1.573170000000000124e-01,5.567290000000000294e-01,6.587359999999999882e-01,5.312280000000000335e-01,-1.063130000000000047e-01,1.232010000000000050e-01,-8.203589999999999494e-01,-6.928509999999999946e-01,3.017130000000000090e-01,3.527159999999999740e-01,8.117459999999999676e-01,4.547229999999999883e-01,-2.083200000000000052e-01,4.292210000000000192e-01,1.347280000000000033e+00,-3.358280000000000154e-01,-7.183530000000000193e-01,4.669600000000000140e-02,7.097390000000000088e-01,5.822310000000000541e-01,7.607420000000000293e-01,-1.891428000000000109e+00,4.292210000000000192e-01,3.017130000000000090e-01,4.669600000000000140e-02,9.392540000000000333e-01,4.802239999999999842e-01,-7.183530000000000193e-01,2.119499999999999856e-02,7.352410000000000334e-01,9.392540000000000333e-01,2.119499999999999856e-02,-4.307000000000000065e-03,-5.530999999999999805e-02,-1.151880000000000015e+00,1.487030000000000018e-01,9.137520000000000087e-01,3.782179999999999986e-01,1.742049999999999987e-01,-1.100877000000000105e+00,1.474787999999999988e+00,1.194269999999999943e+00,-6.928509999999999946e-01,-8.713619999999999699e-01,-5.398410000000000153e-01,-3.868309999999999804e-01,7.219799999999999829e-02,9.137520000000000087e-01,5.822310000000000541e-01,-2.848249999999999948e-01,5.057260000000000089e-01,1.117764999999999898e+00,-2.848249999999999948e-01,3.017130000000000090e-01,-4.888379999999999947e-01,-4.307000000000000065e-03,-2.083200000000000052e-01,8.882499999999999840e-01,-4.123330000000000051e-01,1.487030000000000018e-01,5.567290000000000294e-01,4.802239999999999842e-01,1.742049999999999987e-01,-6.673489999999999700e-01,1.232010000000000050e-01,5.567290000000000294e-01,-1.828180000000000083e-01,3.527159999999999740e-01,-8.081199999999999495e-02,-2.980800000000000116e-02,7.097390000000000088e-01,-1.573170000000000124e-01,-1.063130000000000047e-01,1.487030000000000018e-01,2.119499999999999856e-02,-3.103259999999999907e-01,9.137520000000000087e-01,6.332339999999999636e-01,4.547229999999999883e-01,-1.828180000000000083e-01,7.862440000000000540e-01,9.137520000000000087e-01,-6.928509999999999946e-01,-4.123330000000000051e-01,-1.573170000000000124e-01,-6.163459999999999495e-01,3.272140000000000049e-01,7.219799999999999829e-02,3.272140000000000049e-01,6.587359999999999882e-01,-2.338210000000000011e-01,-8.968639999999999946e-01,3.527159999999999740e-01,6.077320000000000499e-01,7.607420000000000293e-01,6.587359999999999882e-01,5.312280000000000335e-01,-7.183530000000000193e-01,8.372469999999999635e-01,3.272140000000000049e-01,-1.712916000000000105e+00,3.017130000000000090e-01,-4.633360000000000256e-01,3.017130000000000090e-01,9.392540000000000333e-01,1.474787999999999988e+00,-1.318149999999999877e-01,-8.081199999999999495e-02,1.742049999999999987e-01,9.769999999999999518e-02,-2.980800000000000116e-02,-4.378349999999999742e-01,-3.358280000000000154e-01,-5.908440000000000358e-01,-1.318149999999999877e-01,7.862440000000000540e-01,5.057260000000000089e-01,-5.143389999999999906e-01,1.168768000000000029e+00,6.587359999999999882e-01,-8.968639999999999946e-01,-1.573170000000000124e-01,5.057260000000000089e-01,3.782179999999999986e-01,1.487030000000000018e-01,-3.613299999999999845e-01,1.066761999999999988e+00,9.902570000000000539e-01,-1.100877000000000105e+00,3.272140000000000049e-01,2.119499999999999856e-02,3.527159999999999740e-01,-1.318149999999999877e-01,-1.126379000000000019e+00,4.547229999999999883e-01,1.729803999999999897e+00,-4.307000000000000065e-03,-1.279387999999999970e+00,1.997059999999999946e-01,7.097390000000000088e-01,1.015759000000000079e+00,1.015759000000000079e+00,-1.687415000000000109e+00,2.119499999999999856e-02,5.567290000000000294e-01,9.137520000000000087e-01,3.017130000000000090e-01,-3.103259999999999907e-01,5.567290000000000294e-01,-2.083200000000000052e-01,-2.593230000000000257e-01,3.782179999999999986e-01,8.117459999999999676e-01,-2.083200000000000052e-01,5.057260000000000089e-01,-1.063130000000000047e-01,-1.100877000000000105e+00,-4.378349999999999742e-01,7.097390000000000088e-01,8.882499999999999840e-01,7.862440000000000540e-01,1.474787999999999988e+00,-4.378349999999999742e-01,-2.083200000000000052e-01,-1.202884000000000064e+00,6.842369999999999841e-01,1.423785000000000078e+00,5.312280000000000335e-01,-8.203589999999999494e-01,-4.633360000000000256e-01,-8.081199999999999495e-02,8.882499999999999840e-01,5.312280000000000335e-01,3.782179999999999986e-01,-3.103259999999999907e-01,-7.693560000000000398e-01,9.769999999999999518e-02,2.762109999999999843e-01,8.372469999999999635e-01,1.219772000000000078e+00,5.312280000000000335e-01,4.669600000000000140e-02,1.997059999999999946e-01,-1.738418000000000019e+00,-5.653430000000000399e-01,7.352410000000000334e-01,1.092262999999999984e+00,1.372781000000000029e+00,-1.024372000000000060e+00,-3.358280000000000154e-01,4.802239999999999842e-01,9.769999999999999518e-02,-1.534405000000000019e+00,1.653299000000000074e+00,1.092262999999999984e+00,-4.633360000000000256e-01,3.782179999999999986e-01,6.842369999999999841e-01,-6.418479999999999741e-01,-2.980800000000000116e-02,-1.763919000000000015e+00,5.822310000000000541e-01,6.842369999999999841e-01,2.762109999999999843e-01,1.270774999999999988e+00,-1.636411000000000060e+00,-3.868309999999999804e-01,8.882499999999999840e-01,1.066761999999999988e+00,-8.713619999999999699e-01,5.822310000000000541e-01,9.137520000000000087e-01,2.252079999999999915e-01,7.219799999999999829e-02,-2.338210000000000011e-01,-1.304890000000000105e+00,8.372469999999999635e-01,-1.318149999999999877e-01,6.077320000000000499e-01,7.097390000000000088e-01,-1.318149999999999877e-01,4.037189999999999945e-01,5.057260000000000089e-01,-4.123330000000000051e-01,1.232010000000000050e-01,-6.673489999999999700e-01,-1.814923000000000064e+00,1.704302999999999901e+00,1.500289999999999901e+00,5.057260000000000089e-01,-2.083200000000000052e-01,3.782179999999999986e-01,-1.063130000000000047e-01,-2.044436999999999838e+00,7.219799999999999829e-02,1.219772000000000078e+00,-1.318149999999999877e-01,-5.530999999999999805e-02,1.755306000000000033e+00,1.997059999999999946e-01,1.449286000000000074e+00,3.527159999999999740e-01,-2.477965000000000195e+00,1.487030000000000018e-01,-7.948570000000000357e-01,-1.828180000000000083e-01,7.352410000000000334e-01,1.245273000000000074e+00,3.017130000000000090e-01,-1.828180000000000083e-01,8.372469999999999635e-01,-3.103259999999999907e-01,-1.063130000000000047e-01,1.487030000000000018e-01,4.547229999999999883e-01,-8.081199999999999495e-02,-8.081199999999999495e-02,8.882499999999999840e-01,5.312280000000000335e-01,-1.559906000000000015e+00,-1.763919000000000015e+00,2.762109999999999843e-01,2.316342000000000123e+00,1.755306000000000033e+00,-9.733690000000000397e-01,-4.307000000000000065e-03,5.312280000000000335e-01,-8.081199999999999495e-02,9.769999999999999518e-02,3.272140000000000049e-01,-1.024372000000000060e+00,5.567290000000000294e-01,2.762109999999999843e-01,-5.530999999999999805e-02,7.219799999999999829e-02,3.527159999999999740e-01,-1.318149999999999877e-01,-1.573170000000000124e-01,1.398282999999999943e+00,9.392540000000000333e-01,-1.534405000000000019e+00,2.252079999999999915e-01,2.252079999999999915e-01,5.312280000000000335e-01,5.312280000000000335e-01,-3.868309999999999804e-01,-5.398410000000000153e-01,2.762109999999999843e-01,-7.183530000000000193e-01,4.547229999999999883e-01,9.902570000000000539e-01,-1.828180000000000083e-01,5.312280000000000335e-01,1.015759000000000079e+00,-4.888379999999999947e-01,-7.693560000000000398e-01,-1.318149999999999877e-01,-9.988700000000000356e-01,7.352410000000000334e-01,1.449286000000000074e+00,1.015759000000000079e+00,1.015759000000000079e+00,-4.888379999999999947e-01,-8.081199999999999495e-02,-1.151880000000000015e+00,2.119499999999999856e-02,2.252079999999999915e-01,6.587359999999999882e-01,4.802239999999999842e-01,1.487030000000000018e-01,2.119499999999999856e-02,1.232010000000000050e-01,4.547229999999999883e-01,3.017130000000000090e-01,-5.530999999999999805e-02,4.547229999999999883e-01,1.092262999999999984e+00,4.669600000000000140e-02,-1.177381999999999929e+00,-1.100877000000000105e+00,1.742049999999999987e-01,1.066761999999999988e+00,3.272140000000000049e-01,1.015759000000000079e+00,8.627489999999999881e-01,-7.948570000000000357e-01,1.347280000000000033e+00,2.507099999999999884e-01,-2.980800000000000116e-02,-5.908440000000000358e-01,-2.980800000000000116e-02,-1.228385000000000060e+00,-8.081199999999999495e-02,5.822310000000000541e-01,6.077320000000000499e-01,-1.126379000000000019e+00,-8.968639999999999946e-01,2.316342000000000123e+00,2.392847000000000168e+00,-8.713619999999999699e-01,1.015759000000000079e+00,6.332339999999999636e-01,-8.458609999999999740e-01,-1.891428000000000109e+00,1.232010000000000050e-01,8.882499999999999840e-01,1.997059999999999946e-01,-6.928509999999999946e-01,7.352410000000000334e-01,6.842369999999999841e-01,5.312280000000000335e-01,-6.673489999999999700e-01,1.449286000000000074e+00,-3.103259999999999907e-01,2.119499999999999856e-02,-4.633360000000000256e-01,2.507099999999999884e-01,2.252079999999999915e-01,4.037189999999999945e-01,-7.948570000000000357e-01,3.272140000000000049e-01,-8.081199999999999495e-02,8.627489999999999881e-01,9.902570000000000539e-01,4.669600000000000140e-02,-4.307000000000000065e-03,4.292210000000000192e-01,6.332339999999999636e-01,-1.789420999999999928e+00,-8.203589999999999494e-01,1.296276999999999902e+00,1.372781000000000029e+00,1.066761999999999988e+00,-1.063130000000000047e-01,-1.279387999999999970e+00,1.232010000000000050e-01,-2.044436999999999838e+00,1.487030000000000018e-01,2.622361000000000164e+00,9.392540000000000333e-01,-5.143389999999999906e-01,-1.100877000000000105e+00,-1.573170000000000124e-01,1.704302999999999901e+00,9.902570000000000539e-01,2.762109999999999843e-01,-5.398410000000000153e-01,1.487030000000000018e-01,-3.868309999999999804e-01,3.272140000000000049e-01,-2.069939000000000195e+00,-2.848249999999999948e-01,4.547229999999999883e-01,1.449286000000000074e+00,7.097390000000000088e-01,5.822310000000000541e-01,1.143267000000000033e+00,-8.968639999999999946e-01,-1.585407999999999928e+00,2.119499999999999856e-02,8.372469999999999635e-01,3.017130000000000090e-01,1.525790999999999897e+00,4.292210000000000192e-01,1.041260000000000074e+00,-1.049873999999999974e+00,-1.559906000000000015e+00,5.822310000000000541e-01,-9.478670000000000151e-01,-1.177381999999999929e+00,1.742049999999999987e-01,2.367344999999999811e+00,6.077320000000000499e-01,2.762109999999999843e-01,9.902570000000000539e-01,7.219799999999999829e-02,-1.789420999999999928e+00,1.602295999999999943e+00,-4.888379999999999947e-01,-4.123330000000000051e-01,1.704302999999999901e+00,-2.980800000000000116e-02,-1.151880000000000015e+00,6.332339999999999636e-01,1.908315999999999901e+00,2.119499999999999856e-02,7.097390000000000088e-01,-1.828180000000000083e-01,-3.804050000000000153e+00,-1.942431000000000019e+00,1.678800999999999988e+00,1.296276999999999902e+00,5.057260000000000089e-01,5.567290000000000294e-01,8.882499999999999840e-01,1.500289999999999901e+00,-5.908440000000000358e-01,-1.828180000000000083e-01,1.997059999999999946e-01,3.272140000000000049e-01,1.997059999999999946e-01,3.017130000000000090e-01,-1.828180000000000083e-01,-1.228385000000000060e+00,-7.183530000000000193e-01,1.755306000000000033e+00,1.500289999999999901e+00,-4.888379999999999947e-01,-9.988700000000000356e-01,7.607420000000000293e-01,9.137520000000000087e-01,5.312280000000000335e-01,-3.868309999999999804e-01,-1.381394999999999929e+00,-2.069939000000000195e+00,2.545856999999999815e+00,3.017130000000000090e-01,-8.081199999999999495e-02,6.077320000000000499e-01,-1.100877000000000105e+00,4.037189999999999945e-01,2.762109999999999843e-01,9.137520000000000087e-01,1.449286000000000074e+00,7.862440000000000540e-01,-2.222948999999999842e+00,-2.338210000000000011e-01,-2.338210000000000011e-01,7.219799999999999829e-02,2.163332000000000033e+00,3.272140000000000049e-01,-1.318149999999999877e-01,1.742049999999999987e-01,-8.081199999999999495e-02,1.232010000000000050e-01,3.017130000000000090e-01,-1.534405000000000019e+00,-1.279387999999999970e+00,3.782179999999999986e-01,7.862440000000000540e-01,1.755306000000000033e+00,8.117459999999999676e-01,7.097390000000000088e-01,2.252079999999999915e-01,7.219799999999999829e-02,-4.307000000000000065e-03,-4.633360000000000256e-01,-1.661912999999999974e+00,-4.123330000000000051e-01,1.245273000000000074e+00,7.352410000000000334e-01,-8.968639999999999946e-01,1.576794999999999947e+00,-5.530999999999999805e-02,-2.980800000000000116e-02,-1.828180000000000083e-01,3.017130000000000090e-01,4.292210000000000192e-01,-6.928509999999999946e-01,1.219772000000000078e+00,1.194269999999999943e+00,-2.980800000000000116e-02,-1.828180000000000083e-01,-8.458609999999999740e-01,2.252079999999999915e-01,8.117459999999999676e-01,-4.307000000000000065e-03,-1.330392000000000019e+00,-2.593230000000000257e-01,7.862440000000000540e-01,1.041260000000000074e+00,1.742049999999999987e-01,-8.203589999999999494e-01,8.117459999999999676e-01,4.669600000000000140e-02,-4.307000000000000065e-03,7.862440000000000540e-01
2.119499999999999856e-02,-4.307000000000000065e-03,1.232010000000000050e-01,2.252079999999999915e-01,3.272140000000000049e-01,1.997059999999999946e-01,9.769999999999999518e-02,1.997059999999999946e-01,1.997059999999999946e-01,1.997059999999999946e-01,1.742049999999999987e-01,2.252079999999999915e-01,1.232010000000000050e-01,1.487030000000000018e-01,3.272140000000000049e-01,4.669600000000000140e-02,-1.318149999999999877e-01,2.119499999999999856e-02,1.487030000000000018e-01,1.232010000000000050e-01,1.487030000000000018e-01,3.017130000000000090e-01,1.997059999999999946e-01,2.762109999999999843e-01,2.252079999999999915e-01,1.742049999999999987e-01,2.119499999999999856e-02,-5.530999999999999805e-02,2.119499999999999856e-02,2.252079999999999915e-01,3.017130000000000090e-01,7.219799999999999829e-02,1.997059999999999946e-01,4.292210000000000192e-01,4.802239999999999842e-01,2.507099999999999884e-01,-2.980800000000000116e-02,-4.633360000000000256e-01,-1.318149999999999877e-01,1.742049999999999987e-01,4.802239999999999842e-01,4.669600000000000140e-02,1.742049999999999987e-01,2.252079999999999915e-01,1.232010000000000050e-01,1.997059999999999946e-01,1.487030000000000018e-01,9.769999999999999518e-02,2.119499999999999856e-02,9.769999999999999518e-02,2.762109999999999843e-01,1.997059999999999946e-01,-1.318149999999999877e-01,-2.980800000000000116e-02,1.997059999999999946e-01,3.272140000000000049e-01,4.802239999999999842e-01,2.762109999999999843e-01,2.507099999999999884e-01,2.507099999999999884e-01,2.762109999999999843e-01,-8.081199999999999495e-02,-1.828180000000000083e-01,-5.530999999999999805e-02,1.487030000000000018e-01,1.742049999999999987e-01,1.742049999999999987e-01,4.669600000000000140e-02,4.669600000000000140e-02,9.769999999999999518e-02,2.507099999999999884e-01,2.507099999999999884e-01,4.037189999999999945e-01,3.782179999999999986e-01,3.017130000000000090e-01,3.272140000000000049e-01,-4.307000000000000065e-03,-1.318149999999999877e-01,1.487030000000000018e-01,2.762109999999999843e-01,2.119499999999999856e-02,-8.081199999999999495e-02,4.669600000000000140e-02,1.232010000000000050e-01,2.119499999999999856e-02,1.742049999999999987e-01,1.487030000000000018e-01,1.742049999999999987e-01,1.487030000000000018e-01,1.487030000000000018e-01,4.669600000000000140e-02,2.507099999999999884e-01,4.669600000000000140e-02,1.997059999999999946e-01,2.252079999999999915e-01,2.252079999999999915e-01,1.487030000000000018e-01,1.997059999999999946e-01,9.769999999999999518e-02,-4.307000000000000065e-03,9.769999999999999518e-02,-8.081199999999999495e-02,-5.530999999999999805e-02,1.487030000000000018e-01,2.762109999999999843e-01,2.507099999999999884e-01,3.017130000000000090e-01,2.507099999999999884e-01,1.232010000000000050e-01,7.219799999999999829e-02,7.219799999999999829e-02,1.487030000000000018e-01,2.762109999999999843e-01,2.507099999999999884e-01,3.017130000000000090e-01,-4.307000000000000065e-03,-1.828180000000000083e-01,-1.063130000000000047e-01,-8.081199999999999495e-02,-5.530999999999999805e-02,2.252079999999999915e-01,2.507099999999999884e-01,2.762109999999999843e-01,3.527159999999999740e-01,2.507099999999999884e-01,3.272140000000000049e-01,2.762109999999999843e-01,2.507099999999999884e-01,2.762109999999999843e-01,9.769999999999999518e-02,7.219799999999999829e-02,-8.081199999999999495e-02,-4.307000000000000065e-03,4.669600000000000140e-02,1.232010000000000050e-01,7.219799999999999829e-02,7.219799999999999829e-02,1.997059999999999946e-01,3.017130000000000090e-01,2.507099999999999884e-01,1.232010000000000050e-01,-5.530999999999999805e-02,1.997059999999999946e-01,3.272140000000000049e-01,3.527159999999999740e-01,3.017130000000000090e-01,1.487030000000000018e-01,4.669600000000000140e-02,2.119499999999999856e-02,2.119499999999999856e-02,-4.307000000000000065e-03,-4.307000000000000065e-03,-4.307000000000000065e-03,2.507099999999999884e-01,3.782179999999999986e-01,4.292210000000000192e-01,1.997059999999999946e-01,5.312280000000000335e-01,2.507099999999999884e-01,-1.828180000000000083e-01,-1.063130000000000047e-01,-2.338210000000000011e-01,-1.573170000000000124e-01,-5.530999999999999805e-02,9.769999999999999518e-02,2.762109999999999843e-01,7.097390000000000088e-01,3.782179999999999986e-01,2.762109999999999843e-01,-3.103259999999999907e-01,-4.307000000000000065e-03,1.232010000000000050e-01,-1.063130000000000047e-01,1.232010000000000050e-01,4.802239999999999842e-01,5.057260000000000089e-01,1.742049999999999987e-01,1.487030000000000018e-01,-8.081199999999999495e-02,-5.530999999999999805e-02,2.252079999999999915e-01,-2.980800000000000116e-02,7.219799999999999829e-02,-5.530999999999999805e-02,2.762109999999999843e-01,3.782179999999999986e-01,3.272140000000000049e-01,9.769999999999999518e-02,9.769999999999999518e-02,-1.318149999999999877e-01,-1.828180000000000083e-01,2.762109999999999843e-01,3.782179999999999986e-01,4.037189999999999945e-01,4.037189999999999945e-01,1.232010000000000050e-01,-3.358280000000000154e-01,-3.613299999999999845e-01,4.292210000000000192e-01,9.769999999999999518e-02,-3.103259999999999907e-01,3.017130000000000090e-01,9.392540000000000333e-01,6.332339999999999636e-01,3.782179999999999986e-01,2.252079999999999915e-01,-2.338210000000000011e-01,-1.828180000000000083e-01,1.487030000000000018e-01,-4.888379999999999947e-01,3.782179999999999986e-01,1.997059999999999946e-01,-6.418479999999999741e-01,3.527159999999999740e-01,1.066761999999999988e+00,1.232010000000000050e-01,-2.338210000000000011e-01,1.997059999999999946e-01,6.077320000000000499e-01,7.607420000000000293e-01,1.474787999999999988e+00,-1.330392000000000019e+00,-3.103259999999999907e-01,3.527159999999999740e-01,6.077320000000000499e-01,-2.980800000000000116e-02,1.232010000000000050e-01,-2.338210000000000011e-01,-2.848249999999999948e-01,1.487030000000000018e-01,4.802239999999999842e-01,1.232010000000000050e-01,-2.083200000000000052e-01,-2.848249999999999948e-01,8.627489999999999881e-01,8.117459999999999676e-01,1.232010000000000050e-01,-7.693560000000000398e-01,9.137520000000000087e-01,4.669600000000000140e-02,2.119499999999999856e-02,2.507099999999999884e-01,2.252079999999999915e-01,-2.083200000000000052e-01,6.077320000000000499e-01,-4.888379999999999947e-01,5.567290000000000294e-01,1.321777999999999897e+00,-7.183530000000000193e-01,-3.103259999999999907e-01,1.398282999999999943e+00,-1.661912999999999974e+00,-1.508903000000000105e+00,-4.633360000000000256e-01,1.525790999999999897e+00,2.316342000000000123e+00,3.017130000000000090e-01,-6.418479999999999741e-01,-4.123330000000000051e-01,2.507099999999999884e-01,1.092262999999999984e+00,2.119499999999999856e-02,1.997059999999999946e-01,-9.733690000000000397e-01,-8.081199999999999495e-02,3.527159999999999740e-01,1.270774999999999988e+00,1.066761999999999988e+00,-3.090003999999999973e+00,-1.075374999999999970e+00,9.902570000000000539e-01,1.321777999999999897e+00,9.647550000000000292e-01,-5.653430000000000399e-01,1.245273000000000074e+00,-1.063130000000000047e-01,1.168768000000000029e+00,2.252079999999999915e-01,-8.713619999999999699e-01,-1.304890000000000105e+00,-5.530999999999999805e-02,-5.653430000000000399e-01,1.219772000000000078e+00,2.214335000000000164e+00,2.119499999999999856e-02,8.882499999999999840e-01,8.372469999999999635e-01,2.119499999999999856e-02,-1.610910000000000064e+00,-2.044436999999999838e+00,2.252079999999999915e-01,1.168768000000000029e+00,1.347280000000000033e+00,-1.024372000000000060e+00,-1.942431000000000019e+00,1.066761999999999988e+00,1.780807999999999947e+00,6.587359999999999882e-01,-3.103259999999999907e-01,3.527159999999999740e-01,4.292210000000000192e-01,5.567290000000000294e-01,-2.338210000000000011e-01,1.232010000000000050e-01,2.252079999999999915e-01,3.017130000000000090e-01,-4.307000000000000065e-03,8.117459999999999676e-01,1.742049999999999987e-01,-1.661912999999999974e+00,-2.171946000000000154e+00,5.822310000000000541e-01,1.296276999999999902e+00,6.077320000000000499e-01,5.312280000000000335e-01,2.119499999999999856e-02,1.232010000000000050e-01,7.352410000000000334e-01,1.245273000000000074e+00,-5.530999999999999805e-02,8.372469999999999635e-01,-1.789420999999999928e+00,-1.457899999999999974e+00,1.908315999999999901e+00,1.168768000000000029e+00,-1.355893000000000015e+00,-1.687415000000000109e+00,-5.530999999999999805e-02,1.117764999999999898e+00,7.352410000000000334e-01,7.607420000000000293e-01,1.398282999999999943e+00,1.742049999999999987e-01,-4.123330000000000051e-01,1.296276999999999902e+00,3.782179999999999986e-01,-1.457899999999999974e+00,-5.908440000000000358e-01,-1.049873999999999974e+00,1.372781000000000029e+00,2.119499999999999856e-02,-1.330392000000000019e+00,7.607420000000000293e-01,2.392847000000000168e+00,1.041260000000000074e+00,-7.948570000000000357e-01,-1.828180000000000083e-01,5.312280000000000335e-01,1.232010000000000050e-01,-6.418479999999999741e-01,8.882499999999999840e-01,7.219799999999999829e-02,-4.888379999999999947e-01,-1.573170000000000124e-01,1.449286000000000074e+00,2.507099999999999884e-01,-2.338210000000000011e-01,-6.418479999999999741e-01,-6.673489999999999700e-01,-4.307000000000000065e-03,5.057260000000000089e-01,5.057260000000000089e-01,6.332339999999999636e-01,-4.123330000000000051e-01,1.219772000000000078e+00,8.627489999999999881e-01,-7.948570000000000357e-01,-1.406897000000000064e+00,1.232010000000000050e-01,1.474787999999999988e+00,1.755306000000000033e+00,3.017130000000000090e-01,-1.610910000000000064e+00,-1.063130000000000047e-01,2.392847000000000168e+00,-1.024372000000000060e+00,-2.222948999999999842e+00,-2.593230000000000257e-01,8.882499999999999840e-01,1.602295999999999943e+00,7.097390000000000088e-01,-9.733690000000000397e-01,-8.081199999999999495e-02,8.882499999999999840e-01,1.347280000000000033e+00,-1.828180000000000083e-01,-1.151880000000000015e+00,1.232010000000000050e-01,-4.888379999999999947e-01,4.802239999999999842e-01,5.822310000000000541e-01,-1.318149999999999877e-01,3.272140000000000049e-01,1.168768000000000029e+00,2.762109999999999843e-01,2.252079999999999915e-01,-1.049873999999999974e+00,-4.307000000000000065e-03,2.507099999999999884e-01,7.219799999999999829e-02,5.057260000000000089e-01,-2.083200000000000052e-01,9.902570000000000539e-01,4.802239999999999842e-01,2.762109999999999843e-01,-1.063130000000000047e-01,-3.103259999999999907e-01,-4.123330000000000051e-01,6.332339999999999636e-01,4.292210000000000192e-01,-1.942431000000000019e+00,-7.438540000000000152e-01,4.547229999999999883e-01,-6.163459999999999495e-01,1.678800999999999988e+00,1.296276999999999902e+00,1.933816999999999897e+00,2.290840000000000209e+00,-2.783984999999999932e+00,-1.202884000000000064e+00,-2.848249999999999948e-01,4.802239999999999842e-01,7.352410000000000334e-01,6.587359999999999882e-01,-2.083200000000000052e-01,1.525790999999999897e+00,3.272140000000000049e-01,-1.738418000000000019e+00,-6.163459999999999495e-01,2.252079999999999915e-01,6.077320000000000499e-01,-1.063130000000000047e-01,3.782179999999999986e-01,7.352410000000000334e-01,3.017130000000000090e-01,7.097390000000000088e-01,4.669600000000000140e-02,-1.828180000000000083e-01,-4.307000000000000065e-03,-4.378349999999999742e-01,5.312280000000000335e-01,-2.338210000000000011e-01,-3.613299999999999845e-01,5.822310000000000541e-01,1.576794999999999947e+00,2.507099999999999884e-01,-2.758483000000000018e+00,9.902570000000000539e-01,1.219772000000000078e+00,1.270774999999999988e+00,-4.307000000000000065e-03,-1.202884000000000064e+00,-1.483402000000000109e+00,1.780807999999999947e+00,1.653299000000000074e+00,-2.095441000000000109e+00,-6.163459999999999495e-01,1.066761999999999988e+00,9.769999999999999518e-02,1.232010000000000050e-01,8.627489999999999881e-01,6.077320000000000499e-01,-8.968639999999999946e-01,2.762109999999999843e-01,5.822310000000000541e-01,3.272140000000000049e-01,5.312280000000000335e-01,2.252079999999999915e-01,-2.848249999999999948e-01,2.762109999999999843e-01,-4.378349999999999742e-01,-2.593230000000000257e-01,2.252079999999999915e-01,-5.143389999999999906e-01,5.822310000000000541e-01,-2.083200000000000052e-01,-2.848249999999999948e-01,1.347280000000000033e+00,-1.253886999999999974e+00,2.762109999999999843e-01,2.316342000000000123e+00,-8.081199999999999495e-02,2.119499999999999856e-02,-1.318149999999999877e-01,1.997059999999999946e-01,1.347280000000000033e+00,1.997059999999999946e-01,-1.508903000000000105e+00,-9.733690000000000397e-01,-4.307000000000000065e-03,9.647550000000000292e-01,1.576794999999999947e+00,-2.783984999999999932e+00,-1.661912999999999974e+00,1.653299000000000074e+00,1.117764999999999898e+00,1.347280000000000033e+00,9.647550000000000292e-01,5.057260000000000089e-01,5.312280000000000335e-01,7.219799999999999829e-02,-8.081199999999999495e-02,-2.338210000000000011e-01,-1.828180000000000083e-01,-8.081199999999999495e-02,-4.123330000000000051e-01,-3.358280000000000154e-01,3.272140000000000049e-01,4.547229999999999883e-01,-2.593230000000000257e-01,-2.980800000000000116e-02,6.077320000000000499e-01,9.769999999999999518e-02,4.802239999999999842e-01,6.587359999999999882e-01,1.041260000000000074e+00,-2.044436999999999838e+00,9.647550000000000292e-01,1.831811000000000078e+00,-2.083200000000000052e-01,-2.980800000000000116e-02,5.822310000000000541e-01,-2.338210000000000011e-01,-4.888379999999999947e-01,-1.075374999999999970e+00,-3.868309999999999804e-01,2.119499999999999856e-02,7.352410000000000334e-01,1.831811000000000078e+00,4.802239999999999842e-01,-3.345021000000000022e+00,1.742049999999999987e-01,4.292210000000000192e-01,2.188833999999999946e+00,2.596859999999999946e+00,-1.253886999999999974e+00,-1.177381999999999929e+00,-2.083200000000000052e-01,1.143267000000000033e+00,5.567290000000000294e-01,7.862440000000000540e-01,-1.573170000000000124e-01,-2.338210000000000011e-01,-1.573170000000000124e-01,-1.573170000000000124e-01,-4.888379999999999947e-01,-1.279387999999999970e+00,-1.318149999999999877e-01,1.015759000000000079e+00,4.292210000000000192e-01,1.066761999999999988e+00,-4.123330000000000051e-01,-8.458609999999999740e-01,1.602295999999999943e+00,1.117764999999999898e+00,-7.438540000000000152e-01,4.669600000000000140e-02,5.057260000000000089e-01,-1.573170000000000124e-01,-8.081199999999999495e-02,8.372469999999999635e-01,-8.458609999999999740e-01,-1.049873999999999974e+00,1.143267000000000033e+00,1.270774999999999988e+00,1.487030000000000018e-01,-1.202884000000000064e+00,-4.888379999999999947e-01,-9.988700000000000356e-01,1.423785000000000078e+00,8.372469999999999635e-01,-1.457899999999999974e+00,7.607420000000000293e-01,1.729803999999999897e+00,1.270774999999999988e+00,-1.075374999999999970e+00,2.252079999999999915e-01,5.312280000000000335e-01,4.802239999999999842e-01,5.057260000000000089e-01,-7.183530000000000193e-01,2.252079999999999915e-01,4.669600000000000140e-02,-4.123330000000000051e-01,-4.307000000000000065e-03,1.232010000000000050e-01,3.017130000000000090e-01,1.232010000000000050e-01,1.742049999999999987e-01,-4.378349999999999742e-01,7.219799999999999829e-02,5.312280000000000335e-01,2.252079999999999915e-01,-2.593230000000000257e-01,7.219799999999999829e-02,9.392540000000000333e-01,7.607420000000000293e-01,-1.024372000000000060e+00,7.219799999999999829e-02,6.842369999999999841e-01,1.755306000000000033e+00,4.037189999999999945e-01,-1.279387999999999970e+00,2.507099999999999884e-01,7.607420000000000293e-01,2.119499999999999856e-02,7.607420000000000293e-01,3.272140000000000049e-01,-1.712916000000000105e+00,-5.398410000000000153e-01,-1.318149999999999877e-01,-1.318149999999999877e-01,1.423785000000000078e+00,3.272140000000000049e-01,3.017130000000000090e-01,1.882813999999999988e+00,-9.478670000000000151e-01,1.487030000000000018e-01,2.507099999999999884e-01,-6.418479999999999741e-01,1.487030000000000018e-01,7.219799999999999829e-02,5.312280000000000335e-01,-4.633360000000000256e-01,4.547229999999999883e-01,7.607420000000000293e-01,7.607420000000000293e-01,-2.980800000000000116e-02,-3.613299999999999845e-01,-2.083200000000000052e-01,-7.183530000000000193e-01,3.272140000000000049e-01,-7.438540000000000152e-01,6.842369999999999841e-01,1.551293000000000033e+00,1.780807999999999947e+00,-3.115505999999999887e+00,-2.834988000000000063e+00,4.669600000000000140e-02,1.092262999999999984e+00,2.800873000000000168e+00,9.137520000000000087e-01,-2.980800000000000116e-02,5.057260000000000089e-01,1.143267000000000033e+00,2.252079999999999915e-01,-1.228385000000000060e+00,-1.253886999999999974e+00,-2.083200000000000052e-01,-4.888379999999999947e-01,-4.633360000000000256e-01,-1.063130000000000047e-01,-3.613299999999999845e-01,7.607420000000000293e-01,3.527159999999999740e-01,1.066761999999999988e+00,2.507099999999999884e-01,6.587359999999999882e-01,6.842369999999999841e-01,2.252079999999999915e-01,-3.358280000000000154e-01,2.119499999999999856e-02,-3.358280000000000154e-01,-1.063130000000000047e-01,6.587359999999999882e-01,6.587359999999999882e-01,-4.888379999999999947e-01,-3.103259999999999907e-01,-8.081199999999999495e-02,2.507099999999999884e-01,3.272140000000000049e-01,-8.081199999999999495e-02,8.627489999999999881e-01,2.507099999999999884e-01,-2.593230000000000257e-01,-6.163459999999999495e-01,2.507099999999999884e-01,-8.713619999999999699e-01,2.252079999999999915e-01,1.245273000000000074e+00,2.596859999999999946e+00,1.296276999999999902e+00,5.312280000000000335e-01,9.769999999999999518e-02,-5.653430000000000399e-01,-3.345021000000000022e+00,-2.593230000000000257e-01,2.035823999999999856e+00,1.066761999999999988e+00,-1.559906000000000015e+00,-2.593230000000000257e-01,3.017130000000000090e-01,8.117459999999999676e-01,1.755306000000000033e+00,1.066761999999999988e+00,-1.253886999999999974e+00,-3.613299999999999845e-01,1.232010000000000050e-01,5.312280000000000335e-01,5.822310000000000541e-01,-1.024372000000000060e+00,9.769999999999999518e-02,7.352410000000000334e-01,2.252079999999999915e-01,-4.123330000000000051e-01,1.232010000000000050e-01,4.037189999999999945e-01,1.398282999999999943e+00,-8.713619999999999699e-01,-2.758483000000000018e+00,6.077320000000000499e-01,1.041260000000000074e+00,1.015759000000000079e+00,4.547229999999999883e-01,9.769999999999999518e-02,5.057260000000000089e-01,2.252079999999999915e-01,3.272140000000000049e-01,-4.633360000000000256e-01,-1.967932999999999932e+00,1.857312000000000074e+00,7.862440000000000540e-01,9.647550000000000292e-01,-4.888379999999999947e-01,-2.324955000000000105e+00,1.041260000000000074e+00,1.194269999999999943e+00,-1.318149999999999877e-01,-2.848249999999999948e-01,1.245273000000000074e+00,4.292210000000000192e-01,-1.457899999999999974e+00,6.842369999999999841e-01,-1.828180000000000083e-01,4.547229999999999883e-01,7.097390000000000088e-01,8.882499999999999840e-01,9.769999999999999518e-02,-1.151880000000000015e+00,-3.358280000000000154e-01,5.057260000000000089e-01,-1.573170000000000124e-01,-8.081199999999999495e-02,9.647550000000000292e-01,1.296276999999999902e+00,-5.530999999999999805e-02,-2.083200000000000052e-01,-7.693560000000000398e-01,5.567290000000000294e-01,8.882499999999999840e-01,8.882499999999999840e-01,-2.338210000000000011e-01,-1.789420999999999928e+00,1.678800999999999988e+00,2.188833999999999946e+00,-2.936995000000000022e+00,-5.653430000000000399e-01,1.831811000000000078e+00,1.168768000000000029e+00,-5.398410000000000153e-01,7.607420000000000293e-01,-6.928509999999999946e-01,-3.868309999999999804e-01,6.077320000000000499e-01,-4.123330000000000051e-01,-1.228385000000000060e+00,1.168768000000000029e+00,1.270774999999999988e+00,2.252079999999999915e-01,6.077320000000000499e-01,1.742049999999999987e-01,-6.673489999999999700e-01,6.332339999999999636e-01,-1.075374999999999970e+00,-1.636411000000000060e+00,1.270774999999999988e+00,1.194269999999999943e+00,9.137520000000000087e-01,1.015759000000000079e+00,-3.358280000000000154e-01,-2.593230000000000257e-01,4.037189999999999945e-01,-8.203589999999999494e-01,5.312280000000000335e-01,1.857312000000000074e+00,1.296276999999999902e+00,-5.665669000000000288e+00,-1.304890000000000105e+00,1.933816999999999897e+00,3.208899000000000168e+00,-1.534405000000000019e+00,2.119499999999999856e-02,1.270774999999999988e+00,9.902570000000000539e-01,9.392540000000000333e-01,-1.828180000000000083e-01,-9.478670000000000151e-01,7.352410000000000334e-01,-4.633360000000000256e-01,-4.307000000000000065e-03,-2.338210000000000011e-01,-9.223660000000000192e-01,1.015759000000000079e+00,1.742049999999999987e-01,-7.183530000000000193e-01,2.035823999999999856e+00,9.647550000000000292e-01,-3.957059999999999800e+00,1.232010000000000050e-01,1.551293000000000033e+00,1.576794999999999947e+00,9.902570000000000539e-01,-7.183530000000000193e-01,-2.338210000000000011e-01,3.782179999999999986e-01,1.092262999999999984e+00,7.862440000000000540e-01,-6.673489999999999700e-01,-3.358280000000000154e-01,1.997059999999999946e-01,-4.123330000000000051e-01,-9.223660000000000192e-01,4.037189999999999945e-01,5.057260000000000089e-01,9.392540000000000333e-01,6.587359999999999882e-01,-1.738418000000000019e+00,4.802239999999999842e-01,4.292210000000000192e-01,-8.458609999999999740e-01,-5.908440000000000358e-01,4.802239999999999842e-01,1.933816999999999897e+00,9.769999999999999518e-02,1.041260000000000074e+00,1.704302999999999901e+00,-3.613299999999999845e-01,-1.330392000000000019e+00,-2.980800000000000116e-02,5.057260000000000089e-01,-4.008062999999999931e+00,5.312280000000000335e-01,8.627489999999999881e-01,1.143267000000000033e+00,1.398282999999999943e+00,3.272140000000000049e-01,1.997059999999999946e-01,-1.318149999999999877e-01,7.097390000000000088e-01,-5.143389999999999906e-01,1.997059999999999946e-01,4.547229999999999883e-01,-8.081199999999999495e-02,4.037189999999999945e-01,1.742049999999999987e-01,-1.049873999999999974e+00,4.547229999999999883e-01,7.219799999999999829e-02,-1.318149999999999877e-01,4.037189999999999945e-01,2.762109999999999843e-01,1.245273000000000074e+00,-5.143389999999999906e-01,-1.063130000000000047e-01,3.017130000000000090e-01,-8.081199999999999495e-02,1.474787999999999988e+00,3.782179999999999986e-01,-7.438540000000000152e-01,-1.049873999999999974e+00,1.194269999999999943e+00,1.168768000000000029e+00,-1.318149999999999877e-01,-5.143389999999999906e-01,2.507099999999999884e-01,-1.406897000000000064e+00,1.487030000000000018e-01,9.647550000000000292e-01,1.500289999999999901e+00,-9.223660000000000192e-01,-1.457899999999999974e+00,4.547229999999999883e-01,1.653299000000000074e+00,7.607420000000000293e-01,-5.530999999999999805e-02,9.137520000000000087e-01,-3.358280000000000154e-01,1.015759000000000079e+00,4.292210000000000192e-01,-4.307000000000000065e-03,-2.338210000000000011e-01,-4.888379999999999947e-01,-3.868309999999999804e-01,-2.338210000000000011e-01,7.219799999999999829e-02,2.252079999999999915e-01,5.057260000000000089e-01,-8.081199999999999495e-02,1.487030000000000018e-01,-2.848249999999999948e-01,3.272140000000000049e-01,5.312280000000000335e-01,8.117459999999999676e-01,-7.948570000000000357e-01,7.097390000000000088e-01,-9.988700000000000356e-01,-3.103259999999999907e-01,1.602295999999999943e+00,9.137520000000000087e-01,1.500289999999999901e+00,7.097390000000000088e-01,-2.146443999999999797e+00,-5.530999999999999805e-02,-2.848249999999999948e-01,7.219799999999999829e-02,7.219799999999999829e-02,6.332339999999999636e-01,7.352410000000000334e-01,-1.253886999999999974e+00,6.587359999999999882e-01,-1.318149999999999877e-01,1.347280000000000033e+00,9.647550000000000292e-01,-2.848249999999999948e-01,3.272140000000000049e-01,4.037189999999999945e-01,4.669600000000000140e-02,2.252079999999999915e-01,-1.063130000000000047e-01,3.782179999999999986e-01,-1.075374999999999970e+00,-2.980800000000000116e-02,1.232010000000000050e-01,6.332339999999999636e-01,3.527159999999999740e-01,7.219799999999999829e-02,4.802239999999999842e-01,-5.143389999999999906e-01,1.487030000000000018e-01,2.724368000000000123e+00,-7.438540000000000152e-01,-2.044436999999999838e+00,-6.163459999999999495e-01,3.017130000000000090e-01,2.418347999999999942e+00,7.607420000000000293e-01,-3.013500000000000068e+00,-2.083200000000000052e-01,1.500289999999999901e+00,1.755306000000000033e+00,-8.081199999999999495e-02,-2.980800000000000116e-02,-3.868309999999999804e-01,5.822310000000000541e-01,1.997059999999999946e-01,-1.063130000000000047e-01,-1.126379000000000019e+00,-1.891428000000000109e+00,4.547229999999999883e-01,9.902570000000000539e-01,1.041260000000000074e+00,-8.081199999999999495e-02,6.842369999999999841e-01,7.352410000000000334e-01,5.822310000000000541e-01,2.507099999999999884e-01,4.037189999999999945e-01,5.822310000000000541e-01,-1.814923000000000064e+00,-1.304890000000000105e+00,6.077320000000000499e-01,3.272140000000000049e-01,7.607420000000000293e-01,7.607420000000000293e-01,1.296276999999999902e+00,-7.438540000000000152e-01,-1.049873999999999974e+00,9.137520000000000087e-01,1.117764999999999898e+00,6.842369999999999841e-01,-7.183530000000000193e-01,-3.613299999999999845e-01,-5.908440000000000358e-01,9.392540000000000333e-01,8.882499999999999840e-01,6.077320000000000499e-01,-7.693560000000000398e-01,-8.081199999999999495e-02,5.312280000000000335e-01,7.352410000000000334e-01,-6.418479999999999741e-01,-4.123330000000000051e-01,2.119499999999999856e-02,3.782179999999999986e-01,2.252079999999999915e-01,4.802239999999999842e-01,-1.318149999999999877e-01,-2.083200000000000052e-01,-2.083200000000000052e-01,6.077320000000000499e-01,-1.063130000000000047e-01,5.312280000000000335e-01,1.780807999999999947e+00,-8.203589999999999494e-01,-1.126379000000000019e+00,8.372469999999999635e-01,1.041260000000000074e+00,7.352410000000000334e-01,-2.980800000000000116e-02,-1.318149999999999877e-01,4.669600000000000140e-02,1.997059999999999946e-01,1.232010000000000050e-01,1.742049999999999987e-01,-2.848249999999999948e-01,-1.318149999999999877e-01,2.762109999999999843e-01,5.057260000000000089e-01,1.066761999999999988e+00,-1.712916000000000105e+00,-2.834988000000000063e+00,1.449286000000000074e+00,2.265338999999999992e+00,-6.928509999999999946e-01,1.742049999999999987e-01,1.321777999999999897e+00,-2.980800000000000116e-02,1.321777999999999897e+00,1.729803999999999897e+00,3.782179999999999986e-01,-2.146443999999999797e+00,-3.358280000000000154e-01,-7.438540000000000152e-01,4.547229999999999883e-01,8.882499999999999840e-01,-3.613299999999999845e-01,7.219799999999999829e-02,4.669600000000000140e-02,-1.828180000000000083e-01,4.037189999999999945e-01,3.017130000000000090e-01,1.997059999999999946e-01,7.097390000000000088e-01,1.997059999999999946e-01,3.017130000000000090e-01,1.015759000000000079e+00,6.587359999999999882e-01,-2.324955000000000105e+00,-4.307000000000000065e-03,9.769999999999999518e-02,-1.559906000000000015e+00,1.653299000000000074e+00,1.704302999999999901e+00,1.168768000000000029e+00,-1.738418000000000019e+00,-6.163459999999999495e-01,1.755306000000000033e+00,-4.378349999999999742e-01,-2.338210000000000011e-01,5.312280000000000335e-01,-7.183530000000000193e-01,1.347280000000000033e+00,-8.081199999999999495e-02,1.245273000000000074e+00,3.017130000000000090e-01,-1.712916000000000105e+00,-2.980800000000000116e-02,5.312280000000000335e-01,5.822310000000000541e-01,-5.530999999999999805e-02,-3.358280000000000154e-01,5.822310000000000541e-01,6.587359999999999882e-01,7.097390000000000088e-01,5.057260000000000089e-01,1.742049999999999987e-01,-7.948570000000000357e-01,4.547229999999999883e-01,1.066761999999999988e+00,-9.478670000000000151e-01,1.997059999999999946e-01,4.669600000000000140e-02,-4.307000000000000065e-03,3.272140000000000049e-01,6.332339999999999636e-01,6.587359999999999882e-01,-1.828180000000000083e-01,-6.418479999999999741e-01,-4.307000000000000065e-03,3.272140000000000049e-01,-7.948570000000000357e-01,5.567290000000000294e-01,-2.338210000000000011e-01,-1.318149999999999877e-01,1.219772000000000078e+00,2.252079999999999915e-01,-2.593230000000000257e-01,6.077320000000000499e-01,9.392540000000000333e-01,7.219799999999999829e-02,-2.980800000000000116e-02,-3.613299999999999845e-01,-7.183530000000000193e-01,4.802239999999999842e-01,8.372469999999999635e-01,2.507099999999999884e-01,3.272140000000000049e-01,-8.713619999999999699e-01,7.607420000000000293e-01,4.037189999999999945e-01,-3.358280000000000154e-01,-3.868309999999999804e-01,-1.573170000000000124e-01,6.077320000000000499e-01,9.392540000000000333e-01,8.882499999999999840e-01,-2.593230000000000257e-01,1.997059999999999946e-01,4.802239999999999842e-01,-1.828180000000000083e-01,-6.673489999999999700e-01,8.372469999999999635e-01,6.077320000000000499e-01,-1.304890000000000105e+00,3.272140000000000049e-01,-1.318149999999999877e-01,-8.081199999999999495e-02,1.015759000000000079e+00,1.194269999999999943e+00,-1.916929000000000105e+00,1.041260000000000074e+00,-1.828180000000000083e-01,5.312280000000000335e-01,7.352410000000000334e-01,6.332339999999999636e-01,4.547229999999999883e-01,3.272140000000000049e-01,-1.828180000000000083e-01,-6.163459999999999495e-01,-1.063130000000000047e-01,4.037189999999999945e-01,4.669600000000000140e-02,-8.203589999999999494e-01,1.487030000000000018e-01,1.066761999999999988e+00,-7.183530000000000193e-01,-5.653430000000000399e-01,-9.478670000000000151e-01,7.097390000000000088e-01,1.423785000000000078e+00,1.321777999999999897e+00,-1.381394999999999929e+00,6.587359999999999882e-01,6.332339999999999636e-01,-5.653430000000000399e-01,1.487030000000000018e-01,1.168768000000000029e+00,3.782179999999999986e-01,-1.508903000000000105e+00,4.292210000000000192e-01,-2.848249999999999948e-01,2.507099999999999884e-01,3.017130000000000090e-01,3.272140000000000049e-01,4.292210000000000192e-01,-8.081199999999999495e-02,2.119499999999999856e-02,5.822310000000000541e-01,4.547229999999999883e-01,-5.908440000000000358e-01,-2.083200000000000052e-01,4.802239999999999842e-01,1.602295999999999943e+00,-1.636411000000000060e+00,-1.559906000000000015e+00,1.780807999999999947e+00,1.347280000000000033e+00,6.332339999999999636e-01,2.507099999999999884e-01,-8.081199999999999495e-02,-2.083200000000000052e-01,-2.018936000000000064e+00,3.272140000000000049e-01,7.352410000000000334e-01,8.882499999999999840e-01,1.219772000000000078e+00,3.272140000000000049e-01,-4.888379999999999947e-01,-3.358280000000000154e-01,4.802239999999999842e-01,9.392540000000000333e-01,-2.980800000000000116e-02,7.219799999999999829e-02,7.862440000000000540e-01,-1.228385000000000060e+00,-9.478670000000000151e-01,-3.613299999999999845e-01,3.272140000000000049e-01,3.272140000000000049e-01,4.547229999999999883e-01,6.332339999999999636e-01,1.423785000000000078e+00,1.245273000000000074e+00,-8.968639999999999946e-01,-9.478670000000000151e-01,-5.530999999999999805e-02,8.372469999999999635e-01,4.547229999999999883e-01,-2.980800000000000116e-02,4.292210000000000192e-01,5.312280000000000335e-01,7.219799999999999829e-02,-1.126379000000000019e+00,-8.203589999999999494e-01,6.587359999999999882e-01,1.015759000000000079e+00,1.270774999999999988e+00,5.822310000000000541e-01,-1.318149999999999877e-01,-2.593230000000000257e-01,7.352410000000000334e-01,-3.613299999999999845e-01,-1.381394999999999929e+00,-1.573170000000000124e-01,2.762109999999999843e-01,3.527159999999999740e-01,-3.103259999999999907e-01,5.057260000000000089e-01,1.219772000000000078e+00,-6.928509999999999946e-01,2.252079999999999915e-01,9.392540000000000333e-01,-6.673489999999999700e-01,-6.928509999999999946e-01,4.547229999999999883e-01,9.392540000000000333e-01,7.097390000000000088e-01,9.137520000000000087e-01,1.232010000000000050e-01,-1.063130000000000047e-01,-4.307000000000000065e-03,-8.968639999999999946e-01,-9.733690000000000397e-01,2.119499999999999856e-02,1.270774999999999988e+00,3.272140000000000049e-01,3.017130000000000090e-01,-8.081199999999999495e-02,-1.318149999999999877e-01,3.782179999999999986e-01,-3.103259999999999907e-01,7.097390000000000088e-01,6.077320000000000499e-01,3.017130000000000090e-01,-1.828180000000000083e-01,-4.307000000000000065e-03,1.576794999999999947e+00,7.097390000000000088e-01,-8.203589999999999494e-01,-2.273951999999999973e+00,5.567290000000000294e-01,1.729803999999999897e+00,4.037189999999999945e-01,-9.478670000000000151e-01,1.168768000000000029e+00,-2.980800000000000116e-02,-2.222948999999999842e+00,-2.338210000000000011e-01,8.117459999999999676e-01,5.567290000000000294e-01,-2.848249999999999948e-01,-1.318149999999999877e-01,5.312280000000000335e-01,1.933816999999999897e+00,1.347280000000000033e+00,-1.063130000000000047e-01,-4.378349999999999742e-01,-1.318149999999999877e-01,-4.633360000000000256e-01,-6.673489999999999700e-01,3.017130000000000090e-01,2.762109999999999843e-01,-2.338210000000000011e-01,4.292210000000000192e-01,1.015759000000000079e+00,1.997059999999999946e-01,-5.530999999999999805e-02,8.117459999999999676e-01,-7.693560000000000398e-01,-4.307000000000000065e-03,1.232010000000000050e-01,-2.848249999999999948e-01,-1.828180000000000083e-01,7.607420000000000293e-01,-3.613299999999999845e-01,-1.828180000000000083e-01,1.627798000000000078e+00,1.653299000000000074e+00,-7.693560000000000398e-01,-8.968639999999999946e-01,-3.868309999999999804e-01,1.321777999999999897e+00,-1.318149999999999877e-01,1.997059999999999946e-01,2.507099999999999884e-01,9.769999999999999518e-02,5.057260000000000089e-01,5.312280000000000335e-01,-8.713619999999999699e-01,-9.733690000000000397e-01,2.252079999999999915e-01,4.802239999999999842e-01,2.507099999999999884e-01,1.015759000000000079e+00,1.219772000000000078e+00,-2.848249999999999948e-01,-7.438540000000000152e-01,4.292210000000000192e-01,2.119499999999999856e-02,-3.868309999999999804e-01,1.933816999999999897e+00,7.862440000000000540e-01,-1.789420999999999928e+00,4.802239999999999842e-01,7.097390000000000088e-01,9.647550000000000292e-01,-3.103259999999999907e-01,3.017130000000000090e-01,-1.585407999999999928e+00,-1.049873999999999974e+00,5.822310000000000541e-01,7.352410000000000334e-01,6.587359999999999882e-01,5.822310000000000541e-01,-4.307000000000000065e-03,6.077320000000000499e-01,2.762109999999999843e-01,-9.988700000000000356e-01,8.117459999999999676e-01,-5.530999999999999805e-02,3.272140000000000049e-01,2.507099999999999884e-01,6.077320000000000499e-01,-1.318149999999999877e-01,-4.633360000000000256e-01,-4.307000000000000065e-03,4.292210000000000192e-01,-8.081199999999999495e-02,-1.573170000000000124e-01,3.017130000000000090e-01,3.272140000000000049e-01,1.997059999999999946e-01,6.587359999999999882e-01,5.567290000000000294e-01,-8.458609999999999740e-01,-9.733690000000000397e-01,9.647550000000000292e-01,5.057260000000000089e-01,1.742049999999999987e-01,4.669600000000000140e-02,-1.063130000000000047e-01,2.252079999999999915e-01,9.647550000000000292e-01,-6.163459999999999495e-01,4.037189999999999945e-01,3.527159999999999740e-01,-2.848249999999999948e-01,-7.438540000000000152e-01,4.292210000000000192e-01,-4.123330000000000051e-01,1.742049999999999987e-01,3.527159999999999740e-01,1.347280000000000033e+00,9.902570000000000539e-01,-1.432398000000000060e+00,8.882499999999999840e-01,9.769999999999999518e-02,6.842369999999999841e-01,-1.318149999999999877e-01,4.669600000000000140e-02,2.119499999999999856e-02,-1.828180000000000083e-01,5.312280000000000335e-01,-1.100877000000000105e+00,1.997059999999999946e-01,3.272140000000000049e-01,4.802239999999999842e-01,3.272140000000000049e-01,1.742049999999999987e-01,4.669600000000000140e-02,1.487030000000000018e-01,1.742049999999999987e-01,2.507099999999999884e-01,9.769999999999999518e-02,2.252079999999999915e-01,4.037189999999999945e-01,5.312280000000000335e-01,1.219772000000000078e+00,-2.593230000000000257e-01,-3.523531999999999886e+00,8.882499999999999840e-01,3.017130000000000090e-01,-1.573170000000000124e-01,6.077320000000000499e-01,1.551293000000000033e+00,2.507099999999999884e-01,-2.338210000000000011e-01,3.527159999999999740e-01,3.527159999999999740e-01,-1.202884000000000064e+00,-2.980800000000000116e-02,5.057260000000000089e-01,1.997059999999999946e-01,-1.151880000000000015e+00,-8.081199999999999495e-02,6.587359999999999882e-01,6.587359999999999882e-01,6.332339999999999636e-01,1.347280000000000033e+00,3.272140000000000049e-01,-1.610910000000000064e+00,4.669600000000000140e-02,-9.223660000000000192e-01,4.802239999999999842e-01,7.097390000000000088e-01,4.802239999999999842e-01,2.252079999999999915e-01,4.669600000000000140e-02,1.232010000000000050e-01,-1.828180000000000083e-01,3.272140000000000049e-01,1.015759000000000079e+00,9.769999999999999518e-02,9.769999999999999518e-02,-2.338210000000000011e-01,2.252079999999999915e-01,-5.398410000000000153e-01,4.669600000000000140e-02,2.252079999999999915e-01,6.587359999999999882e-01,3.527159999999999740e-01,4.669600000000000140e-02,-2.083200000000000052e-01,3.527159999999999740e-01,9.137520000000000087e-01,5.567290000000000294e-01,-7.948570000000000357e-01,-1.063130000000000047e-01,6.842369999999999841e-01,7.219799999999999829e-02,-9.988700000000000356e-01,7.607420000000000293e-01,-5.143389999999999906e-01,1.487030000000000018e-01,1.232010000000000050e-01,5.822310000000000541e-01,2.762109999999999843e-01,-2.593230000000000257e-01,5.567290000000000294e-01,4.547229999999999883e-01,1.423785000000000078e+00,-1.024372000000000060e+00,-1.075374999999999970e+00,5.822310000000000541e-01,6.077320000000000499e-01,6.077320000000000499e-01,8.627489999999999881e-01,-4.307000000000000065e-03,-3.103259999999999907e-01,1.232010000000000050e-01,7.219799999999999829e-02,-8.968639999999999946e-01,3.272140000000000049e-01,-1.828180000000000083e-01,4.037189999999999945e-01,3.272140000000000049e-01,5.312280000000000335e-01,3.017130000000000090e-01,-3.868309999999999804e-01,-8.081199999999999495e-02,-8.081199999999999495e-02,3.782179999999999986e-01,-1.828180000000000083e-01,4.802239999999999842e-01,1.423785000000000078e+00,6.587359999999999882e-01,-1.573170000000000124e-01,-1.559906000000000015e+00,3.272140000000000049e-01,1.232010000000000050e-01,-1.063130000000000047e-01,-5.398410000000000153e-01,3.272140000000000049e-01,1.041260000000000074e+00,1.245273000000000074e+00,9.769999999999999518e-02,2.252079999999999915e-01,-2.593230000000000257e-01,-3.103259999999999907e-01,-5.143389999999999906e-01,1.742049999999999987e-01,-1.573170000000000124e-01,3.272140000000000049e-01,6.077320000000000499e-01,8.117459999999999676e-01,3.527159999999999740e-01,3.017130000000000090e-01,-4.633360000000000256e-01,-2.338210000000000011e-01,2.252079999999999915e-01,7.219799999999999829e-02,-6.928509999999999946e-01,2.119499999999999856e-02,8.882499999999999840e-01,1.742049999999999987e-01,3.782179999999999986e-01,5.312280000000000335e-01,7.097390000000000088e-01,6.077320000000000499e-01,-4.307000000000000065e-03,8.882499999999999840e-01,-2.962495999999999796e+00,-6.928509999999999946e-01,4.547229999999999883e-01,3.782179999999999986e-01,1.487030000000000018e-01,4.802239999999999842e-01,8.882499999999999840e-01,6.332339999999999636e-01,-5.530999999999999805e-02,-4.633360000000000256e-01,1.117764999999999898e+00,6.842369999999999841e-01,-9.223660000000000192e-01,-3.868309999999999804e-01,1.232010000000000050e-01,-5.398410000000000153e-01,3.782179999999999986e-01,9.769999999999999518e-02,8.372469999999999635e-01,-4.307000000000000065e-03,2.119499999999999856e-02,4.547229999999999883e-01,1.041260000000000074e+00,-1.828180000000000083e-01,-8.081199999999999495e-02,-8.081199999999999495e-02,-8.081199999999999495e-02,-7.438540000000000152e-01,1.232010000000000050e-01,8.627489999999999881e-01,3.017130000000000090e-01,-1.828180000000000083e-01,4.037189999999999945e-01,4.292210000000000192e-01,7.097390000000000088e-01,4.037189999999999945e-01,-6.418479999999999741e-01,-3.868309999999999804e-01,1.997059999999999946e-01,7.352410000000000334e-01,5.057260000000000089e-01,-7.948570000000000357e-01,-9.478670000000000151e-01,8.372469999999999635e-01,6.332339999999999636e-01,-1.100877000000000105e+00,6.842369999999999841e-01,-1.063130000000000047e-01,2.762109999999999843e-01,8.372469999999999635e-01,6.332339999999999636e-01,6.842369999999999841e-01,-5.908440000000000358e-01,7.097390000000000088e-01,-4.307000000000000065e-03,1.487030000000000018e-01,-2.980800000000000116e-02,9.769999999999999518e-02,-1.024372000000000060e+00,1.487030000000000018e-01,7.862440000000000540e-01,1.066761999999999988e+00,-5.143389999999999906e-01,-8.081199999999999495e-02,1.997059999999999946e-01,1.742049999999999987e-01,8.117459999999999676e-01,7.219799999999999829e-02,-1.318149999999999877e-01,-1.063130000000000047e-01,4.292210000000000192e-01,1.742049999999999987e-01,7.219799999999999829e-02,4.802239999999999842e-01,1.487030000000000018e-01,3.527159999999999740e-01,-2.083200000000000052e-01,-6.928509999999999946e-01,3.782179999999999986e-01,7.607420000000000293e-01,2.762109999999999843e-01,1.423785000000000078e+00,-1.712916000000000105e+00,-5.530999999999999805e-02,7.352410000000000334e-01,1.487030000000000018e-01,1.997059999999999946e-01,-3.103259999999999907e-01,2.507099999999999884e-01,-2.593230000000000257e-01,8.627489999999999881e-01,8.117459999999999676e-01,7.352410000000000334e-01,6.332339999999999636e-01,-5.908440000000000358e-01,-5.530999999999999805e-02,-2.083200000000000052e-01,2.507099999999999884e-01,1.742049999999999987e-01,-4.888379999999999947e-01,3.272140000000000049e-01,1.092262999999999984e+00,4.292210000000000192e-01,-1.318149999999999877e-01,-3.613299999999999845e-01,-2.980800000000000116e-02,-8.203589999999999494e-01,-3.358280000000000154e-01,1.997059999999999946e-01,7.352410000000000334e-01,1.296276999999999902e+00,1.321777999999999897e+00,-8.713619999999999699e-01,-1.330392000000000019e+00,5.822310000000000541e-01,6.332339999999999636e-01,1.041260000000000074e+00,1.487030000000000018e-01,-1.828180000000000083e-01,-5.908440000000000358e-01,9.769999999999999518e-02,4.292210000000000192e-01,5.312280000000000335e-01,9.769999999999999518e-02,-6.928509999999999946e-01,3.017130000000000090e-01,8.882499999999999840e-01,2.252079999999999915e-01,3.527159999999999740e-01,4.037189999999999945e-01,-2.018936000000000064e+00,1.742049999999999987e-01,1.525790999999999897e+00,5.312280000000000335e-01,9.769999999999999518e-02,5.312280000000000335e-01,4.547229999999999883e-01,9.769999999999999518e-02,-1.381394999999999929e+00,-7.948570000000000357e-01,4.802239999999999842e-01,6.842369999999999841e-01,6.077320000000000499e-01,4.037189999999999945e-01,6.077320000000000499e-01,1.742049999999999987e-01,1.487030000000000018e-01,-3.868309999999999804e-01,1.742049999999999987e-01,9.769999999999999518e-02,9.769999999999999518e-02,-2.338210000000000011e-01,5.057260000000000089e-01,1.742049999999999987e-01,8.117459999999999676e-01,3.782179999999999986e-01,-8.081199999999999495e-02,-8.713619999999999699e-01,-5.398410000000000153e-01,4.292210000000000192e-01,8.372469999999999635e-01,9.902570000000000539e-01,2.762109999999999843e-01,1.232010000000000050e-01,-5.908440000000000358e-01,-2.980800000000000116e-02,3.017130000000000090e-01,6.332339999999999636e-01,-8.968639999999999946e-01,4.669600000000000140e-02,6.332339999999999636e-01,5.057260000000000089e-01,6.587359999999999882e-01,7.097390000000000088e-01,4.669600000000000140e-02,3.527159999999999740e-01,-5.398410000000000153e-01,-1.318149999999999877e-01,-1.049873999999999974e+00,6.587359999999999882e-01,4.547229999999999883e-01,-2.338210000000000011e-01,6.077320000000000499e-01,7.607420000000000293e-01,-8.458609999999999740e-01,4.292210000000000192e-01,6.332339999999999636e-01,1.997059999999999946e-01,7.219799999999999829e-02,5.567290000000000294e-01,1.487030000000000018e-01,-1.075374999999999970e+00,2.762109999999999843e-01,4.292210000000000192e-01,2.507099999999999884e-01,6.077320000000000499e-01,6.587359999999999882e-01,-5.653430000000000399e-01,-5.143389999999999906e-01,2.252079999999999915e-01,6.587359999999999882e-01,5.057260000000000089e-01,-9.223660000000000192e-01,2.252079999999999915e-01,5.822310000000000541e-01,3.272140000000000049e-01,-6.163459999999999495e-01,-1.063130000000000047e-01,3.527159999999999740e-01,5.822310000000000541e-01,7.352410000000000334e-01,-2.593230000000000257e-01,-2.083200000000000052e-01,9.902570000000000539e-01,8.117459999999999676e-01,-5.530999999999999805e-02,-2.848249999999999948e-01,-2.848249999999999948e-01,-6.673489999999999700e-01,-1.573170000000000124e-01,9.137520000000000087e-01,1.423785000000000078e+00,-1.828180000000000083e-01,-4.123330000000000051e-01,-5.530999999999999805e-02,1.232010000000000050e-01,3.272140000000000049e-01,4.669600000000000140e-02,-6.928509999999999946e-01,-1.789420999999999928e+00,8.372469999999999635e-01,1.500289999999999901e+00,1.347280000000000033e+00,-1.063130000000000047e-01,7.352410000000000334e-01,4.292210000000000192e-01,1.742049999999999987e-01,-1.573170000000000124e-01,-2.848249999999999948e-01,-1.828180000000000083e-01,-2.980800000000000116e-02,-8.081199999999999495e-02,2.507099999999999884e-01,-5.398410000000000153e-01,7.219799999999999829e-02,3.272140000000000049e-01,3.782179999999999986e-01,2.762109999999999843e-01,-8.081199999999999495e-02,8.117459999999999676e-01,8.882499999999999840e-01,-2.980800000000000116e-02,-4.633360000000000256e-01,-1.406897000000000064e+00,-4.378349999999999742e-01,1.398282999999999943e+00,1.143267000000000033e+00,4.292210000000000192e-01,3.017130000000000090e-01,-5.908440000000000358e-01,-6.418479999999999741e-01,-6.928509999999999946e-01,4.292210000000000192e-01,4.292210000000000192e-01,9.769999999999999518e-02,3.017130000000000090e-01,1.372781000000000029e+00,-2.848249999999999948e-01,-7.693560000000000398e-01,-8.081199999999999495e-02,3.017130000000000090e-01,6.842369999999999841e-01,2.762109999999999843e-01,4.037189999999999945e-01,6.587359999999999882e-01,9.769999999999999518e-02,-2.980800000000000116e-02,7.219799999999999829e-02,-8.081199999999999495e-02,-5.143389999999999906e-01,-5.530999999999999805e-02,9.769999999999999518e-02,4.292210000000000192e-01,4.037189999999999945e-01,4.292210000000000192e-01,3.272140000000000049e-01,5.312280000000000335e-01,3.272140000000000049e-01,-5.530999999999999805e-02,2.507099999999999884e-01,-1.828180000000000083e-01,-1.318149999999999877e-01,-8.968639999999999946e-01,-8.081199999999999495e-02,7.607420000000000293e-01,1.806308999999999942e+00,1.857312000000000074e+00,4.037189999999999945e-01,-1.253886999999999974e+00,-1.049873999999999974e+00,6.077320000000000499e-01,-1.279387999999999970e+00,-3.358280000000000154e-01,4.037189999999999945e-01,6.332339999999999636e-01,4.802239999999999842e-01,2.119499999999999856e-02,-3.613299999999999845e-01,9.769999999999999518e-02,2.252079999999999915e-01,1.487030000000000018e-01,1.168768000000000029e+00,1.449286000000000074e+00,-2.338210000000000011e-01,4.037189999999999945e-01,-4.633360000000000256e-01,-1.687415000000000109e+00,3.017130000000000090e-01,2.762109999999999843e-01,9.392540000000000333e-01,5.057260000000000089e-01,2.762109999999999843e-01,7.219799999999999829e-02,1.997059999999999946e-01,3.017130000000000090e-01,4.802239999999999842e-01,3.017130000000000090e-01,-1.202884000000000064e+00,-2.095441000000000109e+00,7.352410000000000334e-01,1.398282999999999943e+00,1.232010000000000050e-01,2.762109999999999843e-01,-8.081199999999999495e-02,7.862440000000000540e-01,6.587359999999999882e-01,3.017130000000000090e-01,-8.203589999999999494e-01,-8.458609999999999740e-01,1.831811000000000078e+00,-2.848249999999999948e-01,1.232010000000000050e-01,2.119499999999999856e-02,2.507099999999999884e-01,-2.083200000000000052e-01,4.669600000000000140e-02,-2.083200000000000052e-01,7.352410000000000334e-01,1.232010000000000050e-01,-1.330392000000000019e+00,-5.908440000000000358e-01,8.882499999999999840e-01,7.097390000000000088e-01,1.551293000000000033e+00,6.842369999999999841e-01,-2.338210000000000011e-01,-1.126379000000000019e+00,-6.928509999999999946e-01,1.372781000000000029e+00,1.398282999999999943e+00,2.252079999999999915e-01,-1.177381999999999929e+00,9.769999999999999518e-02,1.487030000000000018e-01,5.057260000000000089e-01,1.487030000000000018e-01,1.232010000000000050e-01,-2.980800000000000116e-02,4.669600000000000140e-02,2.762109999999999843e-01,-3.358280000000000154e-01,-5.398410000000000153e-01,6.077320000000000499e-01,8.627489999999999881e-01,2.252079999999999915e-01,-2.593230000000000257e-01,1.742049999999999987e-01,8.117459999999999676e-01,5.057260000000000089e-01,1.487030000000000018e-01,-5.143389999999999906e-01,6.332339999999999636e-01,6.332339999999999636e-01,-1.687415000000000109e+00,8.372469999999999635e-01,8.372469999999999635e-01,-1.126379000000000019e+00,9.769999999999999518e-02,-2.848249999999999948e-01,2.252079999999999915e-01,9.137520000000000087e-01,9.392540000000000333e-01,4.547229999999999883e-01,2.507099999999999884e-01,1.487030000000000018e-01,-8.081199999999999495e-02,-1.828180000000000083e-01,-4.633360000000000256e-01,-3.103259999999999907e-01,-1.828180000000000083e-01,4.037189999999999945e-01,4.669600000000000140e-02,9.902570000000000539e-01,5.312280000000000335e-01,6.077320000000000499e-01,-6.418479999999999741e-01,6.332339999999999636e-01,-5.530999999999999805e-02,-2.980800000000000116e-02,-7.948570000000000357e-01,-6.418479999999999741e-01,2.762109999999999843e-01,4.547229999999999883e-01,8.627489999999999881e-01,6.332339999999999636e-01,-8.081199999999999495e-02,1.742049999999999987e-01,1.742049999999999987e-01,1.232010000000000050e-01,1.742049999999999987e-01,-2.083200000000000052e-01,-4.307000000000000065e-03,2.119499999999999856e-02,-4.307000000000000065e-03,4.037189999999999945e-01,-8.081199999999999495e-02,-5.530999999999999805e-02,-8.203589999999999494e-01,1.015759000000000079e+00,7.352410000000000334e-01,6.842369999999999841e-01,-4.307000000000000065e-03,-4.123330000000000051e-01,-5.908440000000000358e-01,5.822310000000000541e-01,9.137520000000000087e-01,3.782179999999999986e-01,4.292210000000000192e-01,-8.081199999999999495e-02,-5.653430000000000399e-01,3.017130000000000090e-01,-1.318149999999999877e-01,-3.613299999999999845e-01,1.742049999999999987e-01,1.487030000000000018e-01,3.527159999999999740e-01,2.762109999999999843e-01,-8.081199999999999495e-02,6.332339999999999636e-01,-6.673489999999999700e-01,3.272140000000000049e-01,1.232010000000000050e-01,3.272140000000000049e-01,1.015759000000000079e+00,1.168768000000000029e+00,3.272140000000000049e-01,5.822310000000000541e-01,-4.123330000000000051e-01,-1.100877000000000105e+00,-7.948570000000000357e-01,6.332339999999999636e-01,6.332339999999999636e-01,4.802239999999999842e-01,3.782179999999999986e-01,5.312280000000000335e-01,-1.534405000000000019e+00,1.066761999999999988e+00,9.647550000000000292e-01,-1.891428000000000109e+00,-1.828180000000000083e-01,3.527159999999999740e-01,4.802239999999999842e-01,3.527159999999999740e-01,-3.358280000000000154e-01,7.352410000000000334e-01,1.168768000000000029e+00,2.507099999999999884e-01,-3.358280000000000154e-01,7.219799999999999829e-02,1.232010000000000050e-01,4.669600000000000140e-02,-2.848249999999999948e-01,2.252079999999999915e-01,6.842369999999999841e-01,4.292210000000000192e-01,-5.398410000000000153e-01,2.252079999999999915e-01,3.527159999999999740e-01,-2.848249999999999948e-01,1.347280000000000033e+00,2.252079999999999915e-01,-1.534405000000000019e+00,9.769999999999999518e-02,1.372781000000000029e+00,2.762109999999999843e-01,-5.530999999999999805e-02,-2.593230000000000257e-01,1.232010000000000050e-01,4.802239999999999842e-01,8.117459999999999676e-01,-5.908440000000000358e-01,-2.083200000000000052e-01,1.232010000000000050e-01,2.119499999999999856e-02,-1.318149999999999877e-01,3.782179999999999986e-01,4.292210000000000192e-01,4.802239999999999842e-01,3.782179999999999986e-01,-3.358280000000000154e-01,5.312280000000000335e-01,7.097390000000000088e-01,-8.968639999999999946e-01,3.527159999999999740e-01,5.822310000000000541e-01,5.312280000000000335e-01,6.077320000000000499e-01,3.017130000000000090e-01,-5.908440000000000358e-01,-9.988700000000000356e-01,1.487030000000000018e-01,5.057260000000000089e-01,2.252079999999999915e-01,-5.398410000000000153e-01,6.332339999999999636e-01,8.372469999999999635e-01,-6.928509999999999946e-01,1.997059999999999946e-01,1.487030000000000018e-01,8.117459999999999676e-01,1.015759000000000079e+00,1.742049999999999987e-01,-1.253886999999999974e+00,-2.593230000000000257e-01,1.997059999999999946e-01,9.137520000000000087e-01,7.352410000000000334e-01,2.507099999999999884e-01,-1.024372000000000060e+00,-7.438540000000000152e-01,8.882499999999999840e-01,1.602295999999999943e+00,3.017130000000000090e-01,-1.406897000000000064e+00,3.017130000000000090e-01,9.647550000000000292e-01,8.627489999999999881e-01,9.769999999999999518e-02,-3.358280000000000154e-01,7.219799999999999829e-02,-9.733690000000000397e-01,7.219799999999999829e-02,7.097390000000000088e-01,8.117459999999999676e-01,-4.888379999999999947e-01,-6.673489999999999700e-01,4.547229999999999883e-01,3.782179999999999986e-01,1.041260000000000074e+00,4.292210000000000192e-01,-3.613299999999999845e-01,4.547229999999999883e-01,-1.712916000000000105e+00,3.272140000000000049e-01,5.822310000000000541e-01,3.017130000000000090e-01,1.015759000000000079e+00,6.077320000000000499e-01,-7.948570000000000357e-01,9.769999999999999518e-02,-8.081199999999999495e-02,-5.530999999999999805e-02,-2.273951999999999973e+00,7.352410000000000334e-01,4.292210000000000192e-01,5.057260000000000089e-01,7.352410000000000334e-01,1.997059999999999946e-01,6.587359999999999882e-01,-3.868309999999999804e-01,1.997059999999999946e-01,2.252079999999999915e-01,2.507099999999999884e-01,5.822310000000000541e-01,6.587359999999999882e-01,-2.980800000000000116e-02,-2.980800000000000116e-02,1.997059999999999946e-01,-1.063130000000000047e-01,-6.673489999999999700e-01,5.312280000000000335e-01,6.077320000000000499e-01,4.292210000000000192e-01,-1.483402000000000109e+00,2.252079999999999915e-01,-8.081199999999999495e-02,5.822310000000000541e-01,1.423785000000000078e+00,7.862440000000000540e-01,-1.828180000000000083e-01,1.997059999999999946e-01,4.669600000000000140e-02,-5.143389999999999906e-01,4.802239999999999842e-01,-2.338210000000000011e-01,1.232010000000000050e-01,9.392540000000000333e-01,1.500289999999999901e+00,-1.573170000000000124e-01,-1.202884000000000064e+00,-8.713619999999999699e-01,-4.633360000000000256e-01,3.527159999999999740e-01,9.647550000000000292e-01,7.607420000000000293e-01,6.332339999999999636e-01,9.769999999999999518e-02,-3.103259999999999907e-01,5.312280000000000335e-01,5.567290000000000294e-01,4.037189999999999945e-01,-4.888379999999999947e-01,-1.063130000000000047e-01,4.292210000000000192e-01,3.272140000000000049e-01,-5.143389999999999906e-01,8.882499999999999840e-01,5.312280000000000335e-01,-5.530999999999999805e-02,4.292210000000000192e-01,-1.318149999999999877e-01,-3.868309999999999804e-01,7.352410000000000334e-01,-5.143389999999999906e-01,-8.203589999999999494e-01,7.352410000000000334e-01,8.372469999999999635e-01,2.507099999999999884e-01,9.769999999999999518e-02,8.882499999999999840e-01,3.017130000000000090e-01,-5.530999999999999805e-02,5.822310000000000541e-01,-7.438540000000000152e-01,-8.081199999999999495e-02,9.392540000000000333e-01,2.507099999999999884e-01,-6.673489999999999700e-01,-1.304890000000000105e+00,-9.478670000000000151e-01,1.347280000000000033e+00,1.245273000000000074e+00,2.252079999999999915e-01,3.272140000000000049e-01,5.312280000000000335e-01,9.137520000000000087e-01,5.057260000000000089e-01,-2.980800000000000116e-02,-4.888379999999999947e-01,-1.828180000000000083e-01,-3.613299999999999845e-01,8.627489999999999881e-01,4.669600000000000140e-02,-8.203589999999999494e-01,-1.318149999999999877e-01,5.822310000000000541e-01,5.567290000000000294e-01,1.194269999999999943e+00,-8.203589999999999494e-01,2.762109999999999843e-01,-2.083200000000000052e-01,7.219799999999999829e-02,4.037189999999999945e-01,7.862440000000000540e-01,-3.103259999999999907e-01,-1.828180000000000083e-01,-2.980800000000000116e-02,4.669600000000000140e-02,7.862440000000000540e-01,3.017130000000000090e-01,-3.613299999999999845e-01,2.507099999999999884e-01,5.057260000000000089e-01,-3.358280000000000154e-01,-9.223660000000000192e-01,9.392540000000000333e-01,6.842369999999999841e-01,5.822310000000000541e-01,5.312280000000000335e-01,-1.916929000000000105e+00,-1.828180000000000083e-01,2.762109999999999843e-01,4.802239999999999842e-01,1.117764999999999898e+00,8.372469999999999635e-01,-5.143389999999999906e-01,-1.610910000000000064e+00,9.902570000000000539e-01,1.908315999999999901e+00,-1.304890000000000105e+00,-2.848249999999999948e-01,3.272140000000000049e-01,-4.307000000000000065e-03,7.352410000000000334e-01,2.762109999999999843e-01,3.782179999999999986e-01,-7.948570000000000357e-01,-6.163459999999999495e-01,2.252079999999999915e-01,3.527159999999999740e-01,6.587359999999999882e-01,5.057260000000000089e-01,4.802239999999999842e-01,2.762109999999999843e-01,3.017130000000000090e-01,6.332339999999999636e-01,-9.988700000000000356e-01,-9.988700000000000356e-01,4.669600000000000140e-02,8.117459999999999676e-01,-2.338210000000000011e-01,1.219772000000000078e+00,9.902570000000000539e-01,7.352410000000000334e-01,-3.868309999999999804e-01,-9.223660000000000192e-01,7.219799999999999829e-02,-7.693560000000000398e-01,-8.081199999999999495e-02,1.997059999999999946e-01,-8.081199999999999495e-02,-4.123330000000000051e-01,8.372469999999999635e-01,1.755306000000000033e+00,1.576794999999999947e+00,-8.203589999999999494e-01,-2.120941999999999883e+00,5.312280000000000335e-01,1.015759000000000079e+00,1.742049999999999987e-01,-2.083200000000000052e-01,-1.828180000000000083e-01,1.449286000000000074e+00,5.312280000000000335e-01,-7.438540000000000152e-01,2.252079999999999915e-01,-8.081199999999999495e-02,1.232010000000000050e-01,-1.063130000000000047e-01,5.312280000000000335e-01,-1.712916000000000105e+00,-3.868309999999999804e-01,1.627798000000000078e+00,7.097390000000000088e-01,5.057260000000000089e-01,3.527159999999999740e-01,-2.338210000000000011e-01,4.037189999999999945e-01,1.500289999999999901e+00,-3.868309999999999804e-01,-1.738418000000000019e+00,-2.401460000000000150e+00,-1.318149999999999877e-01,6.842369999999999841e-01,1.755306000000000033e+00,1.474787999999999988e+00,5.822310000000000541e-01,-9.223660000000000192e-01,1.066761999999999988e+00,7.219799999999999829e-02,-3.613299999999999845e-01,-1.763919000000000015e+00,4.292210000000000192e-01,1.232010000000000050e-01,1.525790999999999897e+00,6.332339999999999636e-01,1.232010000000000050e-01,-5.530999999999999805e-02,-4.888379999999999947e-01,-2.980800000000000116e-02,-8.081199999999999495e-02,7.097390000000000088e-01,5.057260000000000089e-01,3.527159999999999740e-01,-2.338210000000000011e-01,6.077320000000000499e-01,3.782179999999999986e-01,-1.151880000000000015e+00,-3.868309999999999804e-01,7.219799999999999829e-02,6.077320000000000499e-01,1.066761999999999988e+00,1.576794999999999947e+00,-5.143389999999999906e-01,4.669600000000000140e-02,4.547229999999999883e-01,9.137520000000000087e-01,-1.661912999999999974e+00,-6.928509999999999946e-01,-5.653430000000000399e-01,1.742049999999999987e-01,1.015759000000000079e+00,9.902570000000000539e-01,5.822310000000000541e-01,4.802239999999999842e-01,5.312280000000000335e-01,-1.406897000000000064e+00,4.292210000000000192e-01,5.567290000000000294e-01,-1.318149999999999877e-01,-1.381394999999999929e+00,9.647550000000000292e-01,4.802239999999999842e-01,2.252079999999999915e-01,-2.848249999999999948e-01,4.802239999999999842e-01,-4.378349999999999742e-01,3.782179999999999986e-01,4.037189999999999945e-01,4.292210000000000192e-01,1.487030000000000018e-01,-2.338210000000000011e-01,6.842369999999999841e-01,-1.573170000000000124e-01,7.862440000000000540e-01,-2.338210000000000011e-01,-1.075374999999999970e+00,5.057260000000000089e-01,8.117459999999999676e-01,6.077320000000000499e-01,5.822310000000000541e-01,-2.338210000000000011e-01,-8.458609999999999740e-01,-1.228385000000000060e+00,8.117459999999999676e-01,8.882499999999999840e-01,1.194269999999999943e+00,1.997059999999999946e-01,7.352410000000000334e-01,-6.163459999999999495e-01,-1.304890000000000105e+00,-5.530999999999999805e-02,3.782179999999999986e-01,3.527159999999999740e-01,1.041260000000000074e+00,-7.438540000000000152e-01,4.292210000000000192e-01,4.292210000000000192e-01,4.669600000000000140e-02,1.997059999999999946e-01,1.997059999999999946e-01,-3.868309999999999804e-01,9.392540000000000333e-01,5.822310000000000541e-01,-7.948570000000000357e-01,7.352410000000000334e-01,-1.063130000000000047e-01,2.507099999999999884e-01,2.252079999999999915e-01,4.037189999999999945e-01,-2.980800000000000116e-02,-2.018936000000000064e+00,6.587359999999999882e-01,1.041260000000000074e+00,7.352410000000000334e-01,1.742049999999999987e-01,5.312280000000000335e-01,-4.633360000000000256e-01,-3.103259999999999907e-01,-2.338210000000000011e-01,2.119499999999999856e-02,1.066761999999999988e+00,7.862440000000000540e-01,4.037189999999999945e-01,-3.103259999999999907e-01,3.017130000000000090e-01,3.782179999999999986e-01,-6.928509999999999946e-01,-2.848249999999999948e-01,-8.458609999999999740e-01,7.862440000000000540e-01,8.372469999999999635e-01,7.607420000000000293e-01,2.762109999999999843e-01,-4.633360000000000256e-01,-6.928509999999999946e-01,1.997059999999999946e-01,-4.307000000000000065e-03,6.077320000000000499e-01,1.194269999999999943e+00,4.037189999999999945e-01,-6.418479999999999741e-01,4.292210000000000192e-01,4.547229999999999883e-01,6.587359999999999882e-01,6.587359999999999882e-01,-6.163459999999999495e-01,-9.478670000000000151e-01,-9.733690000000000397e-01,-1.063130000000000047e-01,-2.338210000000000011e-01,5.567290000000000294e-01,8.372469999999999635e-01,1.576794999999999947e+00,5.567290000000000294e-01,-3.613299999999999845e-01,2.507099999999999884e-01,-1.063130000000000047e-01,1.232010000000000050e-01,1.487030000000000018e-01,-1.202884000000000064e+00,-3.103259999999999907e-01,4.292210000000000192e-01,3.017130000000000090e-01,5.312280000000000335e-01,6.842369999999999841e-01,-3.358280000000000154e-01,4.547229999999999883e-01,2.507099999999999884e-01,9.769999999999999518e-02,-5.530999999999999805e-02,2.252079999999999915e-01,6.332339999999999636e-01,-2.848249999999999948e-01,-1.318149999999999877e-01,-2.338210000000000011e-01,1.015759000000000079e+00,4.669600000000000140e-02,1.347280000000000033e+00,-6.673489999999999700e-01,-1.942431000000000019e+00,-1.573170000000000124e-01,5.567290000000000294e-01,1.525790999999999897e+00,8.882499999999999840e-01,2.762109999999999843e-01,1.997059999999999946e-01,-4.633360000000000256e-01,-5.653430000000000399e-01,6.332339999999999636e-01,8.882499999999999840e-01,3.272140000000000049e-01,-9.988700000000000356e-01,4.669600000000000140e-02,1.041260000000000074e+00,1.997059999999999946e-01,-1.304890000000000105e+00,-2.848249999999999948e-01,4.802239999999999842e-01,-3.103259999999999907e-01,-2.980800000000000116e-02,-5.908440000000000358e-01,1.117764999999999898e+00,2.239837000000000078e+00,-3.358280000000000154e-01,5.567290000000000294e-01,3.782179999999999986e-01,1.997059999999999946e-01,1.742049999999999987e-01,1.742049999999999987e-01,-2.338210000000000011e-01,-2.083200000000000052e-01,-5.908440000000000358e-01,1.997059999999999946e-01,7.097390000000000088e-01,2.507099999999999884e-01,4.669600000000000140e-02,1.742049999999999987e-01,2.119499999999999856e-02,-2.848249999999999948e-01,-4.307000000000000065e-03,-4.307000000000000065e-03,1.487030000000000018e-01,1.742049999999999987e-01,5.312280000000000335e-01,9.392540000000000333e-01,7.862440000000000540e-01,-7.438540000000000152e-01,-1.075374999999999970e+00,-2.980800000000000116e-02,9.392540000000000333e-01,-3.141007999999999800e+00,2.826375000000000082e+00,2.571358000000000033e+00,6.077320000000000499e-01,2.119499999999999856e-02,4.669600000000000140e-02,1.232010000000000050e-01,-7.948570000000000357e-01,-6.928509999999999946e-01,-4.888379999999999947e-01,-4.123330000000000051e-01,-4.378349999999999742e-01,3.782179999999999986e-01,9.647550000000000292e-01,3.017130000000000090e-01,1.742049999999999987e-01,1.041260000000000074e+00,-2.083200000000000052e-01,-4.888379999999999947e-01,-6.928509999999999946e-01,4.802239999999999842e-01,4.802239999999999842e-01,9.769999999999999518e-02,4.037189999999999945e-01,6.332339999999999636e-01,1.487030000000000018e-01,-2.848249999999999948e-01,8.372469999999999635e-01,-6.673489999999999700e-01,-8.458609999999999740e-01,5.567290000000000294e-01,-4.307000000000000065e-03,-2.083200000000000052e-01,1.041260000000000074e+00,8.882499999999999840e-01,-7.438540000000000152e-01,-2.848249999999999948e-01,3.782179999999999986e-01,5.312280000000000335e-01,1.232010000000000050e-01,-3.358280000000000154e-01,-8.081199999999999495e-02,2.507099999999999884e-01,8.372469999999999635e-01,1.066761999999999988e+00,-2.980800000000000116e-02,-1.100877000000000105e+00,-3.613299999999999845e-01,3.527159999999999740e-01,7.097390000000000088e-01,-4.123330000000000051e-01,-6.163459999999999495e-01,6.587359999999999882e-01,2.252079999999999915e-01,3.272140000000000049e-01,3.782179999999999986e-01,8.372469999999999635e-01,-2.848249999999999948e-01,2.762109999999999843e-01,2.507099999999999884e-01,1.742049999999999987e-01,1.997059999999999946e-01,3.017130000000000090e-01,-3.868309999999999804e-01,-8.081199999999999495e-02,1.742049999999999987e-01,7.219799999999999829e-02,2.507099999999999884e-01,3.272140000000000049e-01,9.137520000000000087e-01,9.769999999999999518e-02,-1.075374999999999970e+00,1.487030000000000018e-01,1.194269999999999943e+00,-2.083200000000000052e-01,-3.358280000000000154e-01,3.272140000000000049e-01,1.487030000000000018e-01,4.037189999999999945e-01,-5.530999999999999805e-02,-2.338210000000000011e-01,6.332339999999999636e-01,1.347280000000000033e+00,4.037189999999999945e-01,-6.418479999999999741e-01,-4.123330000000000051e-01,-2.980800000000000116e-02,-3.868309999999999804e-01,3.017130000000000090e-01,1.997059999999999946e-01,-8.081199999999999495e-02,9.392540000000000333e-01,6.842369999999999841e-01,2.507099999999999884e-01,4.547229999999999883e-01,2.252079999999999915e-01,-2.338210000000000011e-01,-1.318149999999999877e-01,-1.318149999999999877e-01,-6.163459999999999495e-01,1.742049999999999987e-01,1.232010000000000050e-01,3.782179999999999986e-01,7.352410000000000334e-01,7.097390000000000088e-01,-1.318149999999999877e-01,-1.126379000000000019e+00,3.527159999999999740e-01,5.057260000000000089e-01,4.802239999999999842e-01,3.272140000000000049e-01,-6.928509999999999946e-01,1.232010000000000050e-01,1.296276999999999902e+00,1.041260000000000074e+00,-3.868309999999999804e-01,-9.223660000000000192e-01,3.272140000000000049e-01,-1.063130000000000047e-01,6.842369999999999841e-01,6.077320000000000499e-01,6.077320000000000499e-01,6.332339999999999636e-01,-1.573170000000000124e-01,-2.848249999999999948e-01,4.669600000000000140e-02,3.782179999999999986e-01,-3.358280000000000154e-01,-8.458609999999999740e-01,3.527159999999999740e-01,-2.593230000000000257e-01,1.194269999999999943e+00,1.449286000000000074e+00,-1.573170000000000124e-01,-1.534405000000000019e+00,1.487030000000000018e-01,9.647550000000000292e-01,1.449286000000000074e+00,1.066761999999999988e+00,-6.928509999999999946e-01,-1.126379000000000019e+00,-2.338210000000000011e-01,4.037189999999999945e-01,4.292210000000000192e-01,5.312280000000000335e-01,3.272140000000000049e-01,7.219799999999999829e-02,-1.573170000000000124e-01,6.077320000000000499e-01,6.077320000000000499e-01,-1.828180000000000083e-01,-1.318149999999999877e-01,5.312280000000000335e-01,4.802239999999999842e-01,-8.081199999999999495e-02,-6.928509999999999946e-01,-1.177381999999999929e+00,1.742049999999999987e-01,1.270774999999999988e+00,1.066761999999999988e+00,1.997059999999999946e-01,2.762109999999999843e-01,1.232010000000000050e-01,1.232010000000000050e-01,-2.848249999999999948e-01,-5.653430000000000399e-01,2.762109999999999843e-01,3.782179999999999986e-01,-3.103259999999999907e-01,9.769999999999999518e-02,3.527159999999999740e-01,-1.063130000000000047e-01,6.077320000000000499e-01,2.762109999999999843e-01,7.352410000000000334e-01,1.015759000000000079e+00,6.587359999999999882e-01,-1.024372000000000060e+00,-3.868309999999999804e-01,2.252079999999999915e-01,-3.358280000000000154e-01,-4.307000000000000065e-03,-2.083200000000000052e-01,4.292210000000000192e-01,-7.948570000000000357e-01,-2.980800000000000116e-02,1.194269999999999943e+00,1.168768000000000029e+00,-2.083200000000000052e-01,-1.202884000000000064e+00,7.219799999999999829e-02,8.372469999999999635e-01,7.352410000000000334e-01,1.232010000000000050e-01,5.822310000000000541e-01,7.097390000000000088e-01,-1.304890000000000105e+00,-6.928509999999999946e-01,7.607420000000000293e-01,1.092262999999999984e+00,-3.613299999999999845e-01,-4.888379999999999947e-01,8.117459999999999676e-01,4.802239999999999842e-01,1.997059999999999946e-01,-1.828180000000000083e-01,5.312280000000000335e-01,1.232010000000000050e-01,-4.633360000000000256e-01,-1.828180000000000083e-01,7.219799999999999829e-02,1.232010000000000050e-01,1.092262999999999984e+00,7.219799999999999829e-02,7.219799999999999829e-02,-1.828180000000000083e-01,1.041260000000000074e+00,5.822310000000000541e-01,1.997059999999999946e-01,-1.432398000000000060e+00,-8.081199999999999495e-02,4.547229999999999883e-01,4.037189999999999945e-01,-1.049873999999999974e+00,7.352410000000000334e-01,6.842369999999999841e-01,5.057260000000000089e-01,3.272140000000000049e-01,3.272140000000000049e-01,-8.081199999999999495e-02,-2.848249999999999948e-01,9.769999999999999518e-02,7.607420000000000293e-01,8.627489999999999881e-01,1.997059999999999946e-01,-1.738418000000000019e+00,-2.980800000000000116e-02,3.527159999999999740e-01,4.547229999999999883e-01,1.487030000000000018e-01,-3.358280000000000154e-01,4.802239999999999842e-01,3.527159999999999740e-01,1.143267000000000033e+00,1.831811000000000078e+00,-7.438540000000000152e-01,-1.508903000000000105e+00,-8.081199999999999495e-02,1.487030000000000018e-01,-4.888379999999999947e-01,1.997059999999999946e-01,6.332339999999999636e-01,6.077320000000000499e-01,7.352410000000000334e-01,6.587359999999999882e-01,-1.828180000000000083e-01,7.219799999999999829e-02,-9.478670000000000151e-01,-4.307000000000000065e-03,2.252079999999999915e-01,-3.103259999999999907e-01,2.507099999999999884e-01,2.252079999999999915e-01,5.567290000000000294e-01,1.092262999999999984e+00,1.066761999999999988e+00,-7.693560000000000398e-01,-1.381394999999999929e+00,-2.083200000000000052e-01,-8.081199999999999495e-02,3.272140000000000049e-01,4.547229999999999883e-01,5.822310000000000541e-01,1.232010000000000050e-01,-5.530999999999999805e-02,2.507099999999999884e-01,2.252079999999999915e-01,-7.948570000000000357e-01,-8.203589999999999494e-01,4.669600000000000140e-02,1.270774999999999988e+00,1.525790999999999897e+00,6.077320000000000499e-01,6.077320000000000499e-01,7.219799999999999829e-02,-1.063130000000000047e-01,-6.418479999999999741e-01,-5.143389999999999906e-01,-1.828180000000000083e-01,-2.848249999999999948e-01,9.769999999999999518e-02,1.066761999999999988e+00,1.372781000000000029e+00,-9.988700000000000356e-01,-2.848249999999999948e-01,-4.307000000000000065e-03,2.252079999999999915e-01,4.292210000000000192e-01,9.769999999999999518e-02,3.272140000000000049e-01,1.449286000000000074e+00,-6.418479999999999741e-01,-1.534405000000000019e+00,5.822310000000000541e-01,1.219772000000000078e+00,6.842369999999999841e-01,4.037189999999999945e-01,3.272140000000000049e-01,-2.848249999999999948e-01,-6.673489999999999700e-01,2.507099999999999884e-01,1.742049999999999987e-01,-2.848249999999999948e-01,9.769999999999999518e-02,5.567290000000000294e-01,-3.868309999999999804e-01,2.762109999999999843e-01,1.997059999999999946e-01,-8.458609999999999740e-01,6.332339999999999636e-01,1.997059999999999946e-01,7.352410000000000334e-01,6.332339999999999636e-01,-1.828180000000000083e-01,1.997059999999999946e-01,7.862440000000000540e-01,-6.673489999999999700e-01,-1.610910000000000064e+00,4.037189999999999945e-01,1.449286000000000074e+00,-1.063130000000000047e-01,3.017130000000000090e-01,6.077320000000000499e-01,6.587359999999999882e-01,4.802239999999999842e-01,-5.398410000000000153e-01,-3.103259999999999907e-01,9.769999999999999518e-02,-2.980800000000000116e-02,-3.103259999999999907e-01,3.272140000000000049e-01,1.742049999999999987e-01,9.137520000000000087e-01,-1.789420999999999928e+00,-4.307000000000000065e-03,-5.530999999999999805e-02,7.607420000000000293e-01,1.066761999999999988e+00,7.862440000000000540e-01,4.037189999999999945e-01,2.119499999999999856e-02,-2.980800000000000116e-02,-4.888379999999999947e-01,1.742049999999999987e-01,-2.980800000000000116e-02,-1.828180000000000083e-01,4.802239999999999842e-01,-9.223660000000000192e-01,-8.081199999999999495e-02,6.077320000000000499e-01,1.041260000000000074e+00,1.997059999999999946e-01,2.252079999999999915e-01,8.627489999999999881e-01,1.742049999999999987e-01,1.997059999999999946e-01,-5.653430000000000399e-01,-2.338210000000000011e-01,1.487030000000000018e-01,1.487030000000000018e-01,-2.848249999999999948e-01,4.547229999999999883e-01,3.272140000000000049e-01,4.547229999999999883e-01,1.729803999999999897e+00,-1.063130000000000047e-01,-1.355893000000000015e+00,3.272140000000000049e-01,3.272140000000000049e-01,-1.126379000000000019e+00,2.252079999999999915e-01,6.587359999999999882e-01,3.017130000000000090e-01,5.822310000000000541e-01,1.487030000000000018e-01,4.802239999999999842e-01,-1.063130000000000047e-01,-1.573170000000000124e-01,4.669600000000000140e-02,6.332339999999999636e-01,4.037189999999999945e-01,1.092262999999999984e+00,4.669600000000000140e-02,-8.968639999999999946e-01,-5.908440000000000358e-01,-6.163459999999999495e-01,-3.358280000000000154e-01,-8.713619999999999699e-01,1.092262999999999984e+00,6.332339999999999636e-01,8.627489999999999881e-01,5.057260000000000089e-01,4.547229999999999883e-01,6.332339999999999636e-01,4.292210000000000192e-01,-8.081199999999999495e-02,-3.613299999999999845e-01,-3.613299999999999845e-01,-2.848249999999999948e-01,-8.081199999999999495e-02,9.769999999999999518e-02,5.312280000000000335e-01,7.097390000000000088e-01,7.097390000000000088e-01,1.742049999999999987e-01,-5.398410000000000153e-01,-5.908440000000000358e-01,-3.358280000000000154e-01,8.882499999999999840e-01,9.902570000000000539e-01,3.272140000000000049e-01,-1.151880000000000015e+00,-1.828180000000000083e-01,5.822310000000000541e-01,6.587359999999999882e-01,5.057260000000000089e-01,4.802239999999999842e-01,-1.049873999999999974e+00,4.802239999999999842e-01,5.312280000000000335e-01,-4.123330000000000051e-01,5.567290000000000294e-01,2.252079999999999915e-01,-4.307000000000000065e-03,-6.418479999999999741e-01,-3.868309999999999804e-01,4.292210000000000192e-01,1.742049999999999987e-01,5.312280000000000335e-01,-1.828180000000000083e-01,-4.888379999999999947e-01,5.822310000000000541e-01,1.194269999999999943e+00,3.527159999999999740e-01,-6.673489999999999700e-01,2.119499999999999856e-02,4.802239999999999842e-01,-1.573170000000000124e-01,-1.573170000000000124e-01,5.312280000000000335e-01,-2.980800000000000116e-02,3.272140000000000049e-01,6.842369999999999841e-01,4.547229999999999883e-01,3.782179999999999986e-01,-2.980800000000000116e-02,-3.358280000000000154e-01,-4.378349999999999742e-01,3.272140000000000049e-01,9.769999999999999518e-02,-8.968639999999999946e-01,9.902570000000000539e-01,1.015759000000000079e+00,-6.163459999999999495e-01,-3.868309999999999804e-01,3.272140000000000049e-01,3.272140000000000049e-01,2.762109999999999843e-01,3.782179999999999986e-01,2.119499999999999856e-02,-1.573170000000000124e-01,1.742049999999999987e-01,3.017130000000000090e-01,5.312280000000000335e-01,2.252079999999999915e-01,-3.868309999999999804e-01,-5.530999999999999805e-02,-2.848249999999999948e-01,-1.573170000000000124e-01,2.507099999999999884e-01,3.527159999999999740e-01,3.782179999999999986e-01,7.352410000000000334e-01,1.270774999999999988e+00,-4.633360000000000256e-01,-9.478670000000000151e-01,6.332339999999999636e-01,-4.633360000000000256e-01,2.507099999999999884e-01,1.487030000000000018e-01,-5.653430000000000399e-01,5.312280000000000335e-01,6.587359999999999882e-01,1.296276999999999902e+00,-4.123330000000000051e-01,-4.378349999999999742e-01,2.762109999999999843e-01,3.017130000000000090e-01
9.769999999999999518e-02,2.119499999999999856e-02,1.232010000000000050e-01,1.232010000000000050e-01,-2.980800000000000116e-02,2.252079999999999915e-01,4.547229999999999883e-01,8.117459999999999676e-01,7.862440000000000540e-01,1.997059999999999946e-01,-1.828180000000000083e-01,-6.163459999999999495e-01,-7.183530000000000193e-01,-4.888379999999999947e-01,1.997059999999999946e-01,6.332339999999999636e-01,5.822310000000000541e-01,9.769999999999999518e-02,-1.063130000000000047e-01,4.292210000000000192e-01,4.037189999999999945e-01,2.252079999999999915e-01,1.232010000000000050e-01,1.232010000000000050e-01,2.119499999999999856e-02,1.487030000000000018e-01,1.487030000000000018e-01,3.017130000000000090e-01,1.742049999999999987e-01,9.769999999999999518e-02,2.119499999999999856e-02,-4.307000000000000065e-03,-2.980800000000000116e-02,7.219799999999999829e-02,1.232010000000000050e-01,1.997059999999999946e-01,3.017130000000000090e-01,1.997059999999999946e-01,3.272140000000000049e-01,2.762109999999999843e-01,1.232010000000000050e-01,4.669600000000000140e-02,1.232010000000000050e-01,9.769999999999999518e-02,7.219799999999999829e-02,9.769999999999999518e-02,1.232010000000000050e-01,1.487030000000000018e-01,1.232010000000000050e-01,2.252079999999999915e-01,1.232010000000000050e-01,1.487030000000000018e-01,1.232010000000000050e-01,9.769999999999999518e-02,9.769999999999999518e-02,1.997059999999999946e-01,3.272140000000000049e-01,2.252079999999999915e-01,1.487030000000000018e-01,1.742049999999999987e-01,1.742049999999999987e-01,7.219799999999999829e-02,7.219799999999999829e-02,-1.573170000000000124e-01,-4.307000000000000065e-03,1.997059999999999946e-01,2.252079999999999915e-01,2.507099999999999884e-01,1.997059999999999946e-01,2.507099999999999884e-01,2.252079999999999915e-01,4.669600000000000140e-02,9.769999999999999518e-02,4.669600000000000140e-02,1.487030000000000018e-01,2.762109999999999843e-01,2.507099999999999884e-01,1.487030000000000018e-01,1.232010000000000050e-01,1.997059999999999946e-01,-4.307000000000000065e-03,-1.318149999999999877e-01,-5.530999999999999805e-02,9.769999999999999518e-02,1.742049999999999987e-01,2.252079999999999915e-01,2.252079999999999915e-01,3.017130000000000090e-01,3.017130000000000090e-01,1.742049999999999987e-01,7.219799999999999829e-02,2.119499999999999856e-02,-4.307000000000000065e-03,9.769999999999999518e-02,1.487030000000000018e-01,1.997059999999999946e-01,2.252079999999999915e-01,3.017130000000000090e-01,1.487030000000000018e-01,7.219799999999999829e-02,-2.980800000000000116e-02,2.119499999999999856e-02,1.742049999999999987e-01,4.669600000000000140e-02,1.232010000000000050e-01,1.232010000000000050e-01,3.017130000000000090e-01,3.017130000000000090e-01,-4.307000000000000065e-03,-1.063130000000000047e-01,9.769999999999999518e-02,3.272140000000000049e-01,3.017130000000000090e-01,7.219799999999999829e-02,1.487030000000000018e-01,7.219799999999999829e-02,1.487030000000000018e-01,1.742049999999999987e-01,3.017130000000000090e-01,1.487030000000000018e-01,-4.888379999999999947e-01,-2.593230000000000257e-01,3.782179999999999986e-01,7.097390000000000088e-01,5.312280000000000335e-01,-3.868309999999999804e-01,1.487030000000000018e-01,4.802239999999999842e-01,-8.081199999999999495e-02,1.487030000000000018e-01,-2.980800000000000116e-02,2.507099999999999884e-01,2.507099999999999884e-01,1.232010000000000050e-01,9.769999999999999518e-02,1.487030000000000018e-01,1.487030000000000018e-01,1.487030000000000018e-01,-1.318149999999999877e-01,4.669600000000000140e-02,7.219799999999999829e-02,3.527159999999999740e-01,4.669600000000000140e-02,1.487030000000000018e-01,1.997059999999999946e-01,5.057260000000000089e-01,4.802239999999999842e-01,3.272140000000000049e-01,-1.063130000000000047e-01,-3.613299999999999845e-01,-4.888379999999999947e-01,-6.673489999999999700e-01,9.902570000000000539e-01,1.347280000000000033e+00,4.547229999999999883e-01,-5.143389999999999906e-01,-7.948570000000000357e-01,-6.163459999999999495e-01,1.627798000000000078e+00,1.117764999999999898e+00,7.352410000000000334e-01,-7.183530000000000193e-01,-1.177381999999999929e+00,4.669600000000000140e-02,-7.438540000000000152e-01,7.219799999999999829e-02,5.822310000000000541e-01,4.547229999999999883e-01,4.547229999999999883e-01,5.312280000000000335e-01,4.802239999999999842e-01,3.272140000000000049e-01,2.252079999999999915e-01,2.119499999999999856e-02,4.669600000000000140e-02,-1.318149999999999877e-01,-2.083200000000000052e-01,1.232010000000000050e-01,2.762109999999999843e-01,1.997059999999999946e-01,1.487030000000000018e-01,-4.633360000000000256e-01,-2.338210000000000011e-01,-2.593230000000000257e-01,6.077320000000000499e-01,1.449286000000000074e+00,1.959319000000000033e+00,8.117459999999999676e-01,-3.103259999999999907e-01,-6.673489999999999700e-01,-7.948570000000000357e-01,-1.534405000000000019e+00,-8.713619999999999699e-01,-4.633360000000000256e-01,4.292210000000000192e-01,3.527159999999999740e-01,1.066761999999999988e+00,1.997059999999999946e-01,2.762109999999999843e-01,5.312280000000000335e-01,1.500289999999999901e+00,2.749870000000000037e+00,9.137520000000000087e-01,-1.318149999999999877e-01,-1.381394999999999929e+00,-2.018936000000000064e+00,4.669600000000000140e-02,-1.828180000000000083e-01,-5.143389999999999906e-01,3.527159999999999740e-01,1.041260000000000074e+00,2.762109999999999843e-01,-5.653430000000000399e-01,7.862440000000000540e-01,1.232010000000000050e-01,7.219799999999999829e-02,7.862440000000000540e-01,7.097390000000000088e-01,2.252079999999999915e-01,5.312280000000000335e-01,2.119499999999999856e-02,-1.202884000000000064e+00,-3.103259999999999907e-01,-5.530999999999999805e-02,1.041260000000000074e+00,7.607420000000000293e-01,-1.573170000000000124e-01,-2.980800000000000116e-02,-4.307000000000000065e-03,5.567290000000000294e-01,1.487030000000000018e-01,-1.063130000000000047e-01,-1.279387999999999970e+00,5.822310000000000541e-01,-4.307000000000000065e-03,4.802239999999999842e-01,1.627798000000000078e+00,1.423785000000000078e+00,9.769999999999999518e-02,-1.483402000000000109e+00,-9.733690000000000397e-01,1.372781000000000029e+00,-2.083200000000000052e-01,-2.593230000000000257e-01,5.312280000000000335e-01,3.272140000000000049e-01,-1.661912999999999974e+00,7.607420000000000293e-01,3.527159999999999740e-01,3.782179999999999986e-01,7.352410000000000334e-01,1.232010000000000050e-01,1.232010000000000050e-01,4.292210000000000192e-01,1.232010000000000050e-01,-5.653430000000000399e-01,3.272140000000000049e-01,9.902570000000000539e-01,1.321777999999999897e+00,-2.338210000000000011e-01,-6.163459999999999495e-01,2.762109999999999843e-01,-1.636411000000000060e+00,-7.183530000000000193e-01,2.252079999999999915e-01,4.802239999999999842e-01,7.862440000000000540e-01,1.729803999999999897e+00,-2.848249999999999948e-01,-2.083200000000000052e-01,5.312280000000000335e-01,-5.653430000000000399e-01,2.507099999999999884e-01,4.037189999999999945e-01,9.647550000000000292e-01,-2.338210000000000011e-01,-2.885991000000000195e+00,-1.049873999999999974e+00,8.117459999999999676e-01,1.066761999999999988e+00,1.959319000000000033e+00,1.194269999999999943e+00,-1.279387999999999970e+00,5.567290000000000294e-01,8.372469999999999635e-01,-8.081199999999999495e-02,-6.163459999999999495e-01,-4.378349999999999742e-01,1.066761999999999988e+00,3.782179999999999986e-01,-2.656477000000000199e+00,-9.733690000000000397e-01,8.372469999999999635e-01,1.321777999999999897e+00,9.647550000000000292e-01,6.587359999999999882e-01,1.194269999999999943e+00,-2.980800000000000116e-02,3.782179999999999986e-01,-7.693560000000000398e-01,-4.378349999999999742e-01,2.507099999999999884e-01,7.219799999999999829e-02,4.802239999999999842e-01,4.037189999999999945e-01,-1.024372000000000060e+00,-1.049873999999999974e+00,1.270774999999999988e+00,1.194269999999999943e+00,-2.083200000000000052e-01,4.669600000000000140e-02,1.627798000000000078e+00,1.219772000000000078e+00,9.647550000000000292e-01,-3.370521999999999796e+00,-2.593230000000000257e-01,9.769999999999999518e-02,-3.103259999999999907e-01,1.487030000000000018e-01,6.842369999999999841e-01,2.119499999999999856e-02,3.272140000000000049e-01,-8.458609999999999740e-01,1.232010000000000050e-01,1.092262999999999984e+00,2.367344999999999811e+00,1.219772000000000078e+00,7.219799999999999829e-02,-5.143389999999999906e-01,-7.948570000000000357e-01,-4.633360000000000256e-01,3.272140000000000049e-01,-6.418479999999999741e-01,-4.378349999999999742e-01,1.997059999999999946e-01,5.567290000000000294e-01,1.092262999999999984e+00,2.762109999999999843e-01,7.219799999999999829e-02,-1.840424000000000060e+00,-5.908440000000000358e-01,1.449286000000000074e+00,1.525790999999999897e+00,-5.143389999999999906e-01,-1.828180000000000083e-01,1.997059999999999946e-01,-3.613299999999999845e-01,9.137520000000000087e-01,-8.081199999999999495e-02,7.607420000000000293e-01,-3.613299999999999845e-01,-5.530999999999999805e-02,5.057260000000000089e-01,-3.103259999999999907e-01,-4.888379999999999947e-01,5.822310000000000541e-01,1.780807999999999947e+00,3.272140000000000049e-01,-3.103259999999999907e-01,-4.307000000000000065e-03,-5.398410000000000153e-01,-8.203589999999999494e-01,-4.633360000000000256e-01,2.252079999999999915e-01,8.882499999999999840e-01,1.347280000000000033e+00,-5.143389999999999906e-01,9.769999999999999518e-02,1.066761999999999988e+00,9.392540000000000333e-01,-3.358280000000000154e-01,-1.355893000000000015e+00,-2.083200000000000052e-01,1.742049999999999987e-01,1.232010000000000050e-01,5.567290000000000294e-01,1.525790999999999897e+00,-4.123330000000000051e-01,-1.063130000000000047e-01,-8.968639999999999946e-01,7.219799999999999829e-02,1.474787999999999988e+00,1.015759000000000079e+00,1.487030000000000018e-01,-2.593230000000000257e-01,-2.980800000000000116e-02,-6.418479999999999741e-01,1.232010000000000050e-01,3.272140000000000049e-01,4.547229999999999883e-01,-1.063130000000000047e-01,-1.100877000000000105e+00,-3.103259999999999907e-01,4.802239999999999842e-01,5.567290000000000294e-01,5.312280000000000335e-01,9.137520000000000087e-01,2.252079999999999915e-01,2.762109999999999843e-01,4.292210000000000192e-01,2.119499999999999856e-02,-1.573170000000000124e-01,3.527159999999999740e-01,-4.888379999999999947e-01,-4.378349999999999742e-01,4.037189999999999945e-01,6.332339999999999636e-01,3.782179999999999986e-01,5.057260000000000089e-01,-2.083200000000000052e-01,1.232010000000000050e-01,3.527159999999999740e-01,6.587359999999999882e-01,-3.868309999999999804e-01,-1.573170000000000124e-01,-4.307000000000000065e-03,1.487030000000000018e-01,5.567290000000000294e-01,-2.980800000000000116e-02,2.762109999999999843e-01,-4.888379999999999947e-01,-4.123330000000000051e-01,1.232010000000000050e-01,4.669600000000000140e-02,1.015759000000000079e+00,-5.398410000000000153e-01,-2.083200000000000052e-01,5.822310000000000541e-01,6.842369999999999841e-01,1.041260000000000074e+00,4.037189999999999945e-01,1.015759000000000079e+00,7.607420000000000293e-01,-4.888379999999999947e-01,-5.398410000000000153e-01,-9.988700000000000356e-01,-5.398410000000000153e-01,-4.307000000000000065e-03,-2.980800000000000116e-02,-9.223660000000000192e-01,1.041260000000000074e+00,9.137520000000000087e-01,3.017130000000000090e-01,1.232010000000000050e-01,-4.378349999999999742e-01,2.119499999999999856e-02,1.449286000000000074e+00,-2.980800000000000116e-02,-4.378349999999999742e-01,7.219799999999999829e-02,1.041260000000000074e+00,1.576794999999999947e+00,-7.183530000000000193e-01,-1.100877000000000105e+00,3.017130000000000090e-01,7.219799999999999829e-02,3.527159999999999740e-01,-4.378349999999999742e-01,5.567290000000000294e-01,6.587359999999999882e-01,1.143267000000000033e+00,-3.103259999999999907e-01,-6.163459999999999495e-01,-1.916929000000000105e+00,-2.980800000000000116e-02,-2.338210000000000011e-01,9.392540000000000333e-01,7.219799999999999829e-02,9.902570000000000539e-01,1.997059999999999946e-01,1.678800999999999988e+00,1.245273000000000074e+00,-5.908440000000000358e-01,3.272140000000000049e-01,1.997059999999999946e-01,-1.891428000000000109e+00,-7.438540000000000152e-01,1.245273000000000074e+00,1.627798000000000078e+00,4.669600000000000140e-02,-9.988700000000000356e-01,-1.828180000000000083e-01,6.077320000000000499e-01,-7.693560000000000398e-01,-2.593230000000000257e-01,5.312280000000000335e-01,-1.330392000000000019e+00,1.551293000000000033e+00,1.270774999999999988e+00,5.822310000000000541e-01,-6.673489999999999700e-01,4.669600000000000140e-02,6.077320000000000499e-01,5.057260000000000089e-01,4.037189999999999945e-01,2.762109999999999843e-01,7.219799999999999829e-02,7.219799999999999829e-02,-5.143389999999999906e-01,-2.593230000000000257e-01,2.762109999999999843e-01,1.487030000000000018e-01,-2.338210000000000011e-01,-1.063130000000000047e-01,-2.980800000000000116e-02,9.769999999999999518e-02,9.392540000000000333e-01,2.507099999999999884e-01,-2.593230000000000257e-01,7.862440000000000540e-01,1.487030000000000018e-01,-1.318149999999999877e-01,-4.307000000000000065e-03,5.567290000000000294e-01,5.312280000000000335e-01,2.507099999999999884e-01,-5.530999999999999805e-02,3.782179999999999986e-01,6.587359999999999882e-01,-1.355893000000000015e+00,-6.418479999999999741e-01,7.219799999999999829e-02,1.092262999999999984e+00,1.347280000000000033e+00,1.092262999999999984e+00,5.567290000000000294e-01,-1.508903000000000105e+00,-9.478670000000000151e-01,-5.143389999999999906e-01,3.272140000000000049e-01,-3.868309999999999804e-01,-2.338210000000000011e-01,2.119499999999999856e-02,8.117459999999999676e-01,7.862440000000000540e-01,1.168768000000000029e+00,5.567290000000000294e-01,3.527159999999999740e-01,9.769999999999999518e-02,-4.307000000000000065e-03,-4.307000000000000065e-03,-1.573170000000000124e-01,-5.530999999999999805e-02,-1.318149999999999877e-01,-1.063130000000000047e-01,2.119499999999999856e-02,9.769999999999999518e-02,7.219799999999999829e-02,-2.980800000000000116e-02,2.119499999999999856e-02,1.232010000000000050e-01,1.449286000000000074e+00,1.474787999999999988e+00,1.232010000000000050e-01,-3.192010999999999932e+00,6.077320000000000499e-01,-8.081199999999999495e-02,1.997059999999999946e-01,-4.307000000000000065e-03,7.862440000000000540e-01,5.057260000000000089e-01,3.272140000000000049e-01,4.292210000000000192e-01,-2.980800000000000116e-02,1.232010000000000050e-01,2.507099999999999884e-01,2.252079999999999915e-01,2.507099999999999884e-01,7.219799999999999829e-02,-2.848249999999999948e-01,-2.593230000000000257e-01,-4.307000000000000065e-03,3.782179999999999986e-01,9.647550000000000292e-01,9.392540000000000333e-01,1.742049999999999987e-01,-4.888379999999999947e-01,-2.338210000000000011e-01,-5.143389999999999906e-01,3.527159999999999740e-01,7.219799999999999829e-02,-6.418479999999999741e-01,-1.049873999999999974e+00,-2.083200000000000052e-01,7.862440000000000540e-01,1.525790999999999897e+00,1.372781000000000029e+00,1.066761999999999988e+00,-5.653430000000000399e-01,-3.103259999999999907e-01,5.312280000000000335e-01,5.057260000000000089e-01,-1.063130000000000047e-01,-2.593230000000000257e-01,-1.573170000000000124e-01,2.252079999999999915e-01,4.802239999999999842e-01,-5.530999999999999805e-02,4.802239999999999842e-01,2.762109999999999843e-01,-2.848249999999999948e-01,-1.763919000000000015e+00,6.587359999999999882e-01,3.527159999999999740e-01,6.332339999999999636e-01,2.367344999999999811e+00,3.272140000000000049e-01,-1.024372000000000060e+00,-3.103259999999999907e-01,4.669600000000000140e-02,2.507099999999999884e-01,3.017130000000000090e-01,1.997059999999999946e-01,3.272140000000000049e-01,3.782179999999999986e-01,-6.163459999999999495e-01,-2.848249999999999948e-01,1.092262999999999984e+00,-4.888379999999999947e-01,3.017130000000000090e-01,4.802239999999999842e-01,1.232010000000000050e-01,1.487030000000000018e-01,1.487030000000000018e-01,-1.063130000000000047e-01,2.252079999999999915e-01,4.547229999999999883e-01,7.607420000000000293e-01,-1.573170000000000124e-01,-2.083200000000000052e-01,-6.673489999999999700e-01,9.902570000000000539e-01,4.292210000000000192e-01,-1.636411000000000060e+00,-8.968639999999999946e-01,1.653299000000000074e+00,1.908315999999999901e+00,3.272140000000000049e-01,-2.980800000000000116e-02,-8.968639999999999946e-01,8.882499999999999840e-01,7.862440000000000540e-01,-1.636411000000000060e+00,-8.968639999999999946e-01,5.312280000000000335e-01,1.653299000000000074e+00,-1.318149999999999877e-01,5.057260000000000089e-01,1.487030000000000018e-01,6.077320000000000499e-01,-2.593230000000000257e-01,-1.151880000000000015e+00,-2.980800000000000116e-02,-4.307000000000000065e-03,3.272140000000000049e-01,9.647550000000000292e-01,9.137520000000000087e-01,9.769999999999999518e-02,1.487030000000000018e-01,7.219799999999999829e-02,-2.083200000000000052e-01,-3.358280000000000154e-01,-3.103259999999999907e-01,-5.398410000000000153e-01,2.507099999999999884e-01,3.527159999999999740e-01,6.842369999999999841e-01,-4.307000000000000065e-03,8.117459999999999676e-01,7.352410000000000334e-01,-8.081199999999999495e-02,7.219799999999999829e-02,1.487030000000000018e-01,-5.653430000000000399e-01,-1.828180000000000083e-01,-1.828180000000000083e-01,9.647550000000000292e-01,1.908315999999999901e+00,4.292210000000000192e-01,-5.908440000000000358e-01,-1.151880000000000015e+00,-4.633360000000000256e-01,5.822310000000000541e-01,4.802239999999999842e-01,-2.338210000000000011e-01,1.487030000000000018e-01,9.769999999999999518e-02,7.352410000000000334e-01,-6.673489999999999700e-01,4.292210000000000192e-01,8.372469999999999635e-01,-6.928509999999999946e-01,2.252079999999999915e-01,9.769999999999999518e-02,5.822310000000000541e-01,6.332339999999999636e-01,1.487030000000000018e-01,-1.828180000000000083e-01,4.037189999999999945e-01,9.769999999999999518e-02,-7.948570000000000357e-01,-5.530999999999999805e-02,1.232010000000000050e-01,1.742049999999999987e-01,2.252079999999999915e-01,1.997059999999999946e-01,4.037189999999999945e-01,5.567290000000000294e-01,1.742049999999999987e-01,3.272140000000000049e-01,1.487030000000000018e-01,-3.613299999999999845e-01,-5.908440000000000358e-01,7.097390000000000088e-01,-1.075374999999999970e+00,8.372469999999999635e-01,7.607420000000000293e-01,8.627489999999999881e-01,3.017130000000000090e-01,1.232010000000000050e-01,-1.318149999999999877e-01,-1.432398000000000060e+00,1.232010000000000050e-01,5.312280000000000335e-01,1.997059999999999946e-01,3.272140000000000049e-01,1.997059999999999946e-01,1.857312000000000074e+00,-4.888379999999999947e-01,1.487030000000000018e-01,-1.318149999999999877e-01,-6.673489999999999700e-01,-4.123330000000000051e-01,-8.968639999999999946e-01,4.037189999999999945e-01,5.057260000000000089e-01,6.077320000000000499e-01,1.117764999999999898e+00,8.627489999999999881e-01,-1.318149999999999877e-01,-8.081199999999999495e-02,-2.338210000000000011e-01,2.119499999999999856e-02,4.669600000000000140e-02,-1.573170000000000124e-01,-8.968639999999999946e-01,1.270774999999999988e+00,8.372469999999999635e-01,9.902570000000000539e-01,-1.828180000000000083e-01,-1.253886999999999974e+00,-4.378349999999999742e-01,9.137520000000000087e-01,1.525790999999999897e+00,-5.530999999999999805e-02,-9.988700000000000356e-01,-2.528967999999999883e+00,8.627489999999999881e-01,1.449286000000000074e+00,2.392847000000000168e+00,3.017130000000000090e-01,-2.095441000000000109e+00,-1.457899999999999974e+00,1.882813999999999988e+00,9.902570000000000539e-01,1.232010000000000050e-01,-3.103259999999999907e-01,3.272140000000000049e-01,1.015759000000000079e+00,1.066761999999999988e+00,-8.081199999999999495e-02,-1.024372000000000060e+00,-7.438540000000000152e-01,-6.418479999999999741e-01,5.057260000000000089e-01,-4.123330000000000051e-01,6.332339999999999636e-01,7.607420000000000293e-01,4.292210000000000192e-01,9.769999999999999518e-02,2.119499999999999856e-02,-5.530999999999999805e-02,2.119499999999999856e-02,7.219799999999999829e-02,-1.573170000000000124e-01,5.312280000000000335e-01,7.862440000000000540e-01,5.822310000000000541e-01,1.742049999999999987e-01,-1.712916000000000105e+00,-4.633360000000000256e-01,5.057260000000000089e-01,2.137830000000000119e+00,4.669600000000000140e-02,-5.143389999999999906e-01,-3.103259999999999907e-01,1.117764999999999898e+00,1.092262999999999984e+00,1.066761999999999988e+00,1.742049999999999987e-01,-7.183530000000000193e-01,-7.183530000000000193e-01,-1.202884000000000064e+00,-7.693560000000000398e-01,4.037189999999999945e-01,8.882499999999999840e-01,3.272140000000000049e-01,4.547229999999999883e-01,5.312280000000000335e-01,2.507099999999999884e-01,-8.081199999999999495e-02,8.117459999999999676e-01,-9.223660000000000192e-01,-1.318149999999999877e-01,3.782179999999999986e-01,3.782179999999999986e-01,1.997059999999999946e-01,7.352410000000000334e-01,-1.063130000000000047e-01,-3.103259999999999907e-01,4.802239999999999842e-01,4.292210000000000192e-01,7.219799999999999829e-02,-3.613299999999999845e-01,8.372469999999999635e-01,-4.307000000000000065e-03,4.802239999999999842e-01,4.292210000000000192e-01,-5.530999999999999805e-02,1.487030000000000018e-01,3.272140000000000049e-01,-2.593230000000000257e-01,-2.980800000000000116e-02,2.252079999999999915e-01,-1.573170000000000124e-01,-2.593230000000000257e-01,1.117764999999999898e+00,4.802239999999999842e-01,4.292210000000000192e-01,3.017130000000000090e-01,4.669600000000000140e-02,7.219799999999999829e-02,3.272140000000000049e-01,-2.980800000000000116e-02,-8.081199999999999495e-02,-1.828180000000000083e-01,-8.081199999999999495e-02,4.037189999999999945e-01,4.802239999999999842e-01,2.119499999999999856e-02,-2.848249999999999948e-01,-1.828180000000000083e-01,2.119499999999999856e-02,1.015759000000000079e+00,4.037189999999999945e-01,1.232010000000000050e-01,-1.063130000000000047e-01,2.252079999999999915e-01,1.487030000000000018e-01,5.312280000000000335e-01,-4.888379999999999947e-01,-4.888379999999999947e-01,5.312280000000000335e-01,1.117764999999999898e+00,9.769999999999999518e-02,-2.848249999999999948e-01,-1.573170000000000124e-01,2.507099999999999884e-01,7.219799999999999829e-02,-4.307000000000000065e-03,1.487030000000000018e-01,2.762109999999999843e-01,-3.103259999999999907e-01,2.252079999999999915e-01,-1.063130000000000047e-01,3.527159999999999740e-01,9.769999999999999518e-02,7.097390000000000088e-01,1.232010000000000050e-01,8.882499999999999840e-01,8.627489999999999881e-01,2.252079999999999915e-01,-3.103259999999999907e-01,-6.418479999999999741e-01,-1.828180000000000083e-01,-1.828180000000000083e-01,4.669600000000000140e-02,3.782179999999999986e-01,1.487030000000000018e-01,5.057260000000000089e-01,5.312280000000000335e-01,-6.163459999999999495e-01,2.119499999999999856e-02,1.168768000000000029e+00,1.066761999999999988e+00,-7.948570000000000357e-01,3.017130000000000090e-01,-3.868309999999999804e-01,-2.848249999999999948e-01,3.527159999999999740e-01,-8.081199999999999495e-02,3.782179999999999986e-01,5.312280000000000335e-01,1.487030000000000018e-01,1.742049999999999987e-01,4.669600000000000140e-02,1.232010000000000050e-01,5.822310000000000541e-01,3.527159999999999740e-01,2.762109999999999843e-01,-5.530999999999999805e-02,-2.338210000000000011e-01,4.669600000000000140e-02,-2.083200000000000052e-01,1.487030000000000018e-01,2.507099999999999884e-01,1.997059999999999946e-01,1.742049999999999987e-01,2.119499999999999856e-02,4.292210000000000192e-01,6.842369999999999841e-01,2.507099999999999884e-01,-6.928509999999999946e-01,-4.378349999999999742e-01,7.862440000000000540e-01,1.232010000000000050e-01,3.272140000000000049e-01,-3.358280000000000154e-01,5.312280000000000335e-01,4.037189999999999945e-01,-1.318149999999999877e-01,-8.081199999999999495e-02,4.802239999999999842e-01,1.232010000000000050e-01,2.252079999999999915e-01,4.292210000000000192e-01,4.292210000000000192e-01,4.547229999999999883e-01,5.057260000000000089e-01,2.119499999999999856e-02,-7.183530000000000193e-01,-5.908440000000000358e-01,-3.103259999999999907e-01,4.669600000000000140e-02,5.057260000000000089e-01,4.037189999999999945e-01,8.627489999999999881e-01,9.647550000000000292e-01,-5.530999999999999805e-02,-1.573170000000000124e-01,-2.338210000000000011e-01,5.057260000000000089e-01,7.862440000000000540e-01,-1.828180000000000083e-01,-3.103259999999999907e-01,-1.828180000000000083e-01,-3.868309999999999804e-01,1.066761999999999988e+00,7.352410000000000334e-01,-4.888379999999999947e-01,6.332339999999999636e-01,1.487030000000000018e-01,-1.610910000000000064e+00,3.272140000000000049e-01,6.842369999999999841e-01,-4.307000000000000065e-03,8.372469999999999635e-01,2.507099999999999884e-01,5.312280000000000335e-01,1.997059999999999946e-01,-8.081199999999999495e-02,-3.613299999999999845e-01,2.507099999999999884e-01,8.117459999999999676e-01,1.997059999999999946e-01,-2.980800000000000116e-02,3.272140000000000049e-01,4.292210000000000192e-01,-5.653430000000000399e-01,-2.593230000000000257e-01,-3.103259999999999907e-01,-1.318149999999999877e-01,7.219799999999999829e-02,3.782179999999999986e-01,4.037189999999999945e-01,2.762109999999999843e-01,1.015759000000000079e+00,4.292210000000000192e-01,3.272140000000000049e-01,-6.163459999999999495e-01,2.119499999999999856e-02,-2.848249999999999948e-01,1.487030000000000018e-01,-1.318149999999999877e-01,1.487030000000000018e-01,6.587359999999999882e-01,1.117764999999999898e+00,1.232010000000000050e-01,-4.378349999999999742e-01,3.272140000000000049e-01,7.219799999999999829e-02,-2.593230000000000257e-01,2.252079999999999915e-01,1.232010000000000050e-01,2.119499999999999856e-02,4.802239999999999842e-01,4.037189999999999945e-01,2.762109999999999843e-01,1.487030000000000018e-01,7.219799999999999829e-02,2.119499999999999856e-02,4.669600000000000140e-02,1.742049999999999987e-01,-5.530999999999999805e-02,-2.980800000000000116e-02,1.742049999999999987e-01,2.252079999999999915e-01,1.742049999999999987e-01,5.312280000000000335e-01,-1.063130000000000047e-01,-5.530999999999999805e-02,3.272140000000000049e-01,1.742049999999999987e-01,1.232010000000000050e-01,1.232010000000000050e-01,5.312280000000000335e-01,1.232010000000000050e-01,8.372469999999999635e-01,-1.318149999999999877e-01,-1.202884000000000064e+00,7.219799999999999829e-02,2.762109999999999843e-01,3.782179999999999986e-01,3.782179999999999986e-01,9.392540000000000333e-01,-3.868309999999999804e-01,-5.398410000000000153e-01,8.372469999999999635e-01,7.352410000000000334e-01,1.551293000000000033e+00,2.119499999999999856e-02,-5.653430000000000399e-01,-1.738418000000000019e+00,-2.848249999999999948e-01,1.232010000000000050e-01,3.527159999999999740e-01,1.066761999999999988e+00,6.077320000000000499e-01,2.507099999999999884e-01,4.292210000000000192e-01,4.292210000000000192e-01,2.762109999999999843e-01,-3.613299999999999845e-01,9.769999999999999518e-02,7.219799999999999829e-02,-2.980800000000000116e-02,4.669600000000000140e-02,-2.980800000000000116e-02,9.769999999999999518e-02,1.232010000000000050e-01,1.232010000000000050e-01,1.487030000000000018e-01,-2.980800000000000116e-02,2.252079999999999915e-01,5.057260000000000089e-01,6.587359999999999882e-01,-1.381394999999999929e+00,-3.868309999999999804e-01,9.902570000000000539e-01,1.423785000000000078e+00,5.822310000000000541e-01,-5.530999999999999805e-02,-6.418479999999999741e-01,-6.418479999999999741e-01,-2.083200000000000052e-01,6.842369999999999841e-01,5.567290000000000294e-01,2.507099999999999884e-01,3.527159999999999740e-01,1.487030000000000018e-01,-1.318149999999999877e-01,1.232010000000000050e-01,3.017130000000000090e-01,-6.928509999999999946e-01,-1.828180000000000083e-01,4.547229999999999883e-01,5.822310000000000541e-01,6.587359999999999882e-01,1.449286000000000074e+00,3.017130000000000090e-01,-7.693560000000000398e-01,-9.733690000000000397e-01,-4.888379999999999947e-01,-2.980800000000000116e-02,4.037189999999999945e-01,1.015759000000000079e+00,1.143267000000000033e+00,1.232010000000000050e-01,-6.418479999999999741e-01,3.017130000000000090e-01,2.762109999999999843e-01,6.842369999999999841e-01,-1.534405000000000019e+00,7.219799999999999829e-02,-1.318149999999999877e-01,5.057260000000000089e-01,7.607420000000000293e-01,1.487030000000000018e-01,1.487030000000000018e-01,1.997059999999999946e-01,-2.083200000000000052e-01,1.487030000000000018e-01,1.997059999999999946e-01,4.037189999999999945e-01,4.547229999999999883e-01,2.119499999999999856e-02,2.119499999999999856e-02,-4.378349999999999742e-01,-1.406897000000000064e+00,1.487030000000000018e-01,1.194269999999999943e+00,1.372781000000000029e+00,6.842369999999999841e-01,-5.530999999999999805e-02,-3.358280000000000154e-01,-5.398410000000000153e-01,-9.733690000000000397e-01,1.232010000000000050e-01,1.194269999999999943e+00,7.352410000000000334e-01,-3.103259999999999907e-01,-5.398410000000000153e-01,-9.223660000000000192e-01,6.842369999999999841e-01,4.037189999999999945e-01,6.077320000000000499e-01,1.092262999999999984e+00,1.219772000000000078e+00,-3.103259999999999907e-01,7.219799999999999829e-02,-8.968639999999999946e-01,-5.653430000000000399e-01,7.352410000000000334e-01,-2.083200000000000052e-01,-1.828180000000000083e-01,2.252079999999999915e-01,-5.530999999999999805e-02,4.802239999999999842e-01,-4.633360000000000256e-01,-1.828180000000000083e-01,3.782179999999999986e-01,6.842369999999999841e-01,-2.083200000000000052e-01,-1.828180000000000083e-01,9.392540000000000333e-01,1.194269999999999943e+00,2.762109999999999843e-01,9.769999999999999518e-02,-3.868309999999999804e-01,-3.868309999999999804e-01,-6.928509999999999946e-01,4.547229999999999883e-01,9.392540000000000333e-01,4.802239999999999842e-01,4.292210000000000192e-01,-1.177381999999999929e+00,-7.183530000000000193e-01,1.997059999999999946e-01,1.041260000000000074e+00,7.219799999999999829e-02,1.487030000000000018e-01,7.219799999999999829e-02,-2.848249999999999948e-01,4.037189999999999945e-01,1.347280000000000033e+00,7.097390000000000088e-01,-3.358280000000000154e-01,-8.081199999999999495e-02,2.119499999999999856e-02,2.762109999999999843e-01,2.119499999999999856e-02,-4.888379999999999947e-01,-5.143389999999999906e-01,2.252079999999999915e-01,1.066761999999999988e+00,-1.573170000000000124e-01,-2.083200000000000052e-01,1.232010000000000050e-01,9.392540000000000333e-01,5.312280000000000335e-01,-4.888379999999999947e-01,2.762109999999999843e-01,6.077320000000000499e-01,4.292210000000000192e-01,-1.406897000000000064e+00,-8.203589999999999494e-01,8.117459999999999676e-01,1.015759000000000079e+00,6.332339999999999636e-01,-1.318149999999999877e-01,6.332339999999999636e-01,3.272140000000000049e-01,4.037189999999999945e-01,-1.304890000000000105e+00,-4.633360000000000256e-01,-1.828180000000000083e-01,1.296276999999999902e+00,9.392540000000000333e-01,-8.081199999999999495e-02,1.232010000000000050e-01,7.219799999999999829e-02,5.057260000000000089e-01,2.762109999999999843e-01,-2.848249999999999948e-01,-1.636411000000000060e+00,2.762109999999999843e-01,1.449286000000000074e+00,2.252079999999999915e-01,9.647550000000000292e-01,-6.673489999999999700e-01,-2.980800000000000116e-02,-2.593230000000000257e-01,1.347280000000000033e+00,1.270774999999999988e+00,-1.151880000000000015e+00,-1.508903000000000105e+00,1.729803999999999897e+00,-4.123330000000000051e-01,-5.530999999999999805e-02,7.219799999999999829e-02,2.762109999999999843e-01,-5.143389999999999906e-01,9.769999999999999518e-02,7.352410000000000334e-01,-2.848249999999999948e-01,-3.358280000000000154e-01,6.587359999999999882e-01,6.077320000000000499e-01,4.802239999999999842e-01,-1.318149999999999877e-01,-6.673489999999999700e-01,-8.458609999999999740e-01,1.041260000000000074e+00,7.097390000000000088e-01,-6.163459999999999495e-01,2.252079999999999915e-01,-5.530999999999999805e-02,9.769999999999999518e-02,1.742049999999999987e-01,2.252079999999999915e-01,3.782179999999999986e-01,1.347280000000000033e+00,9.392540000000000333e-01,-1.916929000000000105e+00,-2.936995000000000022e+00,9.902570000000000539e-01,1.245273000000000074e+00,2.086826999999999988e+00,2.119499999999999856e-02,7.219799999999999829e-02,-7.438540000000000152e-01,4.669600000000000140e-02,-6.928509999999999946e-01,-8.081199999999999495e-02,1.168768000000000029e+00,-5.530999999999999805e-02,6.077320000000000499e-01,9.647550000000000292e-01,7.219799999999999829e-02,-3.868309999999999804e-01,4.802239999999999842e-01,-9.988700000000000356e-01,-1.318149999999999877e-01,4.547229999999999883e-01,1.041260000000000074e+00,9.137520000000000087e-01,9.137520000000000087e-01,3.017130000000000090e-01,-1.610910000000000064e+00,-1.177381999999999929e+00,-5.530999999999999805e-02,-1.202884000000000064e+00,1.219772000000000078e+00,1.908315999999999901e+00,8.117459999999999676e-01,-4.378349999999999742e-01,7.862440000000000540e-01,1.092262999999999984e+00,-7.183530000000000193e-01,-8.203589999999999494e-01,-8.081199999999999495e-02,-2.593230000000000257e-01,2.119499999999999856e-02,4.547229999999999883e-01,1.194269999999999943e+00,1.831811000000000078e+00,-1.075374999999999970e+00,-3.421526000000000067e+00,-2.848249999999999948e-01,7.097390000000000088e-01,9.647550000000000292e-01,-3.103259999999999907e-01,1.551293000000000033e+00,1.500289999999999901e+00,1.602295999999999943e+00,5.057260000000000089e-01,-1.636411000000000060e+00,1.232010000000000050e-01,2.507099999999999884e-01,5.822310000000000541e-01,-6.418479999999999741e-01,-1.228385000000000060e+00,-4.307000000000000065e-03,6.077320000000000499e-01,4.037189999999999945e-01,9.769999999999999518e-02,8.372469999999999635e-01,1.092262999999999984e+00,-2.083200000000000052e-01,-2.848249999999999948e-01,-1.279387999999999970e+00,4.669600000000000140e-02,7.352410000000000334e-01,2.252079999999999915e-01,-4.123330000000000051e-01,5.057260000000000089e-01,6.842369999999999841e-01,-9.733690000000000397e-01,1.742049999999999987e-01,1.194269999999999943e+00,3.527159999999999740e-01,2.252079999999999915e-01,-1.304890000000000105e+00,1.742049999999999987e-01,1.372781000000000029e+00,1.908315999999999901e+00,2.507099999999999884e-01,-1.304890000000000105e+00,-2.593230000000000257e-01,2.762109999999999843e-01,-2.848249999999999948e-01,-4.888379999999999947e-01,1.232010000000000050e-01,2.762109999999999843e-01,1.678800999999999988e+00,-5.908440000000000358e-01,-4.888379999999999947e-01,-3.613299999999999845e-01,1.168768000000000029e+00,9.769999999999999518e-02,-1.318149999999999877e-01,2.762109999999999843e-01,5.822310000000000541e-01,-8.081199999999999495e-02,2.252079999999999915e-01,1.742049999999999987e-01,3.782179999999999986e-01,-2.083200000000000052e-01,-2.848249999999999948e-01,5.567290000000000294e-01,-5.653430000000000399e-01,6.332339999999999636e-01,5.822310000000000541e-01,-3.103259999999999907e-01,6.332339999999999636e-01,4.037189999999999945e-01,4.292210000000000192e-01,1.092262999999999984e+00,-1.100877000000000105e+00,-1.406897000000000064e+00,-6.163459999999999495e-01,1.857312000000000074e+00,6.587359999999999882e-01,-1.406897000000000064e+00,1.232010000000000050e-01,4.547229999999999883e-01,-5.653430000000000399e-01,2.252079999999999915e-01,1.551293000000000033e+00,1.449286000000000074e+00,-1.559906000000000015e+00,1.487030000000000018e-01,1.398282999999999943e+00,-4.633360000000000256e-01,-5.530999999999999805e-02,4.802239999999999842e-01,4.292210000000000192e-01,1.997059999999999946e-01,3.782179999999999986e-01,-3.103259999999999907e-01,2.119499999999999856e-02,-3.613299999999999845e-01,-2.848249999999999948e-01,-4.378349999999999742e-01,-1.063130000000000047e-01,2.252079999999999915e-01,7.862440000000000540e-01,4.037189999999999945e-01,1.245273000000000074e+00,7.219799999999999829e-02,-2.980800000000000116e-02,1.232010000000000050e-01,-4.888379999999999947e-01,-3.613299999999999845e-01,3.017130000000000090e-01,1.806308999999999942e+00,4.037189999999999945e-01,-1.891428000000000109e+00,4.802239999999999842e-01,1.117764999999999898e+00,-1.063130000000000047e-01,-8.458609999999999740e-01,5.312280000000000335e-01,4.037189999999999945e-01,7.219799999999999829e-02,-1.534405000000000019e+00,7.097390000000000088e-01,4.802239999999999842e-01,7.352410000000000334e-01,2.507099999999999884e-01,6.077320000000000499e-01,7.219799999999999829e-02,3.782179999999999986e-01,-6.163459999999999495e-01,3.527159999999999740e-01,4.292210000000000192e-01,5.057260000000000089e-01,-1.063130000000000047e-01,-4.633360000000000256e-01,5.057260000000000089e-01,-4.307000000000000065e-03,-1.318149999999999877e-01,2.762109999999999843e-01,3.527159999999999740e-01,3.017130000000000090e-01,2.507099999999999884e-01,2.507099999999999884e-01,-9.733690000000000397e-01,3.272140000000000049e-01,7.219799999999999829e-02,3.782179999999999986e-01,4.802239999999999842e-01,5.312280000000000335e-01,-3.868309999999999804e-01,7.219799999999999829e-02,1.232010000000000050e-01,-1.318149999999999877e-01,3.017130000000000090e-01,1.245273000000000074e+00,1.487030000000000018e-01,3.272140000000000049e-01,-1.381394999999999929e+00,1.742049999999999987e-01,-4.378349999999999742e-01,6.842369999999999841e-01,5.822310000000000541e-01,1.997059999999999946e-01,4.802239999999999842e-01,9.647550000000000292e-01,8.627489999999999881e-01,-2.083200000000000052e-01,-8.458609999999999740e-01,-6.928509999999999946e-01,-2.338210000000000011e-01,5.567290000000000294e-01,2.762109999999999843e-01,3.017130000000000090e-01,1.423785000000000078e+00,-7.948570000000000357e-01,-1.318149999999999877e-01,3.527159999999999740e-01,4.669600000000000140e-02,1.742049999999999987e-01,1.997059999999999946e-01,3.782179999999999986e-01,1.117764999999999898e+00,3.527159999999999740e-01,-2.338210000000000011e-01,-1.253886999999999974e+00,-4.888379999999999947e-01,-1.318149999999999877e-01,8.627489999999999881e-01,-4.633360000000000256e-01,2.762109999999999843e-01,-3.613299999999999845e-01,7.219799999999999829e-02,6.077320000000000499e-01,7.352410000000000334e-01,5.567290000000000294e-01,3.017130000000000090e-01,3.017130000000000090e-01,3.527159999999999740e-01,-2.338210000000000011e-01,1.487030000000000018e-01,5.567290000000000294e-01,-1.828180000000000083e-01,-5.398410000000000153e-01,-2.848249999999999948e-01,1.997059999999999946e-01,6.842369999999999841e-01,8.882499999999999840e-01,-8.458609999999999740e-01,-1.559906000000000015e+00,-8.458609999999999740e-01,5.057260000000000089e-01,1.245273000000000074e+00,1.168768000000000029e+00,1.423785000000000078e+00,6.332339999999999636e-01,2.762109999999999843e-01,-2.593230000000000257e-01,-3.868309999999999804e-01,-3.358280000000000154e-01,-2.848249999999999948e-01,-1.063130000000000047e-01,2.119499999999999856e-02,-1.063130000000000047e-01,-3.103259999999999907e-01,1.997059999999999946e-01,8.372469999999999635e-01,1.168768000000000029e+00,6.077320000000000499e-01,-1.075374999999999970e+00,-9.733690000000000397e-01,5.312280000000000335e-01,-3.358280000000000154e-01,9.392540000000000333e-01,1.270774999999999988e+00,9.137520000000000087e-01,-3.613299999999999845e-01,-8.458609999999999740e-01,4.802239999999999842e-01,-1.063130000000000047e-01,-8.081199999999999495e-02,1.487030000000000018e-01,-5.653430000000000399e-01,3.272140000000000049e-01,3.527159999999999740e-01,1.997059999999999946e-01,2.119499999999999856e-02,-1.063130000000000047e-01,2.507099999999999884e-01,6.332339999999999636e-01,1.487030000000000018e-01,2.507099999999999884e-01,-3.358280000000000154e-01,-2.980800000000000116e-02,3.782179999999999986e-01,7.097390000000000088e-01,4.547229999999999883e-01,7.097390000000000088e-01,1.296276999999999902e+00,-1.432398000000000060e+00,-1.228385000000000060e+00,-2.980800000000000116e-02,6.842369999999999841e-01,1.168768000000000029e+00,3.017130000000000090e-01,-2.083200000000000052e-01,1.742049999999999987e-01,2.762109999999999843e-01,2.119499999999999856e-02,-1.573170000000000124e-01,1.742049999999999987e-01,1.232010000000000050e-01,3.272140000000000049e-01,3.272140000000000049e-01,-8.081199999999999495e-02,6.332339999999999636e-01,9.647550000000000292e-01,-3.868309999999999804e-01,-6.928509999999999946e-01,3.782179999999999986e-01,-2.980800000000000116e-02,3.782179999999999986e-01,-4.888379999999999947e-01,-3.103259999999999907e-01,7.219799999999999829e-02,4.669600000000000140e-02,3.782179999999999986e-01,1.755306000000000033e+00,1.398282999999999943e+00,-1.100877000000000105e+00,-6.928509999999999946e-01,-6.418479999999999741e-01,4.802239999999999842e-01,4.037189999999999945e-01,-2.980800000000000116e-02,-3.613299999999999845e-01,2.119499999999999856e-02,4.292210000000000192e-01,2.507099999999999884e-01,3.782179999999999986e-01,3.017130000000000090e-01,3.527159999999999740e-01,3.272140000000000049e-01,4.669600000000000140e-02,4.669600000000000140e-02,1.232010000000000050e-01,9.769999999999999518e-02,-2.083200000000000052e-01,1.487030000000000018e-01,2.762109999999999843e-01,2.119499999999999856e-02,-7.693560000000000398e-01,6.077320000000000499e-01,5.567290000000000294e-01,-1.828180000000000083e-01,-8.968639999999999946e-01,-5.530999999999999805e-02,1.015759000000000079e+00,6.587359999999999882e-01,3.527159999999999740e-01,8.372469999999999635e-01,-6.163459999999999495e-01,3.527159999999999740e-01,3.272140000000000049e-01,1.487030000000000018e-01,-4.123330000000000051e-01,-2.980800000000000116e-02,2.252079999999999915e-01,2.119499999999999856e-02,2.762109999999999843e-01,1.232010000000000050e-01,7.219799999999999829e-02,1.232010000000000050e-01,4.669600000000000140e-02,1.997059999999999946e-01,5.312280000000000335e-01,4.547229999999999883e-01,-8.968639999999999946e-01,7.219799999999999829e-02,4.802239999999999842e-01,4.669600000000000140e-02,5.822310000000000541e-01,5.822310000000000541e-01,6.077320000000000499e-01,5.312280000000000335e-01,2.252079999999999915e-01,-5.398410000000000153e-01,-2.848249999999999948e-01,-2.848249999999999948e-01,-2.083200000000000052e-01,5.822310000000000541e-01,4.292210000000000192e-01,-4.307000000000000065e-03,-6.163459999999999495e-01,3.017130000000000090e-01,6.332339999999999636e-01,1.487030000000000018e-01,2.119499999999999856e-02,4.802239999999999842e-01,4.802239999999999842e-01,-6.928509999999999946e-01,-7.438540000000000152e-01,-5.530999999999999805e-02,8.627489999999999881e-01,5.822310000000000541e-01,2.762109999999999843e-01,-2.593230000000000257e-01,1.997059999999999946e-01,5.822310000000000541e-01,9.392540000000000333e-01,-6.418479999999999741e-01,-4.307000000000000065e-03,-4.378349999999999742e-01,-4.307000000000000065e-03,1.015759000000000079e+00,-2.083200000000000052e-01,-5.530999999999999805e-02,-2.848249999999999948e-01,9.137520000000000087e-01,9.902570000000000539e-01,-1.024372000000000060e+00,-3.868309999999999804e-01,-7.438540000000000152e-01,-3.613299999999999845e-01,1.704302999999999901e+00,1.015759000000000079e+00,6.587359999999999882e-01,-1.318149999999999877e-01,-4.888379999999999947e-01,2.252079999999999915e-01,6.842369999999999841e-01,6.332339999999999636e-01,-9.223660000000000192e-01,-8.081199999999999495e-02,-4.378349999999999742e-01,-4.633360000000000256e-01,1.742049999999999987e-01,1.487030000000000018e-01,9.769999999999999518e-02,3.782179999999999986e-01,7.352410000000000334e-01,5.312280000000000335e-01,1.742049999999999987e-01,5.567290000000000294e-01,5.057260000000000089e-01,-9.733690000000000397e-01,1.742049999999999987e-01,4.547229999999999883e-01,4.037189999999999945e-01,-5.653430000000000399e-01,-1.151880000000000015e+00,6.587359999999999882e-01,1.015759000000000079e+00,-1.063130000000000047e-01,1.194269999999999943e+00,-3.103259999999999907e-01,3.017130000000000090e-01,5.822310000000000541e-01,-6.673489999999999700e-01,-3.868309999999999804e-01,1.232010000000000050e-01,4.037189999999999945e-01,1.997059999999999946e-01,5.822310000000000541e-01,-3.868309999999999804e-01,1.232010000000000050e-01,3.782179999999999986e-01,2.507099999999999884e-01,1.997059999999999946e-01,9.769999999999999518e-02,-5.530999999999999805e-02,3.017130000000000090e-01,3.782179999999999986e-01,4.669600000000000140e-02,1.232010000000000050e-01,1.232010000000000050e-01,1.232010000000000050e-01,3.272140000000000049e-01,-2.338210000000000011e-01,-5.143389999999999906e-01,-2.083200000000000052e-01,2.762109999999999843e-01,1.092262999999999984e+00,1.525790999999999897e+00,-3.358280000000000154e-01,-8.458609999999999740e-01,9.647550000000000292e-01,2.762109999999999843e-01,-8.081199999999999495e-02,-5.530999999999999805e-02,-1.024372000000000060e+00,5.312280000000000335e-01,7.607420000000000293e-01,4.037189999999999945e-01,-2.593230000000000257e-01,-8.458609999999999740e-01,3.527159999999999740e-01,-3.613299999999999845e-01,3.272140000000000049e-01,2.507099999999999884e-01,2.507099999999999884e-01,1.194269999999999943e+00,5.822310000000000541e-01,7.219799999999999829e-02,-4.307000000000000065e-03,-4.307000000000000065e-03,-1.318149999999999877e-01,-1.318149999999999877e-01,-2.083200000000000052e-01,-8.458609999999999740e-01,1.997059999999999946e-01,7.352410000000000334e-01,1.041260000000000074e+00,-2.848249999999999948e-01,3.272140000000000049e-01,4.547229999999999883e-01,-1.318149999999999877e-01,-2.848249999999999948e-01,7.097390000000000088e-01,3.782179999999999986e-01,-3.868309999999999804e-01,-1.318149999999999877e-01,6.332339999999999636e-01,5.822310000000000541e-01,5.567290000000000294e-01,-2.848249999999999948e-01,-1.318149999999999877e-01,-8.081199999999999495e-02,4.292210000000000192e-01,5.312280000000000335e-01,-2.980800000000000116e-02,-3.613299999999999845e-01,-5.530999999999999805e-02,2.762109999999999843e-01,5.822310000000000541e-01,8.372469999999999635e-01,1.742049999999999987e-01,-3.358280000000000154e-01,-3.103259999999999907e-01,-2.338210000000000011e-01,-4.307000000000000065e-03,2.252079999999999915e-01,1.487030000000000018e-01,-4.307000000000000065e-03,2.762109999999999843e-01,7.352410000000000334e-01,4.037189999999999945e-01,1.997059999999999946e-01,5.312280000000000335e-01,-1.828180000000000083e-01,-1.318149999999999877e-01,7.219799999999999829e-02,7.219799999999999829e-02,-2.980800000000000116e-02,7.097390000000000088e-01,-8.713619999999999699e-01,7.219799999999999829e-02,-1.828180000000000083e-01,1.742049999999999987e-01,-1.318149999999999877e-01,1.997059999999999946e-01,8.372469999999999635e-01,1.015759000000000079e+00,1.232010000000000050e-01,2.252079999999999915e-01,-3.358280000000000154e-01,-1.063130000000000047e-01,-5.653430000000000399e-01,4.292210000000000192e-01,-1.318149999999999877e-01,1.997059999999999946e-01,-2.980800000000000116e-02,5.567290000000000294e-01,-6.928509999999999946e-01,5.312280000000000335e-01,8.882499999999999840e-01,3.527159999999999740e-01,-1.253886999999999974e+00,-3.358280000000000154e-01,1.117764999999999898e+00,6.842369999999999841e-01,9.902570000000000539e-01,7.352410000000000334e-01,-1.585407999999999928e+00,-2.338210000000000011e-01,2.507099999999999884e-01,6.842369999999999841e-01,1.232010000000000050e-01,2.119499999999999856e-02,4.669600000000000140e-02,3.017130000000000090e-01,1.742049999999999987e-01,2.252079999999999915e-01,-1.828180000000000083e-01,-3.103259999999999907e-01,1.997059999999999946e-01,6.332339999999999636e-01,1.232010000000000050e-01,-4.378349999999999742e-01,2.762109999999999843e-01,8.372469999999999635e-01,-8.081199999999999495e-02,1.487030000000000018e-01,-6.418479999999999741e-01,7.352410000000000334e-01,1.232010000000000050e-01,-1.318149999999999877e-01,3.017130000000000090e-01,5.567290000000000294e-01,8.627489999999999881e-01,6.842369999999999841e-01,-2.980800000000000116e-02,-8.081199999999999495e-02,-3.103259999999999907e-01,-8.713619999999999699e-01,-1.063130000000000047e-01,4.802239999999999842e-01,-1.063130000000000047e-01,4.547229999999999883e-01,1.627798000000000078e+00,-1.828180000000000083e-01,-1.304890000000000105e+00,5.567290000000000294e-01,1.997059999999999946e-01,7.352410000000000334e-01,7.219799999999999829e-02,7.352410000000000334e-01,-7.948570000000000357e-01,-1.126379000000000019e+00,3.527159999999999740e-01,1.347280000000000033e+00,5.822310000000000541e-01,3.527159999999999740e-01,-5.530999999999999805e-02,9.137520000000000087e-01,-5.143389999999999906e-01,7.219799999999999829e-02,-1.828180000000000083e-01,1.232010000000000050e-01,2.507099999999999884e-01,1.232010000000000050e-01,4.802239999999999842e-01,1.232010000000000050e-01,-7.183530000000000193e-01,3.272140000000000049e-01,7.607420000000000293e-01,1.487030000000000018e-01,3.527159999999999740e-01,-1.063130000000000047e-01,-1.508903000000000105e+00,-2.848249999999999948e-01,9.647550000000000292e-01,1.321777999999999897e+00,1.423785000000000078e+00,-5.398410000000000153e-01,-1.253886999999999974e+00,7.352410000000000334e-01,-1.063130000000000047e-01,-7.438540000000000152e-01,2.762109999999999843e-01,9.137520000000000087e-01,3.782179999999999986e-01,4.037189999999999945e-01,-7.183530000000000193e-01,2.252079999999999915e-01,1.232010000000000050e-01,-5.653430000000000399e-01,5.822310000000000541e-01,9.647550000000000292e-01,9.769999999999999518e-02,-4.888379999999999947e-01,-2.848249999999999948e-01,-2.848249999999999948e-01,3.017130000000000090e-01,9.902570000000000539e-01,4.802239999999999842e-01,3.527159999999999740e-01,5.822310000000000541e-01,5.312280000000000335e-01,-1.126379000000000019e+00,-6.673489999999999700e-01,7.219799999999999829e-02,4.802239999999999842e-01,8.627489999999999881e-01,4.669600000000000140e-02,-4.378349999999999742e-01,-8.081199999999999495e-02,3.527159999999999740e-01,5.567290000000000294e-01,4.547229999999999883e-01,-6.163459999999999495e-01,-2.338210000000000011e-01,1.576794999999999947e+00,8.627489999999999881e-01,2.119499999999999856e-02,3.782179999999999986e-01,-6.928509999999999946e-01,-9.733690000000000397e-01,1.232010000000000050e-01,-8.081199999999999495e-02,-5.398410000000000153e-01,9.392540000000000333e-01,8.882499999999999840e-01,4.037189999999999945e-01,-2.083200000000000052e-01,4.802239999999999842e-01,1.041260000000000074e+00,1.997059999999999946e-01,1.232010000000000050e-01,8.627489999999999881e-01,-1.508903000000000105e+00,-1.712916000000000105e+00,-4.123330000000000051e-01,1.627798000000000078e+00,9.392540000000000333e-01,8.372469999999999635e-01,4.037189999999999945e-01,9.769999999999999518e-02,-1.126379000000000019e+00,-8.081199999999999495e-02,1.321777999999999897e+00,7.862440000000000540e-01,4.669600000000000140e-02,4.037189999999999945e-01,5.312280000000000335e-01,-7.438540000000000152e-01,-1.075374999999999970e+00,-8.081199999999999495e-02,1.015759000000000079e+00,4.802239999999999842e-01,-4.307000000000000065e-03,8.117459999999999676e-01,1.194269999999999943e+00,-3.294017000000000195e+00,-2.528967999999999883e+00,1.372781000000000029e+00,9.902570000000000539e-01,9.647550000000000292e-01,1.321777999999999897e+00,4.292210000000000192e-01,-1.318149999999999877e-01,3.017130000000000090e-01,8.627489999999999881e-01,1.232010000000000050e-01,1.487030000000000018e-01,7.352410000000000334e-01,-1.840424000000000060e+00,-3.868309999999999804e-01,-1.828180000000000083e-01,7.219799999999999829e-02,7.607420000000000293e-01,-1.318149999999999877e-01,-8.968639999999999946e-01,8.372469999999999635e-01,1.194269999999999943e+00,8.882499999999999840e-01,4.292210000000000192e-01,-1.063130000000000047e-01,3.017130000000000090e-01,6.842369999999999841e-01,9.769999999999999518e-02,-8.081199999999999495e-02,-8.713619999999999699e-01,1.742049999999999987e-01,4.037189999999999945e-01,-4.123330000000000051e-01,-3.358280000000000154e-01,-2.848249999999999948e-01,1.296276999999999902e+00,2.035823999999999856e+00,-1.355893000000000015e+00,-1.457899999999999974e+00,-1.573170000000000124e-01,7.607420000000000293e-01,8.372469999999999635e-01,7.097390000000000088e-01,1.066761999999999988e+00,5.057260000000000089e-01,-1.457899999999999974e+00,-3.868309999999999804e-01,1.232010000000000050e-01,8.372469999999999635e-01,3.017130000000000090e-01,-6.928509999999999946e-01,-2.848249999999999948e-01,1.882813999999999988e+00,5.567290000000000294e-01,-3.868309999999999804e-01,-2.848249999999999948e-01,-6.673489999999999700e-01,-2.593230000000000257e-01,-1.126379000000000019e+00,7.219799999999999829e-02,8.372469999999999635e-01,5.567290000000000294e-01,7.352410000000000334e-01,1.551293000000000033e+00,-2.980800000000000116e-02,-5.908440000000000358e-01,1.742049999999999987e-01,4.292210000000000192e-01,3.527159999999999740e-01,4.669600000000000140e-02,6.077320000000000499e-01,6.077320000000000499e-01,3.017130000000000090e-01,-1.177381999999999929e+00,-7.948570000000000357e-01,1.742049999999999987e-01,4.669600000000000140e-02,3.527159999999999740e-01,-6.418479999999999741e-01,1.219772000000000078e+00,-2.980800000000000116e-02,2.507099999999999884e-01,2.252079999999999915e-01,2.252079999999999915e-01,1.997059999999999946e-01,4.292210000000000192e-01,1.487030000000000018e-01,-3.613299999999999845e-01,7.352410000000000334e-01,-1.318149999999999877e-01,1.487030000000000018e-01,1.997059999999999946e-01,3.272140000000000049e-01,2.252079999999999915e-01,-2.980800000000000116e-02,-6.928509999999999946e-01,3.272140000000000049e-01,9.647550000000000292e-01,9.769999999999999518e-02,-2.593230000000000257e-01,-4.307000000000000065e-03,6.332339999999999636e-01,3.527159999999999740e-01,7.862440000000000540e-01,-3.103259999999999907e-01,-8.713619999999999699e-01,-3.358280000000000154e-01,4.037189999999999945e-01,5.312280000000000335e-01,1.143267000000000033e+00,2.762109999999999843e-01,-2.338210000000000011e-01,7.097390000000000088e-01,2.252079999999999915e-01,2.119499999999999856e-02,-3.868309999999999804e-01,1.487030000000000018e-01,3.782179999999999986e-01,4.669600000000000140e-02,-1.573170000000000124e-01,5.057260000000000089e-01,1.232010000000000050e-01,-4.123330000000000051e-01,4.037189999999999945e-01,6.077320000000000499e-01,9.769999999999999518e-02,-4.888379999999999947e-01,-1.318149999999999877e-01,5.822310000000000541e-01,-2.980800000000000116e-02,5.567290000000000294e-01,3.782179999999999986e-01,9.392540000000000333e-01,-5.398410000000000153e-01,-9.223660000000000192e-01,2.119499999999999856e-02,-5.530999999999999805e-02,-8.081199999999999495e-02,1.997059999999999946e-01,8.627489999999999881e-01,1.117764999999999898e+00,4.802239999999999842e-01,2.252079999999999915e-01,-1.063130000000000047e-01,-2.980800000000000116e-02,-2.338210000000000011e-01,4.037189999999999945e-01,2.119499999999999856e-02,-8.203589999999999494e-01,2.252079999999999915e-01,4.037189999999999945e-01,3.272140000000000049e-01,4.292210000000000192e-01,4.802239999999999842e-01,-1.318149999999999877e-01,-5.653430000000000399e-01,1.487030000000000018e-01,5.057260000000000089e-01,1.041260000000000074e+00,4.037189999999999945e-01,-6.673489999999999700e-01,-7.948570000000000357e-01,4.292210000000000192e-01,1.296276999999999902e+00,4.802239999999999842e-01,2.252079999999999915e-01,-6.418479999999999741e-01,-1.828180000000000083e-01,3.272140000000000049e-01,-2.083200000000000052e-01,2.252079999999999915e-01,-1.828180000000000083e-01,1.066761999999999988e+00,2.252079999999999915e-01,-5.143389999999999906e-01,-2.980800000000000116e-02,2.119499999999999856e-02,2.119499999999999856e-02,1.742049999999999987e-01,6.842369999999999841e-01,9.137520000000000087e-01,1.092262999999999984e+00,-4.123330000000000051e-01,-6.928509999999999946e-01,4.037189999999999945e-01,1.232010000000000050e-01,1.742049999999999987e-01,-1.177381999999999929e+00,-1.318149999999999877e-01,1.296276999999999902e+00,7.097390000000000088e-01,3.527159999999999740e-01,-1.828180000000000083e-01,-8.081199999999999495e-02,9.769999999999999518e-02,-1.318149999999999877e-01,2.252079999999999915e-01,3.272140000000000049e-01,2.119499999999999856e-02,1.742049999999999987e-01,1.232010000000000050e-01,8.117459999999999676e-01,5.822310000000000541e-01,2.252079999999999915e-01,-8.968639999999999946e-01,3.272140000000000049e-01,-3.103259999999999907e-01,-1.828180000000000083e-01,8.882499999999999840e-01,1.194269999999999943e+00,-1.828180000000000083e-01,-7.183530000000000193e-01,4.037189999999999945e-01,-2.083200000000000052e-01,1.487030000000000018e-01,2.252079999999999915e-01,2.119499999999999856e-02,2.119499999999999856e-02,4.802239999999999842e-01,1.997059999999999946e-01,8.372469999999999635e-01,7.607420000000000293e-01,-8.968639999999999946e-01,-8.968639999999999946e-01,-5.143389999999999906e-01,3.017130000000000090e-01,9.647550000000000292e-01,6.332339999999999636e-01,2.762109999999999843e-01,4.669600000000000140e-02,4.802239999999999842e-01,6.587359999999999882e-01,-2.593230000000000257e-01,-7.183530000000000193e-01,-8.081199999999999495e-02,-1.573170000000000124e-01,-1.318149999999999877e-01,5.057260000000000089e-01,9.137520000000000087e-01,-2.593230000000000257e-01,4.802239999999999842e-01,5.312280000000000335e-01,1.997059999999999946e-01,3.017130000000000090e-01,-1.318149999999999877e-01,2.762109999999999843e-01,2.252079999999999915e-01,9.769999999999999518e-02,-5.908440000000000358e-01,3.272140000000000049e-01,6.077320000000000499e-01,3.782179999999999986e-01,-3.358280000000000154e-01,-5.908440000000000358e-01,7.219799999999999829e-02,8.117459999999999676e-01,1.321777999999999897e+00,-1.100877000000000105e+00,-4.888379999999999947e-01,-5.530999999999999805e-02,-4.888379999999999947e-01,2.762109999999999843e-01,8.627489999999999881e-01,1.296276999999999902e+00,1.092262999999999984e+00,-1.318149999999999877e-01,-4.378349999999999742e-01,-3.868309999999999804e-01,-5.530999999999999805e-02,-1.828180000000000083e-01,4.669600000000000140e-02,7.352410000000000334e-01,8.627489999999999881e-01,-3.103259999999999907e-01,-1.432398000000000060e+00,7.097390000000000088e-01,6.077320000000000499e-01,3.017130000000000090e-01,1.742049999999999987e-01,2.252079999999999915e-01,3.782179999999999986e-01,4.669600000000000140e-02,-2.980800000000000116e-02,-4.633360000000000256e-01,-4.307000000000000065e-03,2.252079999999999915e-01,3.017130000000000090e-01,8.882499999999999840e-01,-2.848249999999999948e-01,-4.307000000000000065e-03,1.232010000000000050e-01,-1.828180000000000083e-01,3.272140000000000049e-01,2.762109999999999843e-01,1.232010000000000050e-01,-5.530999999999999805e-02,1.997059999999999946e-01,-3.103259999999999907e-01,6.077320000000000499e-01,1.347280000000000033e+00,1.219772000000000078e+00,-8.081199999999999495e-02,-1.049873999999999974e+00,-3.868309999999999804e-01,3.272140000000000049e-01,1.487030000000000018e-01,-2.593230000000000257e-01,9.769999999999999518e-02,-9.223660000000000192e-01,-4.123330000000000051e-01,1.143267000000000033e+00,1.500289999999999901e+00,4.037189999999999945e-01,9.769999999999999518e-02,7.219799999999999829e-02,-6.928509999999999946e-01,5.822310000000000541e-01,2.762109999999999843e-01,-3.868309999999999804e-01,-5.530999999999999805e-02,4.292210000000000192e-01,6.077320000000000499e-01,7.607420000000000293e-01,-1.228385000000000060e+00,1.487030000000000018e-01,3.017130000000000090e-01,4.292210000000000192e-01,-3.868309999999999804e-01,-4.307000000000000065e-03,8.372469999999999635e-01,7.352410000000000334e-01,3.782179999999999986e-01,-4.633360000000000256e-01,-6.928509999999999946e-01,-6.163459999999999495e-01,4.037189999999999945e-01,8.627489999999999881e-01,4.292210000000000192e-01,5.057260000000000089e-01,-2.848249999999999948e-01,-1.063130000000000047e-01,9.392540000000000333e-01,2.762109999999999843e-01,-1.828180000000000083e-01,-9.733690000000000397e-01,4.547229999999999883e-01,5.567290000000000294e-01,7.352410000000000334e-01,-8.081199999999999495e-02,1.232010000000000050e-01,4.292210000000000192e-01,3.017130000000000090e-01,-5.530999999999999805e-02,2.252079999999999915e-01,-2.083200000000000052e-01,-3.868309999999999804e-01,5.567290000000000294e-01,4.037189999999999945e-01,-4.378349999999999742e-01,-2.593230000000000257e-01,-1.318149999999999877e-01,1.997059999999999946e-01,9.392540000000000333e-01,4.037189999999999945e-01,3.527159999999999740e-01,8.627489999999999881e-01,4.669600000000000140e-02,-2.083200000000000052e-01,-1.891428000000000109e+00,6.332339999999999636e-01,6.332339999999999636e-01,4.037189999999999945e-01,1.487030000000000018e-01,2.252079999999999915e-01,1.232010000000000050e-01,-1.573170000000000124e-01,-3.868309999999999804e-01,5.057260000000000089e-01,3.527159999999999740e-01,2.252079999999999915e-01,-1.151880000000000015e+00,-4.378349999999999742e-01,-9.223660000000000192e-01,7.352410000000000334e-01,1.232010000000000050e-01,7.862440000000000540e-01,1.296276999999999902e+00,1.525790999999999897e+00,1.487030000000000018e-01,-2.848249999999999948e-01,-3.103259999999999907e-01,-4.633360000000000256e-01,-4.633360000000000256e-01,1.997059999999999946e-01,5.822310000000000541e-01,3.272140000000000049e-01,-1.559906000000000015e+00,-2.593230000000000257e-01,5.567290000000000294e-01,8.372469999999999635e-01,4.547229999999999883e-01,1.997059999999999946e-01,7.097390000000000088e-01,-3.358280000000000154e-01,-3.358280000000000154e-01,2.252079999999999915e-01,1.066761999999999988e+00,-4.888379999999999947e-01,-1.063130000000000047e-01,6.332339999999999636e-01,1.997059999999999946e-01,-4.123330000000000051e-01,-2.593230000000000257e-01,-4.123330000000000051e-01,1.066761999999999988e+00,4.037189999999999945e-01,7.607420000000000293e-01,-3.613299999999999845e-01,-1.318149999999999877e-01,4.669600000000000140e-02,4.669600000000000140e-02,1.487030000000000018e-01,2.762109999999999843e-01,3.527159999999999740e-01,-4.378349999999999742e-01,-1.828180000000000083e-01,7.352410000000000334e-01,6.332339999999999636e-01,9.392540000000000333e-01,-4.307000000000000065e-03,-6.418479999999999741e-01,-3.868309999999999804e-01,4.547229999999999883e-01,6.077320000000000499e-01,4.547229999999999883e-01,2.252079999999999915e-01,-4.633360000000000256e-01,-1.610910000000000064e+00,9.902570000000000539e-01,1.806308999999999942e+00,1.168768000000000029e+00,4.547229999999999883e-01,-1.151880000000000015e+00,-2.980800000000000116e-02,-8.081199999999999495e-02,-4.307000000000000065e-03,6.842369999999999841e-01,-3.103259999999999907e-01,-2.848249999999999948e-01,1.742049999999999987e-01,4.037189999999999945e-01,4.292210000000000192e-01,4.547229999999999883e-01,1.232010000000000050e-01,-2.848249999999999948e-01,2.119499999999999856e-02,-2.980800000000000116e-02,2.762109999999999843e-01,-1.063130000000000047e-01,5.567290000000000294e-01,3.017130000000000090e-01,5.312280000000000335e-01,2.762109999999999843e-01,1.742049999999999987e-01,-2.083200000000000052e-01,-1.063130000000000047e-01,-2.593230000000000257e-01,9.769999999999999518e-02,7.607420000000000293e-01,-8.081199999999999495e-02,5.312280000000000335e-01,7.862440000000000540e-01,-1.024372000000000060e+00,-4.633360000000000256e-01,2.762109999999999843e-01,-8.081199999999999495e-02,-4.888379999999999947e-01,4.037189999999999945e-01,1.219772000000000078e+00,9.647550000000000292e-01,-5.530999999999999805e-02,-1.279387999999999970e+00,1.015759000000000079e+00,4.292210000000000192e-01,7.219799999999999829e-02,2.119499999999999856e-02,2.762109999999999843e-01,4.292210000000000192e-01,-3.868309999999999804e-01,-1.318149999999999877e-01,2.119499999999999856e-02,-9.733690000000000397e-01,-2.593230000000000257e-01,1.347280000000000033e+00,1.168768000000000029e+00,2.119499999999999856e-02,-6.418479999999999741e-01,-2.338210000000000011e-01,6.332339999999999636e-01,-5.530999999999999805e-02,2.252079999999999915e-01,9.647550000000000292e-01,1.997059999999999946e-01,2.252079999999999915e-01,-1.151880000000000015e+00,-3.613299999999999845e-01,-2.593230000000000257e-01,2.762109999999999843e-01,1.143267000000000033e+00,5.567290000000000294e-01,-1.318149999999999877e-01,7.862440000000000540e-01,4.292210000000000192e-01,-4.888379999999999947e-01,-3.103259999999999907e-01,-2.083200000000000052e-01,3.017130000000000090e-01,1.487030000000000018e-01,6.077320000000000499e-01,5.822310000000000541e-01,-8.081199999999999495e-02,-1.636411000000000060e+00,7.607420000000000293e-01,1.143267000000000033e+00,-1.063130000000000047e-01,9.769999999999999518e-02,1.997059999999999946e-01,2.119499999999999856e-02,2.507099999999999884e-01,3.782179999999999986e-01,-1.318149999999999877e-01,-8.081199999999999495e-02,-4.307000000000000065e-03,-1.318149999999999877e-01,4.037189999999999945e-01,7.219799999999999829e-02,-8.081199999999999495e-02,5.822310000000000541e-01,1.232010000000000050e-01,7.219799999999999829e-02,-1.828180000000000083e-01,-5.530999999999999805e-02,-1.573170000000000124e-01,4.547229999999999883e-01,1.194269999999999943e+00,1.742049999999999987e-01,-1.585407999999999928e+00,4.802239999999999842e-01,1.449286000000000074e+00,1.997059999999999946e-01,-5.143389999999999906e-01,-5.908440000000000358e-01,4.292210000000000192e-01,8.372469999999999635e-01,8.372469999999999635e-01,5.312280000000000335e-01,-9.733690000000000397e-01,-7.948570000000000357e-01,2.252079999999999915e-01,3.017130000000000090e-01,2.119499999999999856e-02,6.587359999999999882e-01,6.842369999999999841e-01,3.527159999999999740e-01,4.802239999999999842e-01,-8.713619999999999699e-01,-8.081199999999999495e-02,2.119499999999999856e-02,4.292210000000000192e-01,6.077320000000000499e-01,-1.318149999999999877e-01,-8.081199999999999495e-02,1.066761999999999988e+00,7.097390000000000088e-01,-4.378349999999999742e-01,-1.063130000000000047e-01,-2.338210000000000011e-01,4.802239999999999842e-01,1.321777999999999897e+00,5.057260000000000089e-01,-5.143389999999999906e-01,-1.024372000000000060e+00,-1.126379000000000019e+00,7.352410000000000334e-01,-2.980800000000000116e-02,4.802239999999999842e-01,5.567290000000000294e-01,6.332339999999999636e-01,4.292210000000000192e-01,1.168768000000000029e+00,7.607420000000000293e-01,-4.378349999999999742e-01,-4.123330000000000051e-01,-4.123330000000000051e-01,-6.163459999999999495e-01,-7.693560000000000398e-01,1.245273000000000074e+00,1.194269999999999943e+00,2.762109999999999843e-01,3.017130000000000090e-01,-2.848249999999999948e-01,-8.081199999999999495e-02,9.769999999999999518e-02,-2.848249999999999948e-01,-2.848249999999999948e-01,9.769999999999999518e-02,4.292210000000000192e-01,3.782179999999999986e-01,4.802239999999999842e-01,3.527159999999999740e-01,1.232010000000000050e-01,1.742049999999999987e-01,6.077320000000000499e-01,6.587359999999999882e-01,-1.534405000000000019e+00,-1.406897000000000064e+00,1.997059999999999946e-01,1.041260000000000074e+00,2.762109999999999843e-01,-8.081199999999999495e-02,1.742049999999999987e-01,2.762109999999999843e-01,6.332339999999999636e-01,-5.908440000000000358e-01,9.392540000000000333e-01,1.449286000000000074e+00,-6.418479999999999741e-01,-6.163459999999999495e-01,9.769999999999999518e-02,7.219799999999999829e-02,-1.318149999999999877e-01,-2.083200000000000052e-01,-4.307000000000000065e-03,2.119499999999999856e-02,8.117459999999999676e-01,4.037189999999999945e-01,-3.868309999999999804e-01,4.547229999999999883e-01,5.822310000000000541e-01,1.041260000000000074e+00,1.232010000000000050e-01,-1.318149999999999877e-01,-1.318149999999999877e-01,-8.081199999999999495e-02,-8.081199999999999495e-02,-4.123330000000000051e-01,-2.848249999999999948e-01,4.292210000000000192e-01,7.352410000000000334e-01,-1.100877000000000105e+00,2.507099999999999884e-01,5.312280000000000335e-01,4.547229999999999883e-01,6.077320000000000499e-01,9.137520000000000087e-01,-4.123330000000000051e-01,-1.126379000000000019e+00,-1.126379000000000019e+00,1.398282999999999943e+00,6.077320000000000499e-01,1.117764999999999898e+00,-5.398410000000000153e-01,-2.980800000000000116e-02,4.037189999999999945e-01,-2.980800000000000116e-02,-4.888379999999999947e-01,-2.083200000000000052e-01,-1.063130000000000047e-01,7.862440000000000540e-01,1.755306000000000033e+00,-3.613299999999999845e-01,-4.888379999999999947e-01,-1.202884000000000064e+00,2.507099999999999884e-01,2.252079999999999915e-01,6.587359999999999882e-01,-4.307000000000000065e-03,-3.868309999999999804e-01,9.902570000000000539e-01,8.627489999999999881e-01,-4.307000000000000065e-03,-8.203589999999999494e-01,7.352410000000000334e-01,5.822310000000000541e-01,-3.103259999999999907e-01,-7.183530000000000193e-01,3.017130000000000090e-01,1.232010000000000050e-01,6.077320000000000499e-01,6.332339999999999636e-01,7.352410000000000334e-01,2.252079999999999915e-01,-3.868309999999999804e-01,2.119499999999999856e-02,-5.530999999999999805e-02,-2.848249999999999948e-01,4.292210000000000192e-01,-2.980800000000000116e-02,-2.018936000000000064e+00,7.097390000000000088e-01,8.117459999999999676e-01,1.168768000000000029e+00,7.862440000000000540e-01,9.137520000000000087e-01,6.842369999999999841e-01,-1.828180000000000083e-01,-1.406897000000000064e+00,4.669600000000000140e-02,1.997059999999999946e-01,2.252079999999999915e-01,5.312280000000000335e-01,-5.530999999999999805e-02,-7.948570000000000357e-01,1.997059999999999946e-01,1.232010000000000050e-01,-4.888379999999999947e-01,7.352410000000000334e-01,3.272140000000000049e-01,9.137520000000000087e-01,5.567290000000000294e-01,1.742049999999999987e-01,-1.063130000000000047e-01,4.669600000000000140e-02,-5.530999999999999805e-02,-8.081199999999999495e-02,-8.081199999999999495e-02,1.997059999999999946e-01,4.547229999999999883e-01,-4.307000000000000065e-03,-9.223660000000000192e-01,1.092262999999999984e+00,4.547229999999999883e-01,-2.848249999999999948e-01,-2.848249999999999948e-01,3.527159999999999740e-01,9.392540000000000333e-01,-4.123330000000000051e-01,-5.530999999999999805e-02,6.077320000000000499e-01,2.119499999999999856e-02,-9.733690000000000397e-01,-1.063130000000000047e-01,8.117459999999999676e-01,1.347280000000000033e+00,8.372469999999999635e-01,-5.398410000000000153e-01,-1.177381999999999929e+00,2.762109999999999843e-01,9.647550000000000292e-01,-2.083200000000000052e-01,-1.318149999999999877e-01,6.332339999999999636e-01,2.252079999999999915e-01,-1.828180000000000083e-01,-5.530999999999999805e-02,5.312280000000000335e-01,1.194269999999999943e+00,3.272140000000000049e-01,-1.063130000000000047e-01,-5.908440000000000358e-01,-9.988700000000000356e-01,1.997059999999999946e-01,-3.868309999999999804e-01,2.252079999999999915e-01,7.097390000000000088e-01,8.627489999999999881e-01,-4.888379999999999947e-01,2.507099999999999884e-01,2.762109999999999843e-01,3.017130000000000090e-01,4.037189999999999945e-01,-3.103259999999999907e-01,-3.103259999999999907e-01,2.119499999999999856e-02,1.729803999999999897e+00,1.755306000000000033e+00,-1.075374999999999970e+00,-1.202884000000000064e+00,-1.063130000000000047e-01,2.252079999999999915e-01,1.219772000000000078e+00,5.822310000000000541e-01,-2.273951999999999973e+00,-8.968639999999999946e-01,1.143267000000000033e+00,6.587359999999999882e-01,3.527159999999999740e-01,1.347280000000000033e+00,-5.653430000000000399e-01,-1.573170000000000124e-01,4.802239999999999842e-01,3.017130000000000090e-01,2.119499999999999856e-02,-2.980800000000000116e-02,1.487030000000000018e-01,3.527159999999999740e-01,-5.530999999999999805e-02,4.802239999999999842e-01,1.232010000000000050e-01,3.017130000000000090e-01,-1.573170000000000124e-01,-4.378349999999999742e-01,1.487030000000000018e-01,-2.593230000000000257e-01,4.292210000000000192e-01,7.607420000000000293e-01,3.272140000000000049e-01,3.782179999999999986e-01,2.119499999999999856e-02,2.119499999999999856e-02,3.017130000000000090e-01,2.507099999999999884e-01,3.017130000000000090e-01,-6.928509999999999946e-01,-7.438540000000000152e-01,2.762109999999999843e-01,1.398282999999999943e+00,4.802239999999999842e-01,-1.228385000000000060e+00,-8.081199999999999495e-02,5.567290000000000294e-01,1.117764999999999898e+00,9.769999999999999518e-02,1.742049999999999987e-01,-5.530999999999999805e-02,-6.673489999999999700e-01,5.057260000000000089e-01,-4.307000000000000065e-03,1.742049999999999987e-01,-5.653430000000000399e-01,-8.081199999999999495e-02,1.194269999999999943e+00,1.423785000000000078e+00,4.802239999999999842e-01,-2.593230000000000257e-01,-4.378349999999999742e-01,-1.063130000000000047e-01,2.762109999999999843e-01,-8.081199999999999495e-02,7.219799999999999829e-02,7.219799999999999829e-02,3.527159999999999740e-01,2.507099999999999884e-01,2.252079999999999915e-01,1.997059999999999946e-01,-1.063130000000000047e-01,1.232010000000000050e-01,5.312280000000000335e-01,7.219799999999999829e-02,5.312280000000000335e-01,-3.103259999999999907e-01,-5.398410000000000153e-01,4.037189999999999945e-01,6.332339999999999636e-01,7.219799999999999829e-02,4.547229999999999883e-01,2.214335000000000164e+00,1.143267000000000033e+00,-9.478670000000000151e-01,-5.653430000000000399e-01,-9.733690000000000397e-01,-1.075374999999999970e+00,-4.307000000000000065e-03,3.017130000000000090e-01,3.272140000000000049e-01,3.017130000000000090e-01,5.312280000000000335e-01,3.272140000000000049e-01,1.015759000000000079e+00,7.862440000000000540e-01,6.332339999999999636e-01,-9.733690000000000397e-01,-5.653430000000000399e-01,-5.398410000000000153e-01,8.372469999999999635e-01,7.352410000000000334e-01,5.312280000000000335e-01,4.669600000000000140e-02,-4.307000000000000065e-03,1.742049999999999987e-01,1.742049999999999987e-01,4.669600000000000140e-02,-3.613299999999999845e-01,-5.398410000000000153e-01,-2.980800000000000116e-02,-1.063130000000000047e-01,-2.338210000000000011e-01,-1.024372000000000060e+00,1.296276999999999902e+00,3.259901999999999855e+00,1.168768000000000029e+00,-4.633360000000000256e-01,-7.693560000000000398e-01,-5.398410000000000153e-01,-6.418479999999999741e-01,-6.418479999999999741e-01,1.997059999999999946e-01,9.769999999999999518e-02,-1.177381999999999929e+00,-3.613299999999999845e-01,9.137520000000000087e-01,9.902570000000000539e-01,1.806308999999999942e+00,-1.573170000000000124e-01,9.647550000000000292e-01,7.862440000000000540e-01,-8.081199999999999495e-02,-2.083200000000000052e-01,2.119499999999999856e-02,-2.980800000000000116e-02,-3.868309999999999804e-01,-2.338210000000000011e-01,-5.398410000000000153e-01,-4.123330000000000051e-01,1.232010000000000050e-01,2.507099999999999884e-01,3.272140000000000049e-01,3.272140000000000049e-01,1.232010000000000050e-01,4.292210000000000192e-01,3.272140000000000049e-01,5.057260000000000089e-01,7.607420000000000293e-01,4.037189999999999945e-01,1.487030000000000018e-01,-8.081199999999999495e-02,-2.338210000000000011e-01,-2.593230000000000257e-01,-6.418479999999999741e-01,3.272140000000000049e-01,1.041260000000000074e+00,6.587359999999999882e-01,-5.530999999999999805e-02,-3.103259999999999907e-01,-6.928509999999999946e-01,-5.530999999999999805e-02,4.292210000000000192e-01,3.272140000000000049e-01,-1.063130000000000047e-01,1.117764999999999898e+00,1.245273000000000074e+00,4.292210000000000192e-01,-2.083200000000000052e-01,-3.358280000000000154e-01,-1.318149999999999877e-01,-2.593230000000000257e-01,-3.868309999999999804e-01,4.802239999999999842e-01,-3.103259999999999907e-01,-1.063130000000000047e-01,3.527159999999999740e-01,4.037189999999999945e-01,4.292210000000000192e-01,4.037189999999999945e-01,9.769999999999999518e-02,1.997059999999999946e-01,7.219799999999999829e-02,9.769999999999999518e-02,2.252079999999999915e-01,4.037189999999999945e-01,-2.338210000000000011e-01,3.782179999999999986e-01,5.312280000000000335e-01,-4.633360000000000256e-01,-1.151880000000000015e+00,6.077320000000000499e-01,8.117459999999999676e-01,-3.613299999999999845e-01,-3.358280000000000154e-01,1.831811000000000078e+00,3.272140000000000049e-01,-8.968639999999999946e-01,6.587359999999999882e-01,-2.338210000000000011e-01,1.232010000000000050e-01,-1.828180000000000083e-01,-5.530999999999999805e-02,4.669600000000000140e-02,9.769999999999999518e-02,1.232010000000000050e-01,2.507099999999999884e-01,6.587359999999999882e-01,5.057260000000000089e-01,4.292210000000000192e-01,2.252079999999999915e-01,-3.358280000000000154e-01,-6.418479999999999741e-01,-4.307000000000000065e-03,3.017130000000000090e-01,-5.398410000000000153e-01,6.077320000000000499e-01,4.292210000000000192e-01,-2.848249999999999948e-01,8.372469999999999635e-01,1.729803999999999897e+00,7.219799999999999829e-02,-2.083200000000000052e-01,-2.848249999999999948e-01,-4.307000000000000065e-03,-4.123330000000000051e-01,-9.478670000000000151e-01,2.507099999999999884e-01,9.769999999999999518e-02,1.997059999999999946e-01,1.997059999999999946e-01,7.219799999999999829e-02,2.507099999999999884e-01,7.352410000000000334e-01,2.762109999999999843e-01,5.312280000000000335e-01,6.332339999999999636e-01,3.527159999999999740e-01,-2.848249999999999948e-01,-6.418479999999999741e-01
5.822310000000000541e-01,2.762109999999999843e-01,-8.081199999999999495e-02,-2.593230000000000257e-01,-2.848249999999999948e-01,-2.980800000000000116e-02,2.119499999999999856e-02,1.487030000000000018e-01,3.527159999999999740e-01,4.547229999999999883e-01,4.292210000000000192e-01,3.527159999999999740e-01,9.769999999999999518e-02,-1.318149999999999877e-01,-2.083200000000000052e-01,-4.307000000000000065e-03,-2.980800000000000116e-02,7.219799999999999829e-02,1.997059999999999946e-01,3.272140000000000049e-01,4.037189999999999945e-01,4.292210000000000192e-01,3.527159999999999740e-01,1.487030000000000018e-01,-1.318149999999999877e-01,-4.307000000000000065e-03,-8.081199999999999495e-02,1.232010000000000050e-01,2.507099999999999884e-01,1.997059999999999946e-01,2.507099999999999884e-01,2.507099999999999884e-01,1.232010000000000050e-01,2.119499999999999856e-02,7.219799999999999829e-02,9.769999999999999518e-02,2.252079999999999915e-01,9.769999999999999518e-02,1.997059999999999946e-01,3.017130000000000090e-01,2.507099999999999884e-01,1.997059999999999946e-01,2.119499999999999856e-02,-1.828180000000000083e-01,-2.083200000000000052e-01,1.487030000000000018e-01,2.762109999999999843e-01,4.037189999999999945e-01,4.292210000000000192e-01,3.782179999999999986e-01,4.802239999999999842e-01,2.762109999999999843e-01,-8.081199999999999495e-02,-1.828180000000000083e-01,-1.318149999999999877e-01,2.119499999999999856e-02,4.669600000000000140e-02,1.232010000000000050e-01,2.252079999999999915e-01,1.742049999999999987e-01,3.017130000000000090e-01,3.272140000000000049e-01,1.487030000000000018e-01,-2.980800000000000116e-02,-4.307000000000000065e-03,1.742049999999999987e-01,1.742049999999999987e-01,4.669600000000000140e-02,2.252079999999999915e-01,3.272140000000000049e-01,4.547229999999999883e-01,2.252079999999999915e-01,4.669600000000000140e-02,4.669600000000000140e-02,-8.081199999999999495e-02,-4.307000000000000065e-03,4.669600000000000140e-02,2.119499999999999856e-02,1.232010000000000050e-01,9.769999999999999518e-02,3.527159999999999740e-01,3.782179999999999986e-01,1.997059999999999946e-01,9.769999999999999518e-02,1.487030000000000018e-01,3.527159999999999740e-01,1.742049999999999987e-01,4.669600000000000140e-02,2.507099999999999884e-01,2.119499999999999856e-02,-8.081199999999999495e-02,-2.980800000000000116e-02,1.742049999999999987e-01,1.997059999999999946e-01,1.487030000000000018e-01,3.017130000000000090e-01,3.017130000000000090e-01,1.742049999999999987e-01,2.119499999999999856e-02,1.487030000000000018e-01,1.487030000000000018e-01,4.669600000000000140e-02,1.232010000000000050e-01,9.769999999999999518e-02,1.742049999999999987e-01,3.272140000000000049e-01,3.017130000000000090e-01,3.782179999999999986e-01,3.527159999999999740e-01,1.742049999999999987e-01,9.769999999999999518e-02,-8.081199999999999495e-02,-2.083200000000000052e-01,-2.848249999999999948e-01,-1.573170000000000124e-01,7.219799999999999829e-02,2.252079999999999915e-01,3.017130000000000090e-01,3.017130000000000090e-01,4.292210000000000192e-01,4.037189999999999945e-01,2.507099999999999884e-01,4.669600000000000140e-02,4.669600000000000140e-02,9.769999999999999518e-02,1.232010000000000050e-01,-5.530999999999999805e-02,2.119499999999999856e-02,9.769999999999999518e-02,1.997059999999999946e-01,3.272140000000000049e-01,3.272140000000000049e-01,1.487030000000000018e-01,-5.530999999999999805e-02,-4.307000000000000065e-03,7.219799999999999829e-02,1.232010000000000050e-01,1.232010000000000050e-01,3.272140000000000049e-01,2.252079999999999915e-01,2.762109999999999843e-01,1.232010000000000050e-01,7.219799999999999829e-02,1.232010000000000050e-01,9.769999999999999518e-02,2.252079999999999915e-01,2.252079999999999915e-01,1.487030000000000018e-01,1.232010000000000050e-01,2.119499999999999856e-02,7.219799999999999829e-02,9.769999999999999518e-02,-4.307000000000000065e-03,4.669600000000000140e-02,1.487030000000000018e-01,1.742049999999999987e-01,1.487030000000000018e-01,2.252079999999999915e-01,3.527159999999999740e-01,5.057260000000000089e-01,4.292210000000000192e-01,1.742049999999999987e-01,-2.980800000000000116e-02,-2.083200000000000052e-01,-2.338210000000000011e-01,-8.081199999999999495e-02,2.119499999999999856e-02,3.272140000000000049e-01,3.272140000000000049e-01,1.997059999999999946e-01,1.742049999999999987e-01,1.742049999999999987e-01,7.219799999999999829e-02,1.232010000000000050e-01,1.487030000000000018e-01,1.232010000000000050e-01,1.487030000000000018e-01,4.669600000000000140e-02,-1.063130000000000047e-01,4.802239999999999842e-01,5.567290000000000294e-01,4.292210000000000192e-01,2.252079999999999915e-01,-5.530999999999999805e-02,-1.828180000000000083e-01,-2.338210000000000011e-01,-1.573170000000000124e-01,-1.063130000000000047e-01,9.769999999999999518e-02,3.017130000000000090e-01,6.332339999999999636e-01,-4.307000000000000065e-03,8.117459999999999676e-01,5.057260000000000089e-01,2.507099999999999884e-01,-2.083200000000000052e-01,-2.083200000000000052e-01,-1.063130000000000047e-01,3.017130000000000090e-01,-8.081199999999999495e-02,-1.063130000000000047e-01,2.119499999999999856e-02,-5.908440000000000358e-01,8.627489999999999881e-01,9.769999999999999518e-02,-2.848249999999999948e-01,7.097390000000000088e-01,5.822310000000000541e-01,5.567290000000000294e-01,4.037189999999999945e-01,4.802239999999999842e-01,4.669600000000000140e-02,1.487030000000000018e-01,7.219799999999999829e-02,1.742049999999999987e-01,-1.814923000000000064e+00,7.219799999999999829e-02,-7.693560000000000398e-01,2.163332000000000033e+00,1.831811000000000078e+00,-5.530999999999999805e-02,-1.559906000000000015e+00,-8.203589999999999494e-01,9.769999999999999518e-02,1.041260000000000074e+00,1.066761999999999988e+00,-7.948570000000000357e-01,1.857312000000000074e+00,9.392540000000000333e-01,-3.039000999999999841e+00,-2.338210000000000011e-01,1.143267000000000033e+00,4.547229999999999883e-01,-1.100877000000000105e+00,1.296276999999999902e+00,-1.828180000000000083e-01,-3.358280000000000154e-01,1.742049999999999987e-01,1.487030000000000018e-01,1.232010000000000050e-01,5.312280000000000335e-01,5.057260000000000089e-01,1.219772000000000078e+00,3.017130000000000090e-01,-2.593230000000000257e-01,-4.307000000000000065e-03,-4.307000000000000065e-03,-9.733690000000000397e-01,2.507099999999999884e-01,-1.330392000000000019e+00,9.392540000000000333e-01,1.742049999999999987e-01,-3.868309999999999804e-01,7.862440000000000540e-01,3.782179999999999986e-01,7.219799999999999829e-02,8.372469999999999635e-01,1.219772000000000078e+00,-1.024372000000000060e+00,-1.318149999999999877e-01,5.822310000000000541e-01,2.252079999999999915e-01,-6.163459999999999495e-01,2.762109999999999843e-01,9.647550000000000292e-01,6.077320000000000499e-01,-1.075374999999999970e+00,-5.530999999999999805e-02,5.567290000000000294e-01,2.762109999999999843e-01,-5.653430000000000399e-01,-1.573170000000000124e-01,-6.163459999999999495e-01,2.252079999999999915e-01,-8.081199999999999495e-02,7.862440000000000540e-01,1.347280000000000033e+00,1.908315999999999901e+00,-1.151880000000000015e+00,-2.083200000000000052e-01,-3.868309999999999804e-01,7.219799999999999829e-02,3.527159999999999740e-01,-1.024372000000000060e+00,3.272140000000000049e-01,1.092262999999999984e+00,5.312280000000000335e-01,-1.024372000000000060e+00,-5.653430000000000399e-01,9.647550000000000292e-01,1.372781000000000029e+00,-6.928509999999999946e-01,-2.605472999999999928e+00,1.525790999999999897e+00,1.729803999999999897e+00,1.398282999999999943e+00,3.782179999999999986e-01,-7.693560000000000398e-01,-1.712916000000000105e+00,1.347280000000000033e+00,9.769999999999999518e-02,3.017130000000000090e-01,-2.146443999999999797e+00,8.627489999999999881e-01,1.653299000000000074e+00,1.092262999999999984e+00,-3.268515999999999977e+00,-2.848249999999999948e-01,-4.307000000000000065e-03,3.272140000000000049e-01,2.239837000000000078e+00,1.219772000000000078e+00,-5.530999999999999805e-02,1.487030000000000018e-01,1.232010000000000050e-01,4.037189999999999945e-01,-3.613299999999999845e-01,-7.183530000000000193e-01,1.474787999999999988e+00,-3.192010999999999932e+00,4.292210000000000192e-01,6.077320000000000499e-01,1.143267000000000033e+00,7.097390000000000088e-01,2.119499999999999856e-02,-6.928509999999999946e-01,-1.993433999999999928e+00,1.857312000000000074e+00,3.489416999999999991e+00,1.742049999999999987e-01,-4.888379999999999947e-01,2.119499999999999856e-02,-1.202884000000000064e+00,-9.988700000000000356e-01,-1.318149999999999877e-01,-8.081199999999999495e-02,1.806308999999999942e+00,1.015759000000000079e+00,6.842369999999999841e-01,4.292210000000000192e-01,-3.613299999999999845e-01,-2.324955000000000105e+00,3.782179999999999986e-01,-2.593230000000000257e-01,-5.398410000000000153e-01,7.352410000000000334e-01,1.015759000000000079e+00,-5.908440000000000358e-01,1.500289999999999901e+00,9.392540000000000333e-01,5.567290000000000294e-01,-1.763919000000000015e+00,-5.143389999999999906e-01,1.678800999999999988e+00,-3.868309999999999804e-01,3.272140000000000049e-01,-6.928509999999999946e-01,-8.081199999999999495e-02,1.882813999999999988e+00,6.842369999999999841e-01,-1.049873999999999974e+00,-1.063130000000000047e-01,-2.980800000000000116e-02,-2.848249999999999948e-01,8.882499999999999840e-01,1.372781000000000029e+00,4.802239999999999842e-01,-2.083200000000000052e-01,-5.143389999999999906e-01,-3.613299999999999845e-01,4.802239999999999842e-01,7.097390000000000088e-01,4.547229999999999883e-01,-6.928509999999999946e-01,-3.103259999999999907e-01,1.742049999999999987e-01,6.842369999999999841e-01,-1.228385000000000060e+00,8.627489999999999881e-01,2.252079999999999915e-01,6.077320000000000499e-01,9.769999999999999518e-02,4.669600000000000140e-02,1.117764999999999898e+00,-5.398410000000000153e-01,1.041260000000000074e+00,9.137520000000000087e-01,-1.661912999999999974e+00,-9.478670000000000151e-01,-2.083200000000000052e-01,1.882813999999999988e+00,1.321777999999999897e+00,2.119499999999999856e-02,-1.508903000000000105e+00,4.669600000000000140e-02,-1.828180000000000083e-01,3.782179999999999986e-01,2.252079999999999915e-01,4.037189999999999945e-01,2.762109999999999843e-01,1.653299000000000074e+00,2.137830000000000119e+00,-1.508903000000000105e+00,-1.534405000000000019e+00,-2.848249999999999948e-01,3.782179999999999986e-01,4.037189999999999945e-01,1.232010000000000050e-01,-8.081199999999999495e-02,7.097390000000000088e-01,8.627489999999999881e-01,2.762109999999999843e-01,5.312280000000000335e-01,-2.848249999999999948e-01,-8.203589999999999494e-01,-2.593230000000000257e-01,9.647550000000000292e-01,1.602295999999999943e+00,-1.049873999999999974e+00,3.017130000000000090e-01,-6.673489999999999700e-01,3.527159999999999740e-01,8.882499999999999840e-01,-4.633360000000000256e-01,-5.398410000000000153e-01,1.041260000000000074e+00,-4.378349999999999742e-01,1.997059999999999946e-01,8.117459999999999676e-01,-3.613299999999999845e-01,5.567290000000000294e-01,2.252079999999999915e-01,-2.222948999999999842e+00,7.097390000000000088e-01,1.857312000000000074e+00,-8.968639999999999946e-01,-8.081199999999999495e-02,1.423785000000000078e+00,3.527159999999999740e-01,-2.980800000000000116e-02,5.312280000000000335e-01,5.312280000000000335e-01,-5.908440000000000358e-01,-6.673489999999999700e-01,-2.980800000000000116e-02,1.742049999999999987e-01,2.507099999999999884e-01,-1.318149999999999877e-01,3.017130000000000090e-01,7.219799999999999829e-02,4.669600000000000140e-02,1.742049999999999987e-01,3.782179999999999986e-01,1.015759000000000079e+00,3.017130000000000090e-01,-3.868309999999999804e-01,1.232010000000000050e-01,4.037189999999999945e-01,-1.573170000000000124e-01,-5.530999999999999805e-02,-4.888379999999999947e-01,-5.530999999999999805e-02,6.842369999999999841e-01,1.602295999999999943e+00,5.822310000000000541e-01,-2.083200000000000052e-01,3.017130000000000090e-01,-5.530999999999999805e-02,-1.789420999999999928e+00,-5.653430000000000399e-01,2.762109999999999843e-01,4.292210000000000192e-01,6.077320000000000499e-01,9.137520000000000087e-01,6.077320000000000499e-01,-1.100877000000000105e+00,4.547229999999999883e-01,-4.123330000000000051e-01,3.782179999999999986e-01,-9.733690000000000397e-01,1.117764999999999898e+00,1.347280000000000033e+00,3.272140000000000049e-01,-4.307000000000000065e-03,-2.083200000000000052e-01,-9.478670000000000151e-01,-1.828180000000000083e-01,3.782179999999999986e-01,7.219799999999999829e-02,4.669600000000000140e-02,7.352410000000000334e-01,1.245273000000000074e+00,-1.483402000000000109e+00,-2.338210000000000011e-01,5.312280000000000335e-01,3.017130000000000090e-01,4.669600000000000140e-02,1.449286000000000074e+00,-2.848249999999999948e-01,-1.406897000000000064e+00,2.119499999999999856e-02,9.392540000000000333e-01,6.077320000000000499e-01,8.372469999999999635e-01,6.587359999999999882e-01,5.822310000000000541e-01,6.332339999999999636e-01,-1.789420999999999928e+00,-1.024372000000000060e+00,1.232010000000000050e-01,1.296276999999999902e+00,2.507099999999999884e-01,-8.081199999999999495e-02,-7.693560000000000398e-01,5.312280000000000335e-01,-7.948570000000000357e-01,7.352410000000000334e-01,1.806308999999999942e+00,3.782179999999999986e-01,6.842369999999999841e-01,5.567290000000000294e-01,-1.828180000000000083e-01,6.077320000000000499e-01,7.607420000000000293e-01,-8.968639999999999946e-01,-5.653430000000000399e-01,-1.202884000000000064e+00,-2.593230000000000257e-01,-3.868309999999999804e-01,9.769999999999999518e-02,1.729803999999999897e+00,1.576794999999999947e+00,3.272140000000000049e-01,-1.573170000000000124e-01,-2.222948999999999842e+00,-3.868309999999999804e-01,-8.713619999999999699e-01,2.010321999999999942e+00,1.729803999999999897e+00,1.755306000000000033e+00,1.219772000000000078e+00,-1.508903000000000105e+00,-2.248451000000000199e+00,7.219799999999999829e-02,1.742049999999999987e-01,8.372469999999999635e-01,1.500289999999999901e+00,-2.848249999999999948e-01,-2.083200000000000052e-01,6.332339999999999636e-01,7.219799999999999829e-02,-7.693560000000000398e-01,4.037189999999999945e-01,1.143267000000000033e+00,-3.103259999999999907e-01,-4.633360000000000256e-01,1.742049999999999987e-01,4.292210000000000192e-01,9.902570000000000539e-01,1.296276999999999902e+00,-3.103259999999999907e-01,-3.345021000000000022e+00,3.017130000000000090e-01,1.933816999999999897e+00,2.061326000000000214e+00,2.762109999999999843e-01,7.352410000000000334e-01,-2.936995000000000022e+00,-2.338210000000000011e-01,9.647550000000000292e-01,8.372469999999999635e-01,3.782179999999999986e-01,7.219799999999999829e-02,1.232010000000000050e-01,8.117459999999999676e-01,-3.103259999999999907e-01,-9.988700000000000356e-01,5.312280000000000335e-01,5.057260000000000089e-01,2.762109999999999843e-01,2.762109999999999843e-01,6.587359999999999882e-01,5.057260000000000089e-01,-1.063130000000000047e-01,-1.828180000000000083e-01,4.669600000000000140e-02,3.272140000000000049e-01,2.762109999999999843e-01,-1.457899999999999974e+00,1.742049999999999987e-01,4.547229999999999883e-01,1.092262999999999984e+00,-1.063130000000000047e-01,-4.888379999999999947e-01,-2.593230000000000257e-01,2.762109999999999843e-01,4.037189999999999945e-01,6.332339999999999636e-01,1.168768000000000029e+00,-3.103259999999999907e-01,-3.358280000000000154e-01,-2.593230000000000257e-01,4.669600000000000140e-02,-6.928509999999999946e-01,-1.573170000000000124e-01,1.041260000000000074e+00,8.117459999999999676e-01,8.117459999999999676e-01,5.057260000000000089e-01,-1.828180000000000083e-01,-5.653430000000000399e-01,6.587359999999999882e-01,1.487030000000000018e-01,-1.891428000000000109e+00,2.762109999999999843e-01,1.347280000000000033e+00,2.252079999999999915e-01,-5.530999999999999805e-02,-1.763919000000000015e+00,5.567290000000000294e-01,4.802239999999999842e-01,7.352410000000000334e-01,8.117459999999999676e-01,5.567290000000000294e-01,-1.049873999999999974e+00,-2.083200000000000052e-01,2.762109999999999843e-01,3.272140000000000049e-01,5.057260000000000089e-01,-8.081199999999999495e-02,1.232010000000000050e-01,8.372469999999999635e-01,4.292210000000000192e-01,-8.458609999999999740e-01,-1.202884000000000064e+00,-1.318149999999999877e-01,1.321777999999999897e+00,4.037189999999999945e-01,-3.868309999999999804e-01,4.802239999999999842e-01,1.398282999999999943e+00,-5.143389999999999906e-01,-9.478670000000000151e-01,-1.318149999999999877e-01,1.997059999999999946e-01,9.137520000000000087e-01,9.769999999999999518e-02,2.252079999999999915e-01,4.037189999999999945e-01,2.252079999999999915e-01,4.037189999999999945e-01,1.232010000000000050e-01,5.057260000000000089e-01,-3.358280000000000154e-01,-8.081199999999999495e-02,-5.530999999999999805e-02,1.997059999999999946e-01,3.272140000000000049e-01,-3.358280000000000154e-01,2.762109999999999843e-01,1.742049999999999987e-01,6.587359999999999882e-01,4.669600000000000140e-02,9.769999999999999518e-02,-1.318149999999999877e-01,5.057260000000000089e-01,1.806308999999999942e+00,2.119499999999999856e-02,-2.018936000000000064e+00,4.292210000000000192e-01,-1.828180000000000083e-01,6.842369999999999841e-01,-5.530999999999999805e-02,-3.103259999999999907e-01,1.487030000000000018e-01,1.143267000000000033e+00,1.015759000000000079e+00,-3.868309999999999804e-01,2.762109999999999843e-01,-2.848249999999999948e-01,9.392540000000000333e-01,1.041260000000000074e+00,-9.988700000000000356e-01,-1.738418000000000019e+00,5.312280000000000335e-01,6.842369999999999841e-01,3.782179999999999986e-01,4.292210000000000192e-01,2.762109999999999843e-01,1.742049999999999987e-01,4.802239999999999842e-01,5.567290000000000294e-01,4.669600000000000140e-02,2.119499999999999856e-02,-1.573170000000000124e-01,-2.980800000000000116e-02,-5.143389999999999906e-01,-7.948570000000000357e-01,3.782179999999999986e-01,6.077320000000000499e-01,1.143267000000000033e+00,8.117459999999999676e-01,-8.203589999999999494e-01,3.782179999999999986e-01,7.097390000000000088e-01,-4.123330000000000051e-01,-4.378349999999999742e-01,4.669600000000000140e-02,7.862440000000000540e-01,6.332339999999999636e-01,6.077320000000000499e-01,-4.888379999999999947e-01,9.769999999999999518e-02,4.669600000000000140e-02,-1.063130000000000047e-01,6.077320000000000499e-01,3.527159999999999740e-01,-4.307000000000000065e-03,-5.908440000000000358e-01,1.423785000000000078e+00,5.057260000000000089e-01,-2.171946000000000154e+00,9.769999999999999518e-02,9.769999999999999518e-02,-1.063130000000000047e-01,5.312280000000000335e-01,1.143267000000000033e+00,5.057260000000000089e-01,-4.378349999999999742e-01,9.392540000000000333e-01,1.997059999999999946e-01,1.232010000000000050e-01,5.312280000000000335e-01,-4.307000000000000065e-03,-5.653430000000000399e-01,-5.398410000000000153e-01,-8.713619999999999699e-01,3.782179999999999986e-01,8.627489999999999881e-01,1.704302999999999901e+00,-3.868309999999999804e-01,-4.378349999999999742e-01,-1.304890000000000105e+00,4.292210000000000192e-01,6.332339999999999636e-01,6.332339999999999636e-01,7.862440000000000540e-01,3.272140000000000049e-01,-3.868309999999999804e-01,-2.848249999999999948e-01,7.219799999999999829e-02,9.769999999999999518e-02,-2.848249999999999948e-01,-5.908440000000000358e-01,-2.593230000000000257e-01,1.576794999999999947e+00,3.782179999999999986e-01,6.077320000000000499e-01,4.292210000000000192e-01,7.219799999999999829e-02,1.487030000000000018e-01,4.292210000000000192e-01,-4.123330000000000051e-01,-6.928509999999999946e-01,5.567290000000000294e-01,9.769999999999999518e-02,-1.304890000000000105e+00,1.487030000000000018e-01,1.245273000000000074e+00,2.252079999999999915e-01,5.312280000000000335e-01,1.232010000000000050e-01,1.997059999999999946e-01,5.312280000000000335e-01,-2.338210000000000011e-01,-1.381394999999999929e+00,5.312280000000000335e-01,5.057260000000000089e-01,-3.103259999999999907e-01,3.782179999999999986e-01,1.041260000000000074e+00,1.500289999999999901e+00,3.782179999999999986e-01,-5.530999999999999805e-02,-7.948570000000000357e-01,-7.948570000000000357e-01,-1.318149999999999877e-01,-4.378349999999999742e-01,6.842369999999999841e-01,6.077320000000000499e-01,-5.908440000000000358e-01,1.015759000000000079e+00,-3.868309999999999804e-01,4.037189999999999945e-01,5.312280000000000335e-01,7.097390000000000088e-01,-4.307000000000000065e-03,1.232010000000000050e-01,-1.432398000000000060e+00,-4.378349999999999742e-01,9.392540000000000333e-01,1.066761999999999988e+00,4.669600000000000140e-02,6.842369999999999841e-01,4.292210000000000192e-01,-2.980800000000000116e-02,-2.338210000000000011e-01,-1.636411000000000060e+00,-1.318149999999999877e-01,1.015759000000000079e+00,1.143267000000000033e+00,-2.980800000000000116e-02,1.997059999999999946e-01,5.822310000000000541e-01,-5.530999999999999805e-02,9.769999999999999518e-02,-1.063130000000000047e-01,-1.432398000000000060e+00,3.782179999999999986e-01,5.567290000000000294e-01,7.607420000000000293e-01,1.092262999999999984e+00,-4.378349999999999742e-01,-3.868309999999999804e-01,-4.378349999999999742e-01,9.902570000000000539e-01,-8.458609999999999740e-01,-5.143389999999999906e-01,-8.081199999999999495e-02,9.137520000000000087e-01,2.252079999999999915e-01,2.507099999999999884e-01,1.270774999999999988e+00,9.392540000000000333e-01,2.507099999999999884e-01,7.219799999999999829e-02,-2.338210000000000011e-01,-2.018936000000000064e+00,-2.848249999999999948e-01,-5.653430000000000399e-01,-1.318149999999999877e-01,1.270774999999999988e+00,1.117764999999999898e+00,1.143267000000000033e+00,4.669600000000000140e-02,-4.888379999999999947e-01,-1.253886999999999974e+00,-5.530999999999999805e-02,1.117764999999999898e+00,8.117459999999999676e-01,1.143267000000000033e+00,-3.613299999999999845e-01,4.669600000000000140e-02,3.272140000000000049e-01,-1.318149999999999877e-01,3.272140000000000049e-01,-2.593230000000000257e-01,-1.381394999999999929e+00,1.232010000000000050e-01,2.252079999999999915e-01,3.527159999999999740e-01,6.077320000000000499e-01,1.742049999999999987e-01,-3.868309999999999804e-01,9.902570000000000539e-01,2.507099999999999884e-01,1.232010000000000050e-01,-4.888379999999999947e-01,-6.163459999999999495e-01,1.347280000000000033e+00,2.545856999999999815e+00,-1.585407999999999928e+00,-3.345021000000000022e+00,1.296276999999999902e+00,8.882499999999999840e-01,-1.828180000000000083e-01,5.057260000000000089e-01,1.347280000000000033e+00,7.352410000000000334e-01,1.321777999999999897e+00,-3.868309999999999804e-01,-2.848249999999999948e-01,-2.338210000000000011e-01,-9.478670000000000151e-01,-3.103259999999999907e-01,1.066761999999999988e+00,-1.063130000000000047e-01,-1.279387999999999970e+00,-1.814923000000000064e+00,9.647550000000000292e-01,1.168768000000000029e+00,1.398282999999999943e+00,-4.123330000000000051e-01,1.219772000000000078e+00,1.627798000000000078e+00,4.669600000000000140e-02,-9.988700000000000356e-01,-6.418479999999999741e-01,4.547229999999999883e-01,5.312280000000000335e-01,1.742049999999999987e-01,-4.888379999999999947e-01,-8.713619999999999699e-01,4.547229999999999883e-01,-1.573170000000000124e-01,5.057260000000000089e-01,9.137520000000000087e-01,-2.848249999999999948e-01,-1.828180000000000083e-01,6.842369999999999841e-01,3.272140000000000049e-01,8.882499999999999840e-01,1.245273000000000074e+00,-1.253886999999999974e+00,-2.197446999999999928e+00,6.332339999999999636e-01,1.500289999999999901e+00,1.347280000000000033e+00,-8.458609999999999740e-01,-1.712916000000000105e+00,7.097390000000000088e-01,9.647550000000000292e-01,7.352410000000000334e-01,1.117764999999999898e+00,1.015759000000000079e+00,-1.304890000000000105e+00,2.119499999999999856e-02,6.332339999999999636e-01,5.822310000000000541e-01,-1.534405000000000019e+00,-1.318149999999999877e-01,1.997059999999999946e-01,8.627489999999999881e-01,5.057260000000000089e-01,6.332339999999999636e-01,3.782179999999999986e-01,8.372469999999999635e-01,-1.279387999999999970e+00,-2.197446999999999928e+00,1.321777999999999897e+00,1.525790999999999897e+00,-5.908440000000000358e-01,6.332339999999999636e-01,1.296276999999999902e+00,-6.928509999999999946e-01,7.097390000000000088e-01,1.347280000000000033e+00,1.742049999999999987e-01,-1.738418000000000019e+00,-1.228385000000000060e+00,1.117764999999999898e+00,1.857312000000000074e+00,3.527159999999999740e-01,-1.049873999999999974e+00,7.219799999999999829e-02,-1.355893000000000015e+00,-1.585407999999999928e+00,2.252079999999999915e-01,1.092262999999999984e+00,1.372781000000000029e+00,7.352410000000000334e-01,8.117459999999999676e-01,5.057260000000000089e-01,1.997059999999999946e-01,-2.593230000000000257e-01,9.769999999999999518e-02,2.762109999999999843e-01,-1.126379000000000019e+00,-6.928509999999999946e-01,4.292210000000000192e-01,1.423785000000000078e+00,9.392540000000000333e-01,-7.948570000000000357e-01,-2.083200000000000052e-01,7.352410000000000334e-01,1.168768000000000029e+00,-6.163459999999999495e-01,2.252079999999999915e-01,-7.183530000000000193e-01,3.782179999999999986e-01,1.831811000000000078e+00,-8.968639999999999946e-01,9.769999999999999518e-02,-6.928509999999999946e-01,1.066761999999999988e+00,5.822310000000000541e-01,4.669600000000000140e-02,-6.163459999999999495e-01,-3.358280000000000154e-01,6.842369999999999841e-01,3.527159999999999740e-01,-3.613299999999999845e-01,-4.633360000000000256e-01,1.219772000000000078e+00,3.272140000000000049e-01,-1.100877000000000105e+00,-4.307000000000000065e-03,1.015759000000000079e+00,4.669600000000000140e-02,3.017130000000000090e-01,6.332339999999999636e-01,4.292210000000000192e-01,9.902570000000000539e-01,1.742049999999999987e-01,6.332339999999999636e-01,-1.330392000000000019e+00,-1.253886999999999974e+00,-5.530999999999999805e-02,8.627489999999999881e-01,7.097390000000000088e-01,2.119499999999999856e-02,-1.228385000000000060e+00,-5.530999999999999805e-02,-1.063130000000000047e-01,1.449286000000000074e+00,9.137520000000000087e-01,6.842369999999999841e-01,9.769999999999999518e-02,-2.783984999999999932e+00,1.474787999999999988e+00,1.347280000000000033e+00,1.997059999999999946e-01,-4.888379999999999947e-01,6.332339999999999636e-01,-5.908440000000000358e-01,-8.081199999999999495e-02,2.762109999999999843e-01,-4.307000000000000065e-03,4.292210000000000192e-01,6.332339999999999636e-01,4.292210000000000192e-01,-1.712916000000000105e+00,-4.633360000000000256e-01,6.077320000000000499e-01,1.117764999999999898e+00,6.587359999999999882e-01,-4.888379999999999947e-01,-6.928509999999999946e-01,7.352410000000000334e-01,3.272140000000000049e-01,6.842369999999999841e-01,-2.338210000000000011e-01,2.119499999999999856e-02,2.119499999999999856e-02,2.119499999999999856e-02,-4.307000000000000065e-03,-1.318149999999999877e-01,-2.593230000000000257e-01,8.882499999999999840e-01,-3.103259999999999907e-01,-2.980800000000000116e-02,8.117459999999999676e-01,8.372469999999999635e-01,-5.143389999999999906e-01,-8.081199999999999495e-02,-9.223660000000000192e-01,5.312280000000000335e-01,2.507099999999999884e-01,1.041260000000000074e+00,1.041260000000000074e+00,5.312280000000000335e-01,-1.381394999999999929e+00,-5.530999999999999805e-02,4.802239999999999842e-01,8.882499999999999840e-01,4.292210000000000192e-01,-2.848249999999999948e-01,-3.358280000000000154e-01,5.312280000000000335e-01,7.219799999999999829e-02,-1.318149999999999877e-01,4.669600000000000140e-02,6.842369999999999841e-01,3.272140000000000049e-01,-1.355893000000000015e+00,-6.163459999999999495e-01,-1.063130000000000047e-01,1.576794999999999947e+00,1.372781000000000029e+00,9.769999999999999518e-02,4.802239999999999842e-01,2.762109999999999843e-01,-2.980800000000000116e-02,2.762109999999999843e-01,1.232010000000000050e-01,4.669600000000000140e-02,3.272140000000000049e-01,-1.381394999999999929e+00,-5.908440000000000358e-01,2.252079999999999915e-01,3.527159999999999740e-01,1.015759000000000079e+00,7.097390000000000088e-01,-2.593230000000000257e-01,1.742049999999999987e-01,9.137520000000000087e-01,-8.968639999999999946e-01,6.077320000000000499e-01,5.312280000000000335e-01,-6.928509999999999946e-01,-8.713619999999999699e-01,5.567290000000000294e-01,1.143267000000000033e+00,5.057260000000000089e-01,7.219799999999999829e-02,-1.828180000000000083e-01,4.292210000000000192e-01,1.742049999999999987e-01,1.742049999999999987e-01,9.769999999999999518e-02,2.252079999999999915e-01,-2.980800000000000116e-02,7.219799999999999829e-02,3.782179999999999986e-01,-8.203589999999999494e-01,-2.593230000000000257e-01,3.272140000000000049e-01,5.567290000000000294e-01,-2.848249999999999948e-01,9.647550000000000292e-01,2.119499999999999856e-02,5.312280000000000335e-01,-4.307000000000000065e-03,7.097390000000000088e-01,9.769999999999999518e-02,-8.203589999999999494e-01,-2.980800000000000116e-02,9.769999999999999518e-02,-2.593230000000000257e-01,4.802239999999999842e-01,1.270774999999999988e+00,1.296276999999999902e+00,4.802239999999999842e-01,-1.457899999999999974e+00,1.232010000000000050e-01,-1.318149999999999877e-01,-5.653430000000000399e-01,4.292210000000000192e-01,7.097390000000000088e-01,9.392540000000000333e-01,-4.633360000000000256e-01,1.232010000000000050e-01,4.292210000000000192e-01,2.119499999999999856e-02,4.669600000000000140e-02,7.862440000000000540e-01,4.292210000000000192e-01,-5.530999999999999805e-02,3.272140000000000049e-01,5.057260000000000089e-01,-2.338210000000000011e-01,-5.530999999999999805e-02,-4.307000000000000065e-03,-2.980800000000000116e-02,-3.103259999999999907e-01,-5.530999999999999805e-02,-1.063130000000000047e-01,-2.593230000000000257e-01,9.137520000000000087e-01,2.469352000000000213e+00,4.669600000000000140e-02,-1.687415000000000109e+00,-1.610910000000000064e+00,5.567290000000000294e-01,6.332339999999999636e-01,5.822310000000000541e-01,7.862440000000000540e-01,1.194269999999999943e+00,1.742049999999999987e-01,9.769999999999999518e-02,7.219799999999999829e-02,-3.358280000000000154e-01,-2.083200000000000052e-01,-4.888379999999999947e-01,-1.828180000000000083e-01,4.669600000000000140e-02,2.252079999999999915e-01,1.066761999999999988e+00,1.487030000000000018e-01,1.742049999999999987e-01,-3.103259999999999907e-01,-4.307000000000000065e-03,7.352410000000000334e-01,1.015759000000000079e+00,-1.916929000000000105e+00,-6.163459999999999495e-01,9.902570000000000539e-01,8.117459999999999676e-01,7.352410000000000334e-01,9.137520000000000087e-01,6.077320000000000499e-01,-6.673489999999999700e-01,-3.868309999999999804e-01,-7.693560000000000398e-01,7.219799999999999829e-02,3.782179999999999986e-01,4.292210000000000192e-01,9.769999999999999518e-02,2.252079999999999915e-01,5.057260000000000089e-01,6.077320000000000499e-01,-6.673489999999999700e-01,-2.083200000000000052e-01,7.352410000000000334e-01,-5.143389999999999906e-01,4.547229999999999883e-01,-1.318149999999999877e-01,7.219799999999999829e-02,-3.358280000000000154e-01,8.882499999999999840e-01,5.822310000000000541e-01,7.097390000000000088e-01,6.842369999999999841e-01,2.119499999999999856e-02,-1.063130000000000047e-01,-2.083200000000000052e-01,-4.378349999999999742e-01,-3.613299999999999845e-01,-8.081199999999999495e-02,1.997059999999999946e-01,1.041260000000000074e+00,1.296276999999999902e+00,-3.358280000000000154e-01,-1.253886999999999974e+00,-4.378349999999999742e-01,-1.573170000000000124e-01,5.312280000000000335e-01,3.527159999999999740e-01,2.252079999999999915e-01,1.219772000000000078e+00,1.997059999999999946e-01,-8.968639999999999946e-01,1.742049999999999987e-01,-1.063130000000000047e-01,4.292210000000000192e-01,5.312280000000000335e-01,4.292210000000000192e-01,-5.530999999999999805e-02,5.312280000000000335e-01,7.219799999999999829e-02,7.219799999999999829e-02,-1.573170000000000124e-01,2.507099999999999884e-01,-4.307000000000000065e-03,-4.378349999999999742e-01,9.769999999999999518e-02,1.487030000000000018e-01,3.017130000000000090e-01,-7.438540000000000152e-01,8.117459999999999676e-01,1.449286000000000074e+00,-3.358280000000000154e-01,-7.948570000000000357e-01,1.780807999999999947e+00,1.487030000000000018e-01,2.252079999999999915e-01,-7.438540000000000152e-01,-2.593230000000000257e-01,3.017130000000000090e-01,-3.868309999999999804e-01,1.742049999999999987e-01,5.822310000000000541e-01,5.057260000000000089e-01,-1.202884000000000064e+00,7.352410000000000334e-01,1.742049999999999987e-01,1.742049999999999987e-01,-8.081199999999999495e-02,1.143267000000000033e+00,-1.483402000000000109e+00,1.232010000000000050e-01,9.137520000000000087e-01,3.017130000000000090e-01,1.742049999999999987e-01,7.219799999999999829e-02,7.607420000000000293e-01,-4.307000000000000065e-03,7.219799999999999829e-02,-1.318149999999999877e-01,-1.063130000000000047e-01,-4.633360000000000256e-01,7.219799999999999829e-02,9.769999999999999518e-02,5.822310000000000541e-01,2.252079999999999915e-01,1.487030000000000018e-01,-1.573170000000000124e-01,5.567290000000000294e-01,3.017130000000000090e-01,1.066761999999999988e+00,8.882499999999999840e-01,7.097390000000000088e-01,-1.828180000000000083e-01,-2.044436999999999838e+00,-1.585407999999999928e+00,-4.888379999999999947e-01,8.882499999999999840e-01,7.097390000000000088e-01,6.842369999999999841e-01,6.332339999999999636e-01,1.092262999999999984e+00,9.647550000000000292e-01,1.232010000000000050e-01,-7.183530000000000193e-01,-7.183530000000000193e-01,-2.338210000000000011e-01,-8.713619999999999699e-01,3.527159999999999740e-01,-1.063130000000000047e-01,1.232010000000000050e-01,1.015759000000000079e+00,1.551293000000000033e+00,1.742049999999999987e-01,2.762109999999999843e-01,-8.713619999999999699e-01,1.997059999999999946e-01,-8.081199999999999495e-02,3.272140000000000049e-01,-3.613299999999999845e-01,9.902570000000000539e-01,3.782179999999999986e-01,6.332339999999999636e-01,1.232010000000000050e-01,-1.318149999999999877e-01,-5.908440000000000358e-01,6.077320000000000499e-01,1.041260000000000074e+00,-7.183530000000000193e-01,-9.733690000000000397e-01,4.669600000000000140e-02,6.332339999999999636e-01,5.312280000000000335e-01,4.292210000000000192e-01,5.057260000000000089e-01,5.567290000000000294e-01,-1.355893000000000015e+00,-4.123330000000000051e-01,9.769999999999999518e-02,-7.438540000000000152e-01,7.607420000000000293e-01,1.449286000000000074e+00,7.862440000000000540e-01,6.332339999999999636e-01,3.272140000000000049e-01,-5.908440000000000358e-01,-2.980800000000000116e-02,1.232010000000000050e-01,-1.828180000000000083e-01,-2.848249999999999948e-01,8.882499999999999840e-01,8.117459999999999676e-01,7.219799999999999829e-02,-2.593230000000000257e-01,-1.828180000000000083e-01,1.232010000000000050e-01,5.822310000000000541e-01,2.119499999999999856e-02,-4.888379999999999947e-01,-8.081199999999999495e-02,1.066761999999999988e+00,6.587359999999999882e-01,-4.888379999999999947e-01,-1.457899999999999974e+00,-1.177381999999999929e+00,7.607420000000000293e-01,1.755306000000000033e+00,1.933816999999999897e+00,-2.980800000000000116e-02,-1.828180000000000083e-01,2.119499999999999856e-02,-1.318149999999999877e-01,3.782179999999999986e-01,-4.888379999999999947e-01,4.802239999999999842e-01,2.507099999999999884e-01,-4.307000000000000065e-03,-1.573170000000000124e-01,-8.081199999999999495e-02,-4.307000000000000065e-03,-4.307000000000000065e-03,1.232010000000000050e-01,2.762109999999999843e-01,-2.848249999999999948e-01,3.017130000000000090e-01,4.292210000000000192e-01,2.119499999999999856e-02,3.272140000000000049e-01,1.487030000000000018e-01,4.802239999999999842e-01,4.669600000000000140e-02,2.762109999999999843e-01,-1.318149999999999877e-01,4.802239999999999842e-01,-2.980800000000000116e-02,3.527159999999999740e-01,4.547229999999999883e-01,-2.044436999999999838e+00,-1.508903000000000105e+00,4.547229999999999883e-01,9.137520000000000087e-01,1.602295999999999943e+00,1.602295999999999943e+00,1.742049999999999987e-01,-8.081199999999999495e-02,-6.163459999999999495e-01,1.997059999999999946e-01,-1.828180000000000083e-01,1.232010000000000050e-01,-2.593230000000000257e-01,-7.948570000000000357e-01,3.272140000000000049e-01,6.332339999999999636e-01,4.802239999999999842e-01,2.762109999999999843e-01,-2.083200000000000052e-01,4.292210000000000192e-01,2.119499999999999856e-02,6.332339999999999636e-01,2.252079999999999915e-01,-3.868309999999999804e-01,4.292210000000000192e-01,1.219772000000000078e+00,-1.573170000000000124e-01,-7.183530000000000193e-01,1.232010000000000050e-01,8.117459999999999676e-01,4.292210000000000192e-01,-1.381394999999999929e+00,1.742049999999999987e-01,7.352410000000000334e-01,5.057260000000000089e-01,5.822310000000000541e-01,4.669600000000000140e-02,-2.848249999999999948e-01,1.487030000000000018e-01,9.769999999999999518e-02,1.487030000000000018e-01,4.037189999999999945e-01,5.822310000000000541e-01,1.997059999999999946e-01,-6.928509999999999946e-01,-2.848249999999999948e-01,3.272140000000000049e-01,8.372469999999999635e-01,-1.318149999999999877e-01,-1.100877000000000105e+00,-7.438540000000000152e-01,1.219772000000000078e+00,1.500289999999999901e+00,-5.530999999999999805e-02,7.219799999999999829e-02,4.292210000000000192e-01,2.762109999999999843e-01,-4.888379999999999947e-01,-8.458609999999999740e-01,4.802239999999999842e-01,2.507099999999999884e-01,8.627489999999999881e-01,-2.593230000000000257e-01,-4.633360000000000256e-01,-1.318149999999999877e-01,1.015759000000000079e+00,1.194269999999999943e+00,2.252079999999999915e-01,-1.318149999999999877e-01,-5.398410000000000153e-01,-3.868309999999999804e-01,7.097390000000000088e-01,7.097390000000000088e-01,-1.828180000000000083e-01,2.119499999999999856e-02,-5.143389999999999906e-01,2.119499999999999856e-02,2.762109999999999843e-01,2.252079999999999915e-01,2.507099999999999884e-01,6.842369999999999841e-01,5.567290000000000294e-01,-3.103259999999999907e-01,-1.151880000000000015e+00,8.627489999999999881e-01,6.332339999999999636e-01,3.272140000000000049e-01,5.567290000000000294e-01,5.057260000000000089e-01,-2.593230000000000257e-01,-1.126379000000000019e+00,5.822310000000000541e-01,4.669600000000000140e-02,1.487030000000000018e-01,2.762109999999999843e-01,-6.928509999999999946e-01,3.017130000000000090e-01,1.487030000000000018e-01,5.057260000000000089e-01,1.232010000000000050e-01,3.272140000000000049e-01,-5.653430000000000399e-01,5.567290000000000294e-01,5.057260000000000089e-01,5.312280000000000335e-01,-1.828180000000000083e-01,-5.530999999999999805e-02,5.822310000000000541e-01,-5.653430000000000399e-01,-6.163459999999999495e-01,-5.530999999999999805e-02,8.627489999999999881e-01,6.077320000000000499e-01,-3.868309999999999804e-01,7.219799999999999829e-02,-2.593230000000000257e-01,6.587359999999999882e-01,4.669600000000000140e-02,-3.868309999999999804e-01,2.507099999999999884e-01,-4.123330000000000051e-01,4.292210000000000192e-01,8.372469999999999635e-01,4.802239999999999842e-01,5.312280000000000335e-01,-5.530999999999999805e-02,-2.848249999999999948e-01,-1.318149999999999877e-01,1.742049999999999987e-01,6.332339999999999636e-01,2.252079999999999915e-01,-1.318149999999999877e-01,-2.083200000000000052e-01,-2.980800000000000116e-02,2.252079999999999915e-01,-3.358280000000000154e-01,2.507099999999999884e-01,3.272140000000000049e-01,2.119499999999999856e-02,5.822310000000000541e-01,7.097390000000000088e-01,-8.458609999999999740e-01,-9.733690000000000397e-01,8.117459999999999676e-01,1.831811000000000078e+00,-1.202884000000000064e+00,-3.613299999999999845e-01,7.352410000000000334e-01,8.372469999999999635e-01,-3.358280000000000154e-01,4.547229999999999883e-01,1.742049999999999987e-01,4.802239999999999842e-01,-1.228385000000000060e+00,-2.593230000000000257e-01,3.272140000000000049e-01,1.168768000000000029e+00,1.487030000000000018e-01,-4.888379999999999947e-01,-3.868309999999999804e-01,1.742049999999999987e-01,3.272140000000000049e-01,5.312280000000000335e-01,4.292210000000000192e-01,-4.307000000000000065e-03,1.232010000000000050e-01,3.527159999999999740e-01,-5.530999999999999805e-02,5.312280000000000335e-01,-2.593230000000000257e-01,2.119499999999999856e-02,-4.888379999999999947e-01,6.077320000000000499e-01,1.270774999999999988e+00,-4.888379999999999947e-01,-2.848249999999999948e-01,7.097390000000000088e-01,7.607420000000000293e-01,-3.103259999999999907e-01,-9.988700000000000356e-01,-4.307000000000000065e-03,4.802239999999999842e-01,4.547229999999999883e-01,1.997059999999999946e-01,1.742049999999999987e-01,3.527159999999999740e-01,2.252079999999999915e-01,1.194269999999999943e+00,1.742049999999999987e-01,-2.732981999999999800e+00,-1.304890000000000105e+00,1.143267000000000033e+00,1.602295999999999943e+00,5.822310000000000541e-01,6.077320000000000499e-01,-2.980800000000000116e-02,-2.593230000000000257e-01,2.252079999999999915e-01,-1.063130000000000047e-01,-1.318149999999999877e-01,5.567290000000000294e-01,3.527159999999999740e-01,-3.613299999999999845e-01,-4.123330000000000051e-01,-8.081199999999999495e-02,5.822310000000000541e-01,4.292210000000000192e-01,2.252079999999999915e-01,5.822310000000000541e-01,-8.081199999999999495e-02,-1.828180000000000083e-01,4.547229999999999883e-01,4.669600000000000140e-02,8.117459999999999676e-01,-5.653430000000000399e-01,-7.183530000000000193e-01,1.997059999999999946e-01,-8.203589999999999494e-01,1.321777999999999897e+00,1.270774999999999988e+00,6.587359999999999882e-01,3.782179999999999986e-01,-5.398410000000000153e-01,-2.338210000000000011e-01,-2.848249999999999948e-01,2.119499999999999856e-02,3.017130000000000090e-01,4.292210000000000192e-01,-8.968639999999999946e-01,2.252079999999999915e-01,6.587359999999999882e-01,4.547229999999999883e-01,7.607420000000000293e-01,7.607420000000000293e-01,-6.163459999999999495e-01,-1.100877000000000105e+00,3.017130000000000090e-01,7.862440000000000540e-01,-1.828180000000000083e-01,-2.083200000000000052e-01,3.017130000000000090e-01,7.352410000000000334e-01,3.527159999999999740e-01,1.232010000000000050e-01,-2.980800000000000116e-02,7.219799999999999829e-02,5.567290000000000294e-01,-3.103259999999999907e-01,-1.828180000000000083e-01,-5.143389999999999906e-01,1.232010000000000050e-01,6.332339999999999636e-01,1.398282999999999943e+00,4.292210000000000192e-01,-3.103259999999999907e-01,2.252079999999999915e-01,-1.063130000000000047e-01,-1.573170000000000124e-01,6.842369999999999841e-01,9.137520000000000087e-01,-1.508903000000000105e+00,-9.223660000000000192e-01,8.372469999999999635e-01,5.567290000000000294e-01,7.097390000000000088e-01,8.627489999999999881e-01,9.769999999999999518e-02,2.252079999999999915e-01,2.762109999999999843e-01,-5.398410000000000153e-01,3.527159999999999740e-01,5.312280000000000335e-01,3.527159999999999740e-01,-2.593230000000000257e-01,-5.908440000000000358e-01,-3.103259999999999907e-01,-5.530999999999999805e-02,4.547229999999999883e-01,1.347280000000000033e+00,-2.593230000000000257e-01,-9.223660000000000192e-01,2.252079999999999915e-01,4.547229999999999883e-01,8.117459999999999676e-01,5.057260000000000089e-01,-5.530999999999999805e-02,-2.848249999999999948e-01,-1.483402000000000109e+00,3.272140000000000049e-01,1.729803999999999897e+00,3.782179999999999986e-01,7.219799999999999829e-02,2.119499999999999856e-02,4.547229999999999883e-01,6.077320000000000499e-01,4.669600000000000140e-02,2.119499999999999856e-02,2.252079999999999915e-01,-2.980800000000000116e-02,-8.081199999999999495e-02,-5.908440000000000358e-01,-1.318149999999999877e-01,2.507099999999999884e-01,3.017130000000000090e-01,-2.593230000000000257e-01,3.782179999999999986e-01,1.755306000000000033e+00,1.066761999999999988e+00,-2.044436999999999838e+00,-1.049873999999999974e+00,7.862440000000000540e-01,9.392540000000000333e-01,5.822310000000000541e-01,7.352410000000000334e-01,6.842369999999999841e-01,7.219799999999999829e-02,-1.063130000000000047e-01,-4.123330000000000051e-01,-9.478670000000000151e-01,-4.307000000000000065e-03,5.312280000000000335e-01,-1.573170000000000124e-01,-3.103259999999999907e-01,-5.530999999999999805e-02,8.372469999999999635e-01,3.527159999999999740e-01,7.097390000000000088e-01,1.245273000000000074e+00,2.507099999999999884e-01,5.057260000000000089e-01,-1.100877000000000105e+00,-1.279387999999999970e+00,3.272140000000000049e-01,8.117459999999999676e-01,-5.530999999999999805e-02,6.842369999999999841e-01,-8.713619999999999699e-01,1.232010000000000050e-01,7.607420000000000293e-01,5.057260000000000089e-01,2.507099999999999884e-01,2.507099999999999884e-01,4.037189999999999945e-01,7.097390000000000088e-01,-5.143389999999999906e-01,-2.083200000000000052e-01,2.252079999999999915e-01,1.232010000000000050e-01,-8.968639999999999946e-01,-4.633360000000000256e-01,9.769999999999999518e-02,1.015759000000000079e+00,4.292210000000000192e-01,9.137520000000000087e-01,2.507099999999999884e-01,-2.338210000000000011e-01,2.507099999999999884e-01,-4.888379999999999947e-01,-1.355893000000000015e+00,6.077320000000000499e-01,1.041260000000000074e+00,-4.307000000000000065e-03,-2.980800000000000116e-02,5.312280000000000335e-01,1.742049999999999987e-01,5.822310000000000541e-01,4.037189999999999945e-01,-7.948570000000000357e-01,-1.573170000000000124e-01,8.627489999999999881e-01,1.143267000000000033e+00,5.822310000000000541e-01,-5.653430000000000399e-01,-4.633360000000000256e-01,-2.848249999999999948e-01,4.669600000000000140e-02,2.507099999999999884e-01,4.802239999999999842e-01,4.669600000000000140e-02,-4.307000000000000065e-03,-8.081199999999999495e-02,2.119499999999999856e-02,5.312280000000000335e-01,3.272140000000000049e-01,2.507099999999999884e-01,6.842369999999999841e-01,9.769999999999999518e-02,-7.183530000000000193e-01,1.742049999999999987e-01,2.252079999999999915e-01,-2.848249999999999948e-01,2.507099999999999884e-01,1.742049999999999987e-01,1.487030000000000018e-01,4.292210000000000192e-01,-3.358280000000000154e-01,5.312280000000000335e-01,-3.613299999999999845e-01,6.077320000000000499e-01,-2.338210000000000011e-01,-2.083200000000000052e-01,5.822310000000000541e-01,6.587359999999999882e-01,1.997059999999999946e-01,7.607420000000000293e-01,3.782179999999999986e-01,-7.438540000000000152e-01,2.119499999999999856e-02,1.487030000000000018e-01,-5.530999999999999805e-02,-3.103259999999999907e-01,3.527159999999999740e-01,5.057260000000000089e-01,-4.123330000000000051e-01,2.252079999999999915e-01,1.321777999999999897e+00,6.332339999999999636e-01,-1.610910000000000064e+00,2.252079999999999915e-01,-8.458609999999999740e-01,-1.559906000000000015e+00,8.372469999999999635e-01,1.398282999999999943e+00,1.092262999999999984e+00,8.627489999999999881e-01,2.762109999999999843e-01,2.762109999999999843e-01,2.762109999999999843e-01,-8.081199999999999495e-02,-4.633360000000000256e-01,-1.100877000000000105e+00,-1.318149999999999877e-01,1.742049999999999987e-01,3.272140000000000049e-01,7.352410000000000334e-01,1.117764999999999898e+00,-1.763919000000000015e+00,-4.633360000000000256e-01,8.117459999999999676e-01,1.194269999999999943e+00,7.219799999999999829e-02,-3.868309999999999804e-01,8.117459999999999676e-01,4.547229999999999883e-01,9.769999999999999518e-02,-2.980800000000000116e-02,3.782179999999999986e-01,3.272140000000000049e-01,-3.868309999999999804e-01,-8.081199999999999495e-02,2.252079999999999915e-01,-4.888379999999999947e-01,5.822310000000000541e-01,-8.081199999999999495e-02,1.487030000000000018e-01,6.587359999999999882e-01,1.194269999999999943e+00,8.627489999999999881e-01,-8.203589999999999494e-01,-2.936995000000000022e+00,2.507099999999999884e-01,8.882499999999999840e-01,1.347280000000000033e+00,9.902570000000000539e-01,1.742049999999999987e-01,6.332339999999999636e-01,1.997059999999999946e-01,-1.432398000000000060e+00,-9.478670000000000151e-01,2.762109999999999843e-01,5.822310000000000541e-01,5.567290000000000294e-01,4.037189999999999945e-01,-3.103259999999999907e-01,2.252079999999999915e-01,7.862440000000000540e-01,7.352410000000000334e-01,-3.868309999999999804e-01,-9.223660000000000192e-01,1.232010000000000050e-01,1.143267000000000033e+00,2.252079999999999915e-01,-4.378349999999999742e-01,-1.063130000000000047e-01,1.487030000000000018e-01,5.057260000000000089e-01,1.232010000000000050e-01,1.487030000000000018e-01,2.252079999999999915e-01,2.252079999999999915e-01,1.487030000000000018e-01,-8.081199999999999495e-02,2.507099999999999884e-01,5.567290000000000294e-01,5.057260000000000089e-01,-5.653430000000000399e-01,1.742049999999999987e-01,4.037189999999999945e-01,-2.848249999999999948e-01,-4.888379999999999947e-01,-5.530999999999999805e-02,8.882499999999999840e-01,1.576794999999999947e+00,-2.338210000000000011e-01,-2.044436999999999838e+00,7.607420000000000293e-01,1.372781000000000029e+00,1.143267000000000033e+00,7.219799999999999829e-02,-2.848249999999999948e-01,2.119499999999999856e-02,1.742049999999999987e-01,-3.103259999999999907e-01,-1.573170000000000124e-01,2.762109999999999843e-01,-4.378349999999999742e-01,5.312280000000000335e-01,4.292210000000000192e-01,-1.318149999999999877e-01,5.822310000000000541e-01,2.119499999999999856e-02,-7.693560000000000398e-01,-1.318149999999999877e-01,5.567290000000000294e-01,7.097390000000000088e-01,1.143267000000000033e+00,6.842369999999999841e-01,-1.573170000000000124e-01,2.119499999999999856e-02,1.997059999999999946e-01,-8.081199999999999495e-02,-5.530999999999999805e-02,-3.613299999999999845e-01,-5.530999999999999805e-02,-1.573170000000000124e-01,-6.928509999999999946e-01,4.669600000000000140e-02,2.119499999999999856e-02,9.392540000000000333e-01,1.525790999999999897e+00,3.017130000000000090e-01,-5.143389999999999906e-01,8.117459999999999676e-01,6.332339999999999636e-01,5.822310000000000541e-01,7.352410000000000334e-01,-8.203589999999999494e-01,-1.381394999999999929e+00,-2.593230000000000257e-01,1.487030000000000018e-01,4.292210000000000192e-01,2.762109999999999843e-01,2.119499999999999856e-02,4.802239999999999842e-01,-2.980800000000000116e-02,7.607420000000000293e-01,-5.530999999999999805e-02,2.119499999999999856e-02,-1.828180000000000083e-01,1.232010000000000050e-01,-2.338210000000000011e-01,6.332339999999999636e-01,4.802239999999999842e-01,6.077320000000000499e-01,7.862440000000000540e-01,-8.081199999999999495e-02,-8.081199999999999495e-02,-2.848249999999999948e-01,-6.418479999999999741e-01,-3.358280000000000154e-01,1.232010000000000050e-01,6.077320000000000499e-01,1.092262999999999984e+00,6.842369999999999841e-01,-3.358280000000000154e-01,-5.908440000000000358e-01,4.037189999999999945e-01,1.015759000000000079e+00,1.525790999999999897e+00,2.119499999999999856e-02,1.997059999999999946e-01,-1.253886999999999974e+00,-9.223660000000000192e-01,-2.848249999999999948e-01,8.372469999999999635e-01,8.627489999999999881e-01,9.769999999999999518e-02,-1.432398000000000060e+00,-1.573170000000000124e-01,1.487030000000000018e-01,1.245273000000000074e+00,4.547229999999999883e-01,2.252079999999999915e-01,3.272140000000000049e-01,4.547229999999999883e-01,8.627489999999999881e-01,6.587359999999999882e-01,-1.126379000000000019e+00,-6.163459999999999495e-01,-1.828180000000000083e-01,-4.307000000000000065e-03,-2.848249999999999948e-01,5.822310000000000541e-01,2.252079999999999915e-01,7.219799999999999829e-02,2.762109999999999843e-01,4.037189999999999945e-01,-7.693560000000000398e-01,8.117459999999999676e-01,4.547229999999999883e-01,8.627489999999999881e-01,6.587359999999999882e-01,-3.868309999999999804e-01,-2.848249999999999948e-01,6.587359999999999882e-01,6.842369999999999841e-01,-2.980800000000000116e-02,-1.063130000000000047e-01,-2.593230000000000257e-01,-4.123330000000000051e-01,-4.307000000000000065e-03,2.252079999999999915e-01,3.272140000000000049e-01,-2.980800000000000116e-02,8.117459999999999676e-01,7.862440000000000540e-01,-1.828180000000000083e-01,-1.151880000000000015e+00,-1.063130000000000047e-01,8.627489999999999881e-01,-6.673489999999999700e-01,-4.888379999999999947e-01,8.882499999999999840e-01,9.902570000000000539e-01,1.168768000000000029e+00,7.607420000000000293e-01,3.782179999999999986e-01,-5.398410000000000153e-01,-1.318149999999999877e-01,-2.980800000000000116e-02,9.769999999999999518e-02,-8.458609999999999740e-01,-3.868309999999999804e-01,6.587359999999999882e-01,9.769999999999999518e-02,-2.980800000000000116e-02,-2.593230000000000257e-01,1.653299000000000074e+00,8.372469999999999635e-01,7.097390000000000088e-01,-5.530999999999999805e-02,-9.988700000000000356e-01,-5.908440000000000358e-01,9.902570000000000539e-01,3.782179999999999986e-01,2.252079999999999915e-01,3.272140000000000049e-01,2.762109999999999843e-01,2.252079999999999915e-01,-8.081199999999999495e-02,4.037189999999999945e-01,6.587359999999999882e-01,-2.593230000000000257e-01,-1.063130000000000047e-01,1.143267000000000033e+00,7.862440000000000540e-01,-1.253886999999999974e+00,-9.223660000000000192e-01,3.527159999999999740e-01,9.392540000000000333e-01,3.782179999999999986e-01,-1.318149999999999877e-01,-8.713619999999999699e-01,1.041260000000000074e+00,4.802239999999999842e-01,5.567290000000000294e-01,-6.418479999999999741e-01,-8.713619999999999699e-01,9.392540000000000333e-01,-2.848249999999999948e-01,6.587359999999999882e-01,7.219799999999999829e-02,2.762109999999999843e-01,5.312280000000000335e-01,5.567290000000000294e-01,4.669600000000000140e-02,-4.307000000000000065e-03,7.219799999999999829e-02,1.487030000000000018e-01,-1.573170000000000124e-01,1.742049999999999987e-01,-4.307000000000000065e-03,-2.980800000000000116e-02,3.782179999999999986e-01,9.769999999999999518e-02,1.742049999999999987e-01,6.077320000000000499e-01,-3.868309999999999804e-01,-1.063130000000000047e-01,2.762109999999999843e-01,3.017130000000000090e-01,3.272140000000000049e-01,-1.063130000000000047e-01,3.017130000000000090e-01,-8.081199999999999495e-02,4.547229999999999883e-01,7.097390000000000088e-01,-6.163459999999999495e-01,5.822310000000000541e-01,2.507099999999999884e-01,-9.733690000000000397e-01,-6.673489999999999700e-01,-8.081199999999999495e-02,4.547229999999999883e-01,5.822310000000000541e-01,3.527159999999999740e-01,7.219799999999999829e-02,3.017130000000000090e-01,-8.713619999999999699e-01,1.487030000000000018e-01,-4.378349999999999742e-01,1.015759000000000079e+00,8.372469999999999635e-01,5.822310000000000541e-01,6.332339999999999636e-01,3.017130000000000090e-01,-1.573170000000000124e-01,-3.103259999999999907e-01,-4.888379999999999947e-01,-1.828180000000000083e-01,4.802239999999999842e-01,5.312280000000000335e-01,-1.049873999999999974e+00,-2.083200000000000052e-01,6.587359999999999882e-01,8.117459999999999676e-01,9.137520000000000087e-01,1.232010000000000050e-01,-8.713619999999999699e-01,-3.868309999999999804e-01,1.742049999999999987e-01,6.332339999999999636e-01,6.587359999999999882e-01,5.312280000000000335e-01,1.487030000000000018e-01,9.769999999999999518e-02,4.669600000000000140e-02,-2.980800000000000116e-02,-1.573170000000000124e-01,4.292210000000000192e-01,8.372469999999999635e-01,-8.458609999999999740e-01,-6.928509999999999946e-01,-4.633360000000000256e-01,3.782179999999999986e-01,3.782179999999999986e-01,1.997059999999999946e-01,1.398282999999999943e+00,1.372781000000000029e+00,2.762109999999999843e-01,-2.848249999999999948e-01,-3.358280000000000154e-01,-3.358280000000000154e-01,4.669600000000000140e-02,-5.530999999999999805e-02,9.769999999999999518e-02,2.119499999999999856e-02,-1.828180000000000083e-01,2.762109999999999843e-01,3.527159999999999740e-01,6.332339999999999636e-01,7.219799999999999829e-02,2.119499999999999856e-02,5.057260000000000089e-01,1.232010000000000050e-01,2.507099999999999884e-01,1.232010000000000050e-01,4.669600000000000140e-02,1.742049999999999987e-01,1.232010000000000050e-01,-5.653430000000000399e-01,4.669600000000000140e-02,6.587359999999999882e-01,9.769999999999999518e-02,4.037189999999999945e-01,-5.398410000000000153e-01,1.487030000000000018e-01,4.037189999999999945e-01,-8.081199999999999495e-02,7.219799999999999829e-02,2.119499999999999856e-02,-2.980800000000000116e-02,4.292210000000000192e-01,6.077320000000000499e-01,7.097390000000000088e-01,2.762109999999999843e-01,1.742049999999999987e-01,-4.307000000000000065e-03,-4.123330000000000051e-01,4.037189999999999945e-01,1.487030000000000018e-01,-9.223660000000000192e-01,-7.438540000000000152e-01,-5.653430000000000399e-01,7.862440000000000540e-01,1.398282999999999943e+00,1.066761999999999988e+00,4.802239999999999842e-01,-1.573170000000000124e-01,9.769999999999999518e-02,3.017130000000000090e-01,7.097390000000000088e-01,4.669600000000000140e-02,-3.868309999999999804e-01,-5.530999999999999805e-02,-3.103259999999999907e-01,-8.081199999999999495e-02,-8.081199999999999495e-02,-4.378349999999999742e-01,-4.307000000000000065e-03,3.527159999999999740e-01,3.272140000000000049e-01,3.527159999999999740e-01,8.372469999999999635e-01,1.487030000000000018e-01,3.272140000000000049e-01,3.272140000000000049e-01,7.219799999999999829e-02,3.782179999999999986e-01,-2.338210000000000011e-01,-8.081199999999999495e-02,2.507099999999999884e-01,1.997059999999999946e-01,-1.318149999999999877e-01,1.487030000000000018e-01,-2.338210000000000011e-01,5.822310000000000541e-01,-5.530999999999999805e-02,7.607420000000000293e-01,8.372469999999999635e-01,-7.948570000000000357e-01,-3.358280000000000154e-01,4.547229999999999883e-01,1.219772000000000078e+00,8.372469999999999635e-01,-3.358280000000000154e-01,-4.307000000000000065e-03,-2.083200000000000052e-01,-4.378349999999999742e-01,-2.338210000000000011e-01,-2.980800000000000116e-02,4.669600000000000140e-02,4.802239999999999842e-01,4.292210000000000192e-01,2.762109999999999843e-01,3.017130000000000090e-01,4.669600000000000140e-02,5.567290000000000294e-01,3.017130000000000090e-01,-4.888379999999999947e-01,-5.530999999999999805e-02,5.567290000000000294e-01,5.822310000000000541e-01,7.219799999999999829e-02,3.782179999999999986e-01,4.037189999999999945e-01,-4.123330000000000051e-01,-4.888379999999999947e-01,2.252079999999999915e-01,2.762109999999999843e-01,2.507099999999999884e-01,7.219799999999999829e-02,9.769999999999999518e-02,8.372469999999999635e-01,7.607420000000000293e-01,-6.163459999999999495e-01,-2.083200000000000052e-01,-2.980800000000000116e-02,-2.593230000000000257e-01,-4.307000000000000065e-03,4.292210000000000192e-01,8.117459999999999676e-01,7.097390000000000088e-01,-2.338210000000000011e-01,-8.968639999999999946e-01,-4.378349999999999742e-01,8.882499999999999840e-01,1.423785000000000078e+00,-9.988700000000000356e-01,-2.848249999999999948e-01,6.077320000000000499e-01,4.802239999999999842e-01,-8.081199999999999495e-02,-1.063130000000000047e-01,9.769999999999999518e-02,3.272140000000000049e-01,3.782179999999999986e-01,3.017130000000000090e-01,4.292210000000000192e-01,-1.063130000000000047e-01,-5.908440000000000358e-01,-8.203589999999999494e-01,1.487030000000000018e-01,4.037189999999999945e-01,1.015759000000000079e+00,6.842369999999999841e-01,4.292210000000000192e-01,-4.307000000000000065e-03,-8.081199999999999495e-02,9.769999999999999518e-02,-4.307000000000000065e-03,7.219799999999999829e-02,-3.103259999999999907e-01,5.312280000000000335e-01,-1.024372000000000060e+00,2.119499999999999856e-02,6.587359999999999882e-01,7.352410000000000334e-01,3.272140000000000049e-01,1.487030000000000018e-01,9.769999999999999518e-02,-8.081199999999999495e-02,-4.307000000000000065e-03,3.272140000000000049e-01,7.097390000000000088e-01,-5.530999999999999805e-02,-2.338210000000000011e-01,1.232010000000000050e-01,-2.083200000000000052e-01,-1.573170000000000124e-01,-4.123330000000000051e-01,7.352410000000000334e-01,1.449286000000000074e+00,1.194269999999999943e+00,-7.693560000000000398e-01,-8.203589999999999494e-01,-4.307000000000000065e-03,-2.593230000000000257e-01,-2.980800000000000116e-02,4.037189999999999945e-01,4.547229999999999883e-01,1.232010000000000050e-01,5.057260000000000089e-01,4.669600000000000140e-02,-2.593230000000000257e-01,7.607420000000000293e-01,5.312280000000000335e-01,-5.530999999999999805e-02,-9.478670000000000151e-01,4.292210000000000192e-01,1.997059999999999946e-01,-1.063130000000000047e-01,5.567290000000000294e-01,6.332339999999999636e-01,3.272140000000000049e-01,-5.398410000000000153e-01,5.057260000000000089e-01,4.037189999999999945e-01,-4.307000000000000065e-03,4.037189999999999945e-01,2.252079999999999915e-01,1.997059999999999946e-01,-1.318149999999999877e-01,-1.100877000000000105e+00,5.312280000000000335e-01,1.997059999999999946e-01,-2.980800000000000116e-02,-2.593230000000000257e-01,8.372469999999999635e-01,8.627489999999999881e-01,-5.398410000000000153e-01,-3.613299999999999845e-01,7.607420000000000293e-01,1.997059999999999946e-01,4.037189999999999945e-01,6.332339999999999636e-01,9.647550000000000292e-01,5.822310000000000541e-01,3.782179999999999986e-01,-1.573170000000000124e-01,-1.228385000000000060e+00,-3.103259999999999907e-01,1.321777999999999897e+00,3.527159999999999740e-01,-1.151880000000000015e+00,-7.948570000000000357e-01,-1.573170000000000124e-01,2.762109999999999843e-01,2.119499999999999856e-02,1.066761999999999988e+00,1.296276999999999902e+00,-8.081199999999999495e-02,1.997059999999999946e-01,-5.908440000000000358e-01,2.762109999999999843e-01,6.842369999999999841e-01,1.168768000000000029e+00,1.168768000000000029e+00,9.647550000000000292e-01,-4.307000000000000065e-03,-1.712916000000000105e+00,-1.202884000000000064e+00,4.292210000000000192e-01,4.802239999999999842e-01,9.769999999999999518e-02,4.669600000000000140e-02,6.587359999999999882e-01,-1.318149999999999877e-01,-1.228385000000000060e+00,7.097390000000000088e-01,1.270774999999999988e+00,2.119499999999999856e-02,2.119499999999999856e-02,1.092262999999999984e+00,1.015759000000000079e+00,-1.573170000000000124e-01,-4.378349999999999742e-01,2.762109999999999843e-01,-1.304890000000000105e+00,2.119499999999999856e-02,4.802239999999999842e-01,4.802239999999999842e-01,2.507099999999999884e-01,-3.358280000000000154e-01,4.547229999999999883e-01,8.882499999999999840e-01,8.372469999999999635e-01,3.527159999999999740e-01,-1.814923000000000064e+00,7.219799999999999829e-02,-3.358280000000000154e-01,-2.338210000000000011e-01,1.194269999999999943e+00,1.092262999999999984e+00,-4.123330000000000051e-01,3.782179999999999986e-01,1.015759000000000079e+00,6.587359999999999882e-01,-1.789420999999999928e+00,8.627489999999999881e-01,4.547229999999999883e-01,-2.120941999999999883e+00,1.742049999999999987e-01,7.862440000000000540e-01,9.137520000000000087e-01,5.312280000000000335e-01,1.321777999999999897e+00,8.372469999999999635e-01,-2.083200000000000052e-01,-7.693560000000000398e-01,-1.573170000000000124e-01,3.272140000000000049e-01,-4.307000000000000065e-03,-1.828180000000000083e-01,-8.203589999999999494e-01,5.312280000000000335e-01,3.272140000000000049e-01,1.015759000000000079e+00,6.842369999999999841e-01,-2.848249999999999948e-01,-2.848249999999999948e-01,-5.530999999999999805e-02,1.423785000000000078e+00,-5.143389999999999906e-01,-9.733690000000000397e-01,8.627489999999999881e-01,4.669600000000000140e-02,-4.123330000000000051e-01,-8.203589999999999494e-01,1.729803999999999897e+00,1.398282999999999943e+00,6.842369999999999841e-01,-1.916929000000000105e+00,7.219799999999999829e-02,1.194269999999999943e+00,5.057260000000000089e-01,-2.338210000000000011e-01,-2.593230000000000257e-01,2.316342000000000123e+00,9.769999999999999518e-02,-3.166509000000000018e+00,6.587359999999999882e-01,8.372469999999999635e-01,9.392540000000000333e-01,7.352410000000000334e-01,-1.253886999999999974e+00,-2.528967999999999883e+00,3.272140000000000049e-01,8.627489999999999881e-01,1.742049999999999987e-01,1.117764999999999898e+00,7.607420000000000293e-01,4.037189999999999945e-01,4.292210000000000192e-01,5.312280000000000335e-01,5.822310000000000541e-01,7.219799999999999829e-02,-8.081199999999999495e-02,-3.868309999999999804e-01,-4.888379999999999947e-01,-1.063130000000000047e-01,2.119499999999999856e-02,4.292210000000000192e-01,-2.338210000000000011e-01,-3.103259999999999907e-01,3.527159999999999740e-01,9.902570000000000539e-01,-1.100877000000000105e+00,6.587359999999999882e-01,4.037189999999999945e-01,9.392540000000000333e-01,-8.203589999999999494e-01,2.762109999999999843e-01,-8.081199999999999495e-02,1.296276999999999902e+00,-8.081199999999999495e-02,4.547229999999999883e-01,3.017130000000000090e-01,-4.123330000000000051e-01,7.607420000000000293e-01,1.602295999999999943e+00,-1.967932999999999932e+00,-2.980800000000000116e-02,-1.202884000000000064e+00,-3.868309999999999804e-01,1.576794999999999947e+00,6.077320000000000499e-01,5.057260000000000089e-01,-1.828180000000000083e-01,2.119499999999999856e-02,5.312280000000000335e-01,3.527159999999999740e-01,-4.888379999999999947e-01,-7.438540000000000152e-01,1.997059999999999946e-01,3.782179999999999986e-01,5.822310000000000541e-01,1.143267000000000033e+00,1.997059999999999946e-01,-1.151880000000000015e+00,1.232010000000000050e-01,2.252079999999999915e-01,3.527159999999999740e-01,-1.828180000000000083e-01,3.272140000000000049e-01,1.015759000000000079e+00,-8.081199999999999495e-02,-1.534405000000000019e+00,1.015759000000000079e+00,1.041260000000000074e+00,-2.630974999999999842e+00,3.527159999999999740e-01,1.755306000000000033e+00,6.842369999999999841e-01,8.627489999999999881e-01,3.782179999999999986e-01,-2.222948999999999842e+00,-5.143389999999999906e-01,8.627489999999999881e-01,1.347280000000000033e+00,-8.713619999999999699e-01,-3.103259999999999907e-01,4.802239999999999842e-01,2.507099999999999884e-01,7.219799999999999829e-02,2.762109999999999843e-01,8.117459999999999676e-01,-8.081199999999999495e-02,-7.183530000000000193e-01,3.527159999999999740e-01,-3.868309999999999804e-01,-2.338210000000000011e-01,4.547229999999999883e-01,1.041260000000000074e+00,9.647550000000000292e-01,5.312280000000000335e-01,5.312280000000000335e-01,-4.307000000000000065e-03,-1.406897000000000064e+00,3.272140000000000049e-01,-1.828180000000000083e-01,5.312280000000000335e-01,9.902570000000000539e-01,-8.081199999999999495e-02,-1.406897000000000064e+00,-4.888379999999999947e-01,4.802239999999999842e-01,1.398282999999999943e+00,4.547229999999999883e-01,5.057260000000000089e-01,1.933816999999999897e+00,-2.338210000000000011e-01,-2.338210000000000011e-01,-8.458609999999999740e-01,-7.438540000000000152e-01,5.057260000000000089e-01,-2.083200000000000052e-01,9.137520000000000087e-01,9.137520000000000087e-01,-7.183530000000000193e-01,-6.673489999999999700e-01,-5.653430000000000399e-01,2.596859999999999946e+00,3.527159999999999740e-01,-3.090003999999999973e+00,1.270774999999999988e+00,6.842369999999999841e-01,8.372469999999999635e-01,6.842369999999999841e-01,3.272140000000000049e-01,-2.980800000000000116e-02,-6.163459999999999495e-01,1.232010000000000050e-01,1.347280000000000033e+00,-1.381394999999999929e+00,-6.928509999999999946e-01,-2.980800000000000116e-02,6.332339999999999636e-01,4.669600000000000140e-02,1.997059999999999946e-01,1.066761999999999988e+00,3.527159999999999740e-01,-3.358280000000000154e-01,7.219799999999999829e-02,1.525790999999999897e+00,1.270774999999999988e+00,-4.263080000000000425e+00,6.587359999999999882e-01,-5.908440000000000358e-01,1.780807999999999947e+00,1.296276999999999902e+00,7.097390000000000088e-01,-3.613299999999999845e-01,-1.355893000000000015e+00,8.627489999999999881e-01,3.272140000000000049e-01,6.332339999999999636e-01,-1.828180000000000083e-01,-8.968639999999999946e-01,5.312280000000000335e-01,-1.024372000000000060e+00,5.822310000000000541e-01,1.168768000000000029e+00,1.742049999999999987e-01,-5.908440000000000358e-01,-1.828180000000000083e-01,1.015759000000000079e+00,4.547229999999999883e-01,6.332339999999999636e-01,6.587359999999999882e-01,-1.126379000000000019e+00,-1.063130000000000047e-01,5.567290000000000294e-01,-2.083200000000000052e-01,5.312280000000000335e-01,5.312280000000000335e-01,1.143267000000000033e+00,1.487030000000000018e-01,-4.263080000000000425e+00,2.010321999999999942e+00,-3.358280000000000154e-01,-1.636411000000000060e+00,1.066761999999999988e+00,1.755306000000000033e+00,1.653299000000000074e+00,-2.980800000000000116e-02,-7.438540000000000152e-01,-5.530999999999999805e-02,2.800873000000000168e+00,5.567290000000000294e-01,-5.538160999999999667e+00,-1.432398000000000060e+00,1.551293000000000033e+00,9.647550000000000292e-01,7.862440000000000540e-01,1.627798000000000078e+00,-9.223660000000000192e-01,1.653299000000000074e+00,5.057260000000000089e-01,-3.549033999999999800e+00,1.551293000000000033e+00,1.959319000000000033e+00,-1.330392000000000019e+00,-4.307000000000000065e-03,1.551293000000000033e+00,5.312280000000000335e-01,2.507099999999999884e-01,1.997059999999999946e-01,-3.868309999999999804e-01,-4.123330000000000051e-01,1.997059999999999946e-01,-5.653430000000000399e-01,-1.063130000000000047e-01,3.527159999999999740e-01,-6.418479999999999741e-01,7.352410000000000334e-01,8.372469999999999635e-01,9.137520000000000087e-01,1.066761999999999988e+00,-5.398410000000000153e-01,1.551293000000000033e+00,-6.163459999999999495e-01,-2.197446999999999928e+00,-1.228385000000000060e+00,6.332339999999999636e-01,6.842369999999999841e-01,1.576794999999999947e+00,1.525790999999999897e+00,-2.848249999999999948e-01,-2.324955000000000105e+00,-1.534405000000000019e+00,2.035823999999999856e+00,9.902570000000000539e-01,-9.988700000000000356e-01,1.245273000000000074e+00,1.857312000000000074e+00,-1.967932999999999932e+00,-1.318149999999999877e-01,1.474787999999999988e+00,4.802239999999999842e-01,7.097390000000000088e-01,6.077320000000000499e-01,-5.398410000000000153e-01,-1.177381999999999929e+00,-9.988700000000000356e-01,8.627489999999999881e-01,8.372469999999999635e-01,1.066761999999999988e+00,2.252079999999999915e-01,-1.763919000000000015e+00,7.607420000000000293e-01,1.398282999999999943e+00,-7.693560000000000398e-01,9.902570000000000539e-01,-1.828180000000000083e-01,2.762109999999999843e-01,2.252079999999999915e-01,4.292210000000000192e-01,-4.307000000000000065e-03,-1.318149999999999877e-01,-6.418479999999999741e-01,5.312280000000000335e-01,2.061326000000000214e+00,-2.758483000000000018e+00,-8.458609999999999740e-01,8.372469999999999635e-01,1.831811000000000078e+00,9.392540000000000333e-01,1.372781000000000029e+00,-4.378349999999999742e-01,-9.988700000000000356e-01,-2.980800000000000116e-02,-1.318149999999999877e-01,1.219772000000000078e+00,-3.868309999999999804e-01,-1.828180000000000083e-01,9.647550000000000292e-01,5.822310000000000541e-01,2.507099999999999884e-01,-1.253886999999999974e+00,-3.358280000000000154e-01,1.997059999999999946e-01,6.332339999999999636e-01,6.077320000000000499e-01,4.037189999999999945e-01,1.245273000000000074e+00,-2.848249999999999948e-01,-1.304890000000000105e+00,1.997059999999999946e-01,1.742049999999999987e-01,4.547229999999999883e-01,2.762109999999999843e-01,2.762109999999999843e-01,1.997059999999999946e-01,7.352410000000000334e-01,2.119499999999999856e-02,-1.573170000000000124e-01,1.742049999999999987e-01,-1.063130000000000047e-01,1.168768000000000029e+00,-1.151880000000000015e+00,-1.916929000000000105e+00,-2.980800000000000116e-02,1.474787999999999988e+00,1.780807999999999947e+00,1.678800999999999988e+00,6.332339999999999636e-01,-1.610910000000000064e+00,-8.081199999999999495e-02,-3.868309999999999804e-01,-5.908440000000000358e-01,4.037189999999999945e-01,2.507099999999999884e-01,4.802239999999999842e-01,-2.980800000000000116e-02,1.997059999999999946e-01,-2.848249999999999948e-01,4.292210000000000192e-01,1.168768000000000029e+00,-3.358280000000000154e-01,4.292210000000000192e-01,-1.253886999999999974e+00,-1.228385000000000060e+00,1.449286000000000074e+00,7.607420000000000293e-01,1.232010000000000050e-01,1.487030000000000018e-01,5.822310000000000541e-01,1.232010000000000050e-01,-4.888379999999999947e-01,3.272140000000000049e-01,1.232010000000000050e-01,4.037189999999999945e-01,1.296276999999999902e+00,-7.693560000000000398e-01,2.507099999999999884e-01,4.292210000000000192e-01,-8.458609999999999740e-01,9.392540000000000333e-01,6.842369999999999841e-01,-1.228385000000000060e+00,2.252079999999999915e-01,1.997059999999999946e-01,-1.483402000000000109e+00,1.194269999999999943e+00,6.842369999999999841e-01,6.842369999999999841e-01,1.742049999999999987e-01,-1.063130000000000047e-01,-3.103259999999999907e-01,2.762109999999999843e-01,1.347280000000000033e+00,-6.418479999999999741e-01,-4.307000000000000065e-03,5.822310000000000541e-01,-2.980800000000000116e-02,-1.126379000000000019e+00,-6.418479999999999741e-01,7.097390000000000088e-01,4.802239999999999842e-01,5.567290000000000294e-01,9.902570000000000539e-01,7.352410000000000334e-01,-1.828180000000000083e-01,-5.143389999999999906e-01,1.117764999999999898e+00,2.252079999999999915e-01,-2.120941999999999883e+00,1.742049999999999987e-01,1.780807999999999947e+00,-1.063130000000000047e-01,-1.063130000000000047e-01,1.117764999999999898e+00,-3.868309999999999804e-01,-1.304890000000000105e+00,1.449286000000000074e+00,5.822310000000000541e-01,4.669600000000000140e-02,-4.633360000000000256e-01,-2.083200000000000052e-01,6.842369999999999841e-01,-2.980800000000000116e-02,-1.063130000000000047e-01,8.372469999999999635e-01,-2.980800000000000116e-02,9.902570000000000539e-01,-6.928509999999999946e-01,3.527159999999999740e-01,-7.948570000000000357e-01,-4.888379999999999947e-01,7.219799999999999829e-02,-1.063130000000000047e-01,9.902570000000000539e-01,1.347280000000000033e+00,9.647550000000000292e-01,7.352410000000000334e-01,2.119499999999999856e-02,-5.398410000000000153e-01,-1.063130000000000047e-01,4.802239999999999842e-01,-5.143389999999999906e-01,-8.458609999999999740e-01,2.762109999999999843e-01,1.525790999999999897e+00,7.352410000000000334e-01,-7.948570000000000357e-01,-1.151880000000000015e+00,7.862440000000000540e-01,-8.968639999999999946e-01,-1.177381999999999929e+00,1.219772000000000078e+00,6.842369999999999841e-01,1.168768000000000029e+00,6.332339999999999636e-01,3.272140000000000049e-01,8.882499999999999840e-01,-2.338210000000000011e-01,-5.398410000000000153e-01,-3.613299999999999845e-01,5.822310000000000541e-01,-5.530999999999999805e-02,-6.163459999999999495e-01,-5.398410000000000153e-01,-6.673489999999999700e-01,1.487030000000000018e-01,1.321777999999999897e+00,2.112328999999999901e+00,6.077320000000000499e-01,-8.713619999999999699e-01,-8.458609999999999740e-01,-5.530999999999999805e-02,1.997059999999999946e-01,7.862440000000000540e-01,2.507099999999999884e-01,-7.438540000000000152e-01,2.762109999999999843e-01,1.742049999999999987e-01,3.782179999999999986e-01,1.041260000000000074e+00,6.077320000000000499e-01,-2.401460000000000150e+00,5.057260000000000089e-01,1.525790999999999897e+00,5.057260000000000089e-01,-8.458609999999999740e-01,7.219799999999999829e-02,-1.100877000000000105e+00,5.057260000000000089e-01,2.086826999999999988e+00,9.647550000000000292e-01,-2.044436999999999838e+00,-9.478670000000000151e-01,5.312280000000000335e-01,1.041260000000000074e+00,1.449286000000000074e+00,4.037189999999999945e-01,-8.203589999999999494e-01,6.587359999999999882e-01,-3.103259999999999907e-01,-7.438540000000000152e-01,4.669600000000000140e-02,8.372469999999999635e-01,2.119499999999999856e-02,1.742049999999999987e-01,4.669600000000000140e-02,2.507099999999999884e-01,7.607420000000000293e-01,-2.848249999999999948e-01,-6.928509999999999946e-01,-3.358280000000000154e-01,7.862440000000000540e-01,3.272140000000000049e-01,-1.063130000000000047e-01,1.474787999999999988e+00,9.902570000000000539e-01,1.742049999999999987e-01,-1.840424000000000060e+00,-2.083200000000000052e-01,-8.203589999999999494e-01,4.802239999999999842e-01,7.097390000000000088e-01,9.647550000000000292e-01,9.392540000000000333e-01,-4.123330000000000051e-01,-4.307000000000000065e-03,8.372469999999999635e-01,-1.063130000000000047e-01,-7.948570000000000357e-01,-1.828180000000000083e-01,4.669600000000000140e-02,5.057260000000000089e-01,2.252079999999999915e-01,-5.530999999999999805e-02,-1.573170000000000124e-01,1.015759000000000079e+00,8.117459999999999676e-01,-1.279387999999999970e+00,4.037189999999999945e-01,-2.338210000000000011e-01,2.252079999999999915e-01,9.647550000000000292e-01,1.372781000000000029e+00,-1.100877000000000105e+00,-6.163459999999999495e-01,-2.593230000000000257e-01,9.769999999999999518e-02,7.352410000000000334e-01,-4.307000000000000065e-03,3.782179999999999986e-01,3.782179999999999986e-01,-8.081199999999999495e-02,-8.458609999999999740e-01,-1.318149999999999877e-01,8.627489999999999881e-01,3.272140000000000049e-01,6.332339999999999636e-01,5.567290000000000294e-01,9.902570000000000539e-01,-5.143389999999999906e-01,-1.828180000000000083e-01,2.762109999999999843e-01,3.272140000000000049e-01,-8.081199999999999495e-02,1.742049999999999987e-01
2.252079999999999915e-01,2.507099999999999884e-01,1.487030000000000018e-01,2.252079999999999915e-01,2.762109999999999843e-01,6.332339999999999636e-01,1.742049999999999987e-01,-1.063130000000000047e-01,-3.613299999999999845e-01,-5.530999999999999805e-02,-2.083200000000000052e-01,3.527159999999999740e-01,2.762109999999999843e-01,3.017130000000000090e-01,3.527159999999999740e-01,6.332339999999999636e-01,3.272140000000000049e-01,1.742049999999999987e-01,-2.593230000000000257e-01,-4.123330000000000051e-01,2.119499999999999856e-02,7.219799999999999829e-02,2.762109999999999843e-01,2.252079999999999915e-01,9.769999999999999518e-02,1.232010000000000050e-01,5.312280000000000335e-01,6.077320000000000499e-01,2.762109999999999843e-01,-8.081199999999999495e-02,-1.318149999999999877e-01,2.119499999999999856e-02,3.272140000000000049e-01,3.527159999999999740e-01,9.769999999999999518e-02,7.219799999999999829e-02,2.119499999999999856e-02,-8.081199999999999495e-02,-1.828180000000000083e-01,2.119499999999999856e-02,7.219799999999999829e-02,4.802239999999999842e-01,5.822310000000000541e-01,3.272140000000000049e-01,1.232010000000000050e-01,-1.318149999999999877e-01,9.769999999999999518e-02,-4.307000000000000065e-03,-2.980800000000000116e-02,2.119499999999999856e-02,9.769999999999999518e-02,2.252079999999999915e-01,1.487030000000000018e-01,3.017130000000000090e-01,6.332339999999999636e-01,5.567290000000000294e-01,7.219799999999999829e-02,-5.530999999999999805e-02,-1.573170000000000124e-01,-2.083200000000000052e-01,-1.573170000000000124e-01,3.017130000000000090e-01,3.017130000000000090e-01,4.292210000000000192e-01,4.292210000000000192e-01,1.997059999999999946e-01,-2.083200000000000052e-01,-2.338210000000000011e-01,2.119499999999999856e-02,-2.980800000000000116e-02,3.017130000000000090e-01,5.312280000000000335e-01,4.037189999999999945e-01,1.742049999999999987e-01,-8.713619999999999699e-01,3.272140000000000049e-01,7.352410000000000334e-01,1.487030000000000018e-01,2.507099999999999884e-01,2.762109999999999843e-01,-6.928509999999999946e-01,2.762109999999999843e-01,4.802239999999999842e-01,1.232010000000000050e-01,1.232010000000000050e-01,1.487030000000000018e-01,-1.063130000000000047e-01,-5.530999999999999805e-02,2.252079999999999915e-01,4.802239999999999842e-01,2.119499999999999856e-02,-2.980800000000000116e-02,1.742049999999999987e-01,1.487030000000000018e-01,2.507099999999999884e-01,2.762109999999999843e-01,1.742049999999999987e-01,1.487030000000000018e-01,9.769999999999999518e-02,-4.307000000000000065e-03,2.762109999999999843e-01,2.119499999999999856e-02,1.232010000000000050e-01,7.219799999999999829e-02,2.507099999999999884e-01,2.507099999999999884e-01,3.017130000000000090e-01,1.487030000000000018e-01,1.487030000000000018e-01,1.742049999999999987e-01,-6.418479999999999741e-01,-3.103259999999999907e-01,3.272140000000000049e-01,4.669600000000000140e-02,5.057260000000000089e-01,6.842369999999999841e-01,2.762109999999999843e-01,7.862440000000000540e-01,4.037189999999999945e-01,-3.358280000000000154e-01,-3.103259999999999907e-01,-2.593230000000000257e-01,-5.398410000000000153e-01,-8.081199999999999495e-02,4.802239999999999842e-01,1.474787999999999988e+00,1.219772000000000078e+00,-3.358280000000000154e-01,-7.183530000000000193e-01,-2.593230000000000257e-01,-2.593230000000000257e-01,-6.418479999999999741e-01,1.232010000000000050e-01,5.312280000000000335e-01,6.077320000000000499e-01,6.077320000000000499e-01,4.292210000000000192e-01,4.037189999999999945e-01,1.742049999999999987e-01,3.527159999999999740e-01,-7.693560000000000398e-01,-2.083200000000000052e-01,7.097390000000000088e-01,1.168768000000000029e+00,3.272140000000000049e-01,-4.123330000000000051e-01,7.097390000000000088e-01,2.119499999999999856e-02,-6.163459999999999495e-01,-5.398410000000000153e-01,1.232010000000000050e-01,3.272140000000000049e-01,-7.183530000000000193e-01,-4.633360000000000256e-01,8.117459999999999676e-01,1.627798000000000078e+00,1.092262999999999984e+00,-2.324955000000000105e+00,-1.636411000000000060e+00,8.627489999999999881e-01,2.163332000000000033e+00,1.194269999999999943e+00,3.782179999999999986e-01,1.627798000000000078e+00,6.587359999999999882e-01,-2.605472999999999928e+00,-1.432398000000000060e+00,5.567290000000000294e-01,7.607420000000000293e-01,-8.081199999999999495e-02,-2.848249999999999948e-01,-2.980800000000000116e-02,3.272140000000000049e-01,1.997059999999999946e-01,4.802239999999999842e-01,5.312280000000000335e-01,1.245273000000000074e+00,-2.083200000000000052e-01,2.252079999999999915e-01,-7.948570000000000357e-01,-5.653430000000000399e-01,3.272140000000000049e-01,8.627489999999999881e-01,5.057260000000000089e-01,-8.081199999999999495e-02,1.487030000000000018e-01,1.602295999999999943e+00,1.296276999999999902e+00,-3.358280000000000154e-01,-1.712916000000000105e+00,-8.968639999999999946e-01,4.802239999999999842e-01,-3.613299999999999845e-01,-1.559906000000000015e+00,9.392540000000000333e-01,1.219772000000000078e+00,1.525790999999999897e+00,-6.928509999999999946e-01,9.392540000000000333e-01,6.842369999999999841e-01,3.782179999999999986e-01,-7.948570000000000357e-01,-2.980800000000000116e-02,1.015759000000000079e+00,3.527159999999999740e-01,-1.177381999999999929e+00,-1.840424000000000060e+00,-4.123330000000000051e-01,9.647550000000000292e-01,1.245273000000000074e+00,8.117459999999999676e-01,1.742049999999999987e-01,-3.613299999999999845e-01,5.567290000000000294e-01,7.607420000000000293e-01,1.232010000000000050e-01,-2.593230000000000257e-01,-8.081199999999999495e-02,9.769999999999999518e-02,2.119499999999999856e-02,-8.713619999999999699e-01,6.587359999999999882e-01,1.066761999999999988e+00,1.194269999999999943e+00,-4.365085999999999800e+00,5.057260000000000089e-01,1.270774999999999988e+00,6.077320000000000499e-01,1.245273000000000074e+00,5.822310000000000541e-01,-8.081199999999999495e-02,-3.868309999999999804e-01,4.802239999999999842e-01,6.587359999999999882e-01,-4.633360000000000256e-01,3.527159999999999740e-01,9.769999999999999518e-02,-5.908440000000000358e-01,-1.406897000000000064e+00,-7.438540000000000152e-01,7.352410000000000334e-01,-2.083200000000000052e-01,4.547229999999999883e-01,1.296276999999999902e+00,3.272140000000000049e-01,1.041260000000000074e+00,6.077320000000000499e-01,-2.083200000000000052e-01,-1.828180000000000083e-01,-5.653430000000000399e-01,4.037189999999999945e-01,8.882499999999999840e-01,-7.693560000000000398e-01,-2.848249999999999948e-01,1.755306000000000033e+00,-1.573170000000000124e-01,-1.318149999999999877e-01,-7.693560000000000398e-01,8.627489999999999881e-01,4.037189999999999945e-01,1.997059999999999946e-01,-8.713619999999999699e-01,-1.828180000000000083e-01,6.587359999999999882e-01,7.097390000000000088e-01,1.245273000000000074e+00,7.097390000000000088e-01,-5.908440000000000358e-01,9.769999999999999518e-02,4.037189999999999945e-01,1.997059999999999946e-01,-1.024372000000000060e+00,-6.163459999999999495e-01,8.882499999999999840e-01,-1.828180000000000083e-01,4.547229999999999883e-01,6.332339999999999636e-01,1.232010000000000050e-01,-1.916929000000000105e+00,-1.661912999999999974e+00,1.755306000000000033e+00,1.194269999999999943e+00,6.332339999999999636e-01,1.194269999999999943e+00,1.117764999999999898e+00,2.762109999999999843e-01,2.119499999999999856e-02,-4.888379999999999947e-01,-4.378349999999999742e-01,-7.948570000000000357e-01,3.017130000000000090e-01,2.762109999999999843e-01,-1.828180000000000083e-01,-8.968639999999999946e-01,4.292210000000000192e-01,-2.593230000000000257e-01,-4.888379999999999947e-01,1.984820999999999946e+00,-8.968639999999999946e-01,1.219772000000000078e+00,9.902570000000000539e-01,-3.358280000000000154e-01,2.119499999999999856e-02,-9.478670000000000151e-01,2.762109999999999843e-01,9.769999999999999518e-02,1.245273000000000074e+00,5.057260000000000089e-01,-2.848249999999999948e-01,-1.063130000000000047e-01,-4.123330000000000051e-01,-2.848249999999999948e-01,2.119499999999999856e-02,9.769999999999999518e-02,1.997059999999999946e-01,1.143267000000000033e+00,-3.103259999999999907e-01,1.602295999999999943e+00,1.321777999999999897e+00,-3.268515999999999977e+00,-2.338210000000000011e-01,-4.888379999999999947e-01,1.602295999999999943e+00,1.372781000000000029e+00,1.704302999999999901e+00,-5.143389999999999906e-01,-8.081199999999999495e-02,-3.613299999999999845e-01,-2.593230000000000257e-01,-5.908440000000000358e-01,-5.143389999999999906e-01,-7.183530000000000193e-01,8.627489999999999881e-01,4.547229999999999883e-01,3.782179999999999986e-01,7.352410000000000334e-01,8.372469999999999635e-01,1.143267000000000033e+00,1.997059999999999946e-01,-2.299453999999999887e+00,-6.673489999999999700e-01,1.168768000000000029e+00,5.567290000000000294e-01,5.567290000000000294e-01,-7.183530000000000193e-01,-1.049873999999999974e+00,7.352410000000000334e-01,7.862440000000000540e-01,8.117459999999999676e-01,5.822310000000000541e-01,-1.318149999999999877e-01,-1.828180000000000083e-01,-7.438540000000000152e-01,1.487030000000000018e-01,3.782179999999999986e-01,9.137520000000000087e-01,1.423785000000000078e+00,4.292210000000000192e-01,-3.472529000000000199e+00,-1.508903000000000105e+00,1.066761999999999988e+00,1.984820999999999946e+00,4.037189999999999945e-01,4.292210000000000192e-01,7.352410000000000334e-01,5.822310000000000541e-01,-2.593230000000000257e-01,4.669600000000000140e-02,-5.530999999999999805e-02,-5.398410000000000153e-01,2.762109999999999843e-01,1.997059999999999946e-01,6.332339999999999636e-01,3.017130000000000090e-01,-1.100877000000000105e+00,1.232010000000000050e-01,5.057260000000000089e-01,-1.318149999999999877e-01,-4.307000000000000065e-03,-8.081199999999999495e-02,1.219772000000000078e+00,1.041260000000000074e+00,-9.478670000000000151e-01,-5.908440000000000358e-01,9.902570000000000539e-01,8.372469999999999635e-01,6.842369999999999841e-01,-2.848249999999999948e-01,-6.928509999999999946e-01,3.527159999999999740e-01,7.097390000000000088e-01,-1.712916000000000105e+00,2.252079999999999915e-01,1.321777999999999897e+00,1.219772000000000078e+00,-1.636411000000000060e+00,6.332339999999999636e-01,1.232010000000000050e-01,-3.103259999999999907e-01,2.252079999999999915e-01,8.117459999999999676e-01,-1.126379000000000019e+00,1.487030000000000018e-01,6.077320000000000499e-01,6.842369999999999841e-01,6.332339999999999636e-01,-3.868309999999999804e-01,1.117764999999999898e+00,4.802239999999999842e-01,-1.916929000000000105e+00,-8.203589999999999494e-01,1.933816999999999897e+00,-8.203589999999999494e-01,-4.123330000000000051e-01,1.551293000000000033e+00,2.252079999999999915e-01,3.782179999999999986e-01,-7.183530000000000193e-01,5.567290000000000294e-01,1.997059999999999946e-01,2.762109999999999843e-01,-3.358280000000000154e-01,8.117459999999999676e-01,4.292210000000000192e-01,4.802239999999999842e-01,3.272140000000000049e-01,-6.928509999999999946e-01,-5.908440000000000358e-01,-4.378349999999999742e-01,6.332339999999999636e-01,1.347280000000000033e+00,9.137520000000000087e-01,-2.069939000000000195e+00,5.057260000000000089e-01,9.137520000000000087e-01,7.862440000000000540e-01,-2.338210000000000011e-01,-1.534405000000000019e+00,-6.163459999999999495e-01,-1.828180000000000083e-01,1.015759000000000079e+00,1.653299000000000074e+00,7.097390000000000088e-01,9.392540000000000333e-01,-5.143389999999999906e-01,8.627489999999999881e-01,-7.183530000000000193e-01,-5.908440000000000358e-01,4.669600000000000140e-02,1.347280000000000033e+00,2.252079999999999915e-01,-3.103259999999999907e-01,-2.338210000000000011e-01,-9.733690000000000397e-01,-5.143389999999999906e-01,9.392540000000000333e-01,3.017130000000000090e-01,1.449286000000000074e+00,9.647550000000000292e-01,-2.848249999999999948e-01,-2.044436999999999838e+00,-3.868309999999999804e-01,1.500289999999999901e+00,1.551293000000000033e+00,8.627489999999999881e-01,-5.908440000000000358e-01,-5.653430000000000399e-01,-8.968639999999999946e-01,7.862440000000000540e-01,1.321777999999999897e+00,-8.968639999999999946e-01,5.312280000000000335e-01,-1.151880000000000015e+00,5.312280000000000335e-01,4.802239999999999842e-01,3.017130000000000090e-01,-5.143389999999999906e-01,1.117764999999999898e+00,1.117764999999999898e+00,3.017130000000000090e-01,-5.143389999999999906e-01,-2.848249999999999948e-01,1.232010000000000050e-01,2.762109999999999843e-01,6.077320000000000499e-01,2.762109999999999843e-01,5.312280000000000335e-01,-2.338210000000000011e-01,-5.653430000000000399e-01,-3.103259999999999907e-01,-4.888379999999999947e-01,-1.318149999999999877e-01,1.627798000000000078e+00,6.077320000000000499e-01,-5.908440000000000358e-01,6.842369999999999841e-01,9.902570000000000539e-01,-4.123330000000000051e-01,-4.123330000000000051e-01,7.097390000000000088e-01,4.547229999999999883e-01,-1.318149999999999877e-01,-9.988700000000000356e-01,1.015759000000000079e+00,4.802239999999999842e-01,3.272140000000000049e-01,-1.304890000000000105e+00,1.742049999999999987e-01,4.292210000000000192e-01,9.647550000000000292e-01,1.487030000000000018e-01,-8.713619999999999699e-01,3.527159999999999740e-01,9.392540000000000333e-01,5.822310000000000541e-01,-7.693560000000000398e-01,9.769999999999999518e-02,7.219799999999999829e-02,2.252079999999999915e-01,2.762109999999999843e-01,7.219799999999999829e-02,1.997059999999999946e-01,7.219799999999999829e-02,3.272140000000000049e-01,8.882499999999999840e-01,1.487030000000000018e-01,-4.123330000000000051e-01,-2.338210000000000011e-01,2.119499999999999856e-02,1.487030000000000018e-01,7.219799999999999829e-02,1.232010000000000050e-01,4.037189999999999945e-01,1.997059999999999946e-01,1.487030000000000018e-01,5.567290000000000294e-01,1.143267000000000033e+00,1.232010000000000050e-01,-1.279387999999999970e+00,4.292210000000000192e-01,-2.083200000000000052e-01,-5.530999999999999805e-02,7.352410000000000334e-01,8.627489999999999881e-01,2.507099999999999884e-01,-1.355893000000000015e+00,-8.968639999999999946e-01,5.312280000000000335e-01,9.902570000000000539e-01,7.607420000000000293e-01,4.292210000000000192e-01,2.119499999999999856e-02,5.312280000000000335e-01,4.292210000000000192e-01,-1.126379000000000019e+00,-2.083200000000000052e-01,-4.307000000000000065e-03,1.041260000000000074e+00,-8.081199999999999495e-02,-2.338210000000000011e-01,-2.848249999999999948e-01,4.547229999999999883e-01,4.802239999999999842e-01,-1.318149999999999877e-01,-8.458609999999999740e-01,9.392540000000000333e-01,1.143267000000000033e+00,9.769999999999999518e-02,-5.143389999999999906e-01,9.769999999999999518e-02,-3.358280000000000154e-01,8.372469999999999635e-01,-1.318149999999999877e-01,5.057260000000000089e-01,3.017130000000000090e-01,4.802239999999999842e-01,7.862440000000000540e-01,-8.968639999999999946e-01,-3.358280000000000154e-01,6.842369999999999841e-01,1.232010000000000050e-01,-8.713619999999999699e-01,3.272140000000000049e-01,6.587359999999999882e-01,-3.613299999999999845e-01,9.769999999999999518e-02,2.252079999999999915e-01,5.312280000000000335e-01,-5.530999999999999805e-02,-5.530999999999999805e-02,2.762109999999999843e-01,2.252079999999999915e-01,3.782179999999999986e-01,1.168768000000000029e+00,7.219799999999999829e-02,-9.223660000000000192e-01,-1.508903000000000105e+00,1.092262999999999984e+00,8.117459999999999676e-01,-1.355893000000000015e+00,6.587359999999999882e-01,9.902570000000000539e-01,5.057260000000000089e-01,-2.980800000000000116e-02,-1.318149999999999877e-01,6.332339999999999636e-01,7.219799999999999829e-02,-5.908440000000000358e-01,-2.593230000000000257e-01,3.527159999999999740e-01,6.587359999999999882e-01,2.507099999999999884e-01,-8.081199999999999495e-02,-5.143389999999999906e-01,-4.888379999999999947e-01,9.647550000000000292e-01,-2.593230000000000257e-01,9.769999999999999518e-02,1.143267000000000033e+00,1.576794999999999947e+00,-2.083200000000000052e-01,-1.508903000000000105e+00,3.017130000000000090e-01,7.352410000000000334e-01,5.312280000000000335e-01,1.742049999999999987e-01,-6.163459999999999495e-01,-1.063130000000000047e-01,3.272140000000000049e-01,-4.633360000000000256e-01,-5.398410000000000153e-01,7.862440000000000540e-01,1.347280000000000033e+00,-8.081199999999999495e-02,1.742049999999999987e-01,3.017130000000000090e-01,1.041260000000000074e+00,-9.733690000000000397e-01,-6.163459999999999495e-01,3.272140000000000049e-01,7.607420000000000293e-01,4.292210000000000192e-01,1.997059999999999946e-01,-9.733690000000000397e-01,1.232010000000000050e-01,7.352410000000000334e-01,2.119499999999999856e-02,3.272140000000000049e-01,7.607420000000000293e-01,4.292210000000000192e-01,4.802239999999999842e-01,-1.279387999999999970e+00,-4.888379999999999947e-01,1.117764999999999898e+00,3.272140000000000049e-01,-1.789420999999999928e+00,8.627489999999999881e-01,7.097390000000000088e-01,5.822310000000000541e-01,3.782179999999999986e-01,-8.081199999999999495e-02,-5.398410000000000153e-01,6.842369999999999841e-01,5.822310000000000541e-01,8.882499999999999840e-01,-7.693560000000000398e-01,-1.049873999999999974e+00,-6.163459999999999495e-01,1.627798000000000078e+00,5.567290000000000294e-01,-2.848249999999999948e-01,-1.457899999999999974e+00,-8.458609999999999740e-01,4.292210000000000192e-01,2.188833999999999946e+00,1.857312000000000074e+00,-4.307000000000000065e-03,-3.868309999999999804e-01,-3.358280000000000154e-01,4.037189999999999945e-01,-1.318149999999999877e-01,-2.324955000000000105e+00,9.647550000000000292e-01,1.347280000000000033e+00,6.587359999999999882e-01,1.742049999999999987e-01,2.119499999999999856e-02,1.232010000000000050e-01,2.119499999999999856e-02,3.272140000000000049e-01,-1.318149999999999877e-01,-2.338210000000000011e-01,-5.398410000000000153e-01,-2.083200000000000052e-01,4.292210000000000192e-01,6.332339999999999636e-01,5.567290000000000294e-01,-3.868309999999999804e-01,4.037189999999999945e-01,-1.828180000000000083e-01,3.527159999999999740e-01,3.017130000000000090e-01,-3.103259999999999907e-01,1.232010000000000050e-01,-2.848249999999999948e-01,3.272140000000000049e-01,4.037189999999999945e-01,4.037189999999999945e-01,2.252079999999999915e-01,-6.673489999999999700e-01,-1.100877000000000105e+00,8.372469999999999635e-01,4.802239999999999842e-01,1.219772000000000078e+00,8.627489999999999881e-01,-6.928509999999999946e-01,-3.868309999999999804e-01,9.647550000000000292e-01,2.119499999999999856e-02,-1.330392000000000019e+00,2.119499999999999856e-02,7.607420000000000293e-01,7.097390000000000088e-01,1.041260000000000074e+00,6.332339999999999636e-01,-4.123330000000000051e-01,2.252079999999999915e-01,-1.063130000000000047e-01,-5.908440000000000358e-01,-6.418479999999999741e-01,3.017130000000000090e-01,1.219772000000000078e+00,3.272140000000000049e-01,-1.573170000000000124e-01,3.272140000000000049e-01,3.527159999999999740e-01,-3.358280000000000154e-01,-6.928509999999999946e-01,1.232010000000000050e-01,1.143267000000000033e+00,1.117764999999999898e+00,8.372469999999999635e-01,-1.610910000000000064e+00,-2.338210000000000011e-01,-2.593230000000000257e-01,5.057260000000000089e-01,8.117459999999999676e-01,3.272140000000000049e-01,-1.318149999999999877e-01,7.097390000000000088e-01,1.143267000000000033e+00,-2.885991000000000195e+00,1.232010000000000050e-01,9.902570000000000539e-01,1.449286000000000074e+00,6.077320000000000499e-01,-6.418479999999999741e-01,-1.318149999999999877e-01,-6.163459999999999495e-01,2.762109999999999843e-01,2.252079999999999915e-01,-2.338210000000000011e-01,3.782179999999999986e-01,7.352410000000000334e-01,6.077320000000000499e-01,2.507099999999999884e-01,-8.081199999999999495e-02,2.507099999999999884e-01,3.527159999999999740e-01,-3.103259999999999907e-01,-1.279387999999999970e+00,-3.358280000000000154e-01,2.035823999999999856e+00,5.822310000000000541e-01,-1.967932999999999932e+00,9.769999999999999518e-02,1.347280000000000033e+00,8.117459999999999676e-01,6.587359999999999882e-01,-1.318149999999999877e-01,-8.458609999999999740e-01,-1.126379000000000019e+00,2.507099999999999884e-01,1.245273000000000074e+00,1.398282999999999943e+00,4.292210000000000192e-01,-5.398410000000000153e-01,-2.083200000000000052e-01,3.782179999999999986e-01,-2.083200000000000052e-01,-1.573170000000000124e-01,-1.253886999999999974e+00,1.270774999999999988e+00,1.015759000000000079e+00,-1.126379000000000019e+00,7.352410000000000334e-01,4.547229999999999883e-01,1.194269999999999943e+00,2.252079999999999915e-01,-2.593230000000000257e-01,-2.083200000000000052e-01,-2.980800000000000116e-02,7.219799999999999829e-02,3.272140000000000049e-01,2.507099999999999884e-01,5.057260000000000089e-01,-1.828180000000000083e-01,-8.713619999999999699e-01,8.372469999999999635e-01,1.347280000000000033e+00,-8.203589999999999494e-01,-1.610910000000000064e+00,-2.338210000000000011e-01,1.117764999999999898e+00,1.678800999999999988e+00,7.862440000000000540e-01,-9.733690000000000397e-01,-2.593230000000000257e-01,-2.980800000000000116e-02,5.567290000000000294e-01,2.762109999999999843e-01,5.312280000000000335e-01,-2.338210000000000011e-01,4.669600000000000140e-02,6.332339999999999636e-01,-5.530999999999999805e-02,-4.307000000000000065e-03,3.527159999999999740e-01,2.507099999999999884e-01,1.487030000000000018e-01,-6.163459999999999495e-01,-3.868309999999999804e-01,-4.378349999999999742e-01,-1.063130000000000047e-01,5.822310000000000541e-01,1.487030000000000018e-01,7.862440000000000540e-01,3.527159999999999740e-01,-8.713619999999999699e-01,1.041260000000000074e+00,5.567290000000000294e-01,-4.123330000000000051e-01,-1.573170000000000124e-01,7.862440000000000540e-01,4.547229999999999883e-01,-2.593230000000000257e-01,-3.613299999999999845e-01,-5.143389999999999906e-01,5.057260000000000089e-01,2.762109999999999843e-01,3.527159999999999740e-01,8.882499999999999840e-01,1.742049999999999987e-01,-1.483402000000000109e+00,-1.573170000000000124e-01,7.352410000000000334e-01,1.041260000000000074e+00,2.119499999999999856e-02,4.292210000000000192e-01,6.332339999999999636e-01,-3.103259999999999907e-01,1.232010000000000050e-01,8.372469999999999635e-01,2.119499999999999856e-02,-5.143389999999999906e-01,4.037189999999999945e-01,-1.573170000000000124e-01,-2.980800000000000116e-02,1.997059999999999946e-01,3.527159999999999740e-01,-2.980800000000000116e-02,5.312280000000000335e-01,-1.202884000000000064e+00,-2.338210000000000011e-01,4.802239999999999842e-01,1.015759000000000079e+00,3.782179999999999986e-01,1.742049999999999987e-01,3.527159999999999740e-01,-5.653430000000000399e-01,-4.633360000000000256e-01,4.547229999999999883e-01,2.119499999999999856e-02,2.507099999999999884e-01,1.168768000000000029e+00,1.296276999999999902e+00,3.527159999999999740e-01,-9.223660000000000192e-01,-2.338210000000000011e-01,-4.888379999999999947e-01,-1.063130000000000047e-01,-1.049873999999999974e+00,5.312280000000000335e-01,4.547229999999999883e-01,2.507099999999999884e-01,1.015759000000000079e+00,9.647550000000000292e-01,7.219799999999999829e-02,-5.908440000000000358e-01,4.292210000000000192e-01,-1.712916000000000105e+00,-7.948570000000000357e-01,5.057260000000000089e-01,1.398282999999999943e+00,1.066761999999999988e+00,8.882499999999999840e-01,1.729803999999999897e+00,9.137520000000000087e-01,-1.738418000000000019e+00,-1.075374999999999970e+00,-4.123330000000000051e-01,2.762109999999999843e-01,-4.633360000000000256e-01,4.547229999999999883e-01,5.312280000000000335e-01,8.627489999999999881e-01,-1.063130000000000047e-01,1.997059999999999946e-01,-2.980800000000000116e-02,4.292210000000000192e-01,5.312280000000000335e-01,4.292210000000000192e-01,2.119499999999999856e-02,-6.928509999999999946e-01,-6.928509999999999946e-01,4.669600000000000140e-02,1.117764999999999898e+00,1.092262999999999984e+00,1.487030000000000018e-01,-3.613299999999999845e-01,1.997059999999999946e-01,7.862440000000000540e-01,-1.828180000000000083e-01,-2.848249999999999948e-01,6.842369999999999841e-01,5.057260000000000089e-01,-2.848249999999999948e-01,7.219799999999999829e-02,-9.223660000000000192e-01,2.119499999999999856e-02,4.669600000000000140e-02,1.321777999999999897e+00,6.842369999999999841e-01,-6.418479999999999741e-01,-4.888379999999999947e-01,3.272140000000000049e-01,2.507099999999999884e-01,5.312280000000000335e-01,9.647550000000000292e-01,3.272140000000000049e-01,-1.202884000000000064e+00,-5.530999999999999805e-02,-2.338210000000000011e-01,5.312280000000000335e-01,8.882499999999999840e-01,5.822310000000000541e-01,-6.928509999999999946e-01,-2.848249999999999948e-01,2.762109999999999843e-01,1.997059999999999946e-01,3.527159999999999740e-01,7.607420000000000293e-01,1.143267000000000033e+00,-9.733690000000000397e-01,-9.988700000000000356e-01,-2.083200000000000052e-01,9.392540000000000333e-01,9.647550000000000292e-01,4.802239999999999842e-01,1.997059999999999946e-01,2.252079999999999915e-01,-6.163459999999999495e-01,4.802239999999999842e-01,-3.358280000000000154e-01,2.119499999999999856e-02,-2.593230000000000257e-01,2.762109999999999843e-01,-1.573170000000000124e-01,-1.318149999999999877e-01,3.017130000000000090e-01,1.066761999999999988e+00,7.219799999999999829e-02,-1.828180000000000083e-01,3.272140000000000049e-01,-2.980800000000000116e-02,2.252079999999999915e-01,-2.338210000000000011e-01,1.997059999999999946e-01,1.232010000000000050e-01,-8.081199999999999495e-02,-1.063130000000000047e-01,6.587359999999999882e-01,5.057260000000000089e-01,6.587359999999999882e-01,9.769999999999999518e-02,4.669600000000000140e-02,-2.980800000000000116e-02,4.292210000000000192e-01,-7.438540000000000152e-01,-8.081199999999999495e-02,3.782179999999999986e-01,5.312280000000000335e-01,2.762109999999999843e-01,-4.888379999999999947e-01,-6.928509999999999946e-01,9.392540000000000333e-01,4.669600000000000140e-02,-2.083200000000000052e-01,5.057260000000000089e-01,1.168768000000000029e+00,1.525790999999999897e+00,-1.075374999999999970e+00,1.487030000000000018e-01,-5.908440000000000358e-01,-6.673489999999999700e-01,9.392540000000000333e-01,3.272140000000000049e-01,2.252079999999999915e-01,9.769999999999999518e-02,-3.103259999999999907e-01,2.507099999999999884e-01,-8.081199999999999495e-02,6.587359999999999882e-01,3.527159999999999740e-01,-3.868309999999999804e-01,-2.338210000000000011e-01,6.077320000000000499e-01,4.547229999999999883e-01,3.527159999999999740e-01,2.252079999999999915e-01,-2.980800000000000116e-02,3.272140000000000049e-01,-1.202884000000000064e+00,6.332339999999999636e-01,5.312280000000000335e-01,-7.183530000000000193e-01,6.077320000000000499e-01,7.352410000000000334e-01,1.997059999999999946e-01,7.097390000000000088e-01,4.802239999999999842e-01,9.769999999999999518e-02,-8.203589999999999494e-01,5.822310000000000541e-01,6.332339999999999636e-01,-8.081199999999999495e-02,-7.183530000000000193e-01,-9.478670000000000151e-01,7.862440000000000540e-01,1.487030000000000018e-01,3.272140000000000049e-01,2.762109999999999843e-01,-2.980800000000000116e-02,5.822310000000000541e-01,1.117764999999999898e+00,1.066761999999999988e+00,-4.888379999999999947e-01,-1.432398000000000060e+00,-2.083200000000000052e-01,3.782179999999999986e-01,5.057260000000000089e-01,1.232010000000000050e-01,6.587359999999999882e-01,1.168768000000000029e+00,-2.593230000000000257e-01,-1.100877000000000105e+00,5.822310000000000541e-01,4.292210000000000192e-01,1.742049999999999987e-01,3.017130000000000090e-01,2.762109999999999843e-01,-9.223660000000000192e-01,9.902570000000000539e-01,7.352410000000000334e-01,1.742049999999999987e-01,7.219799999999999829e-02,9.137520000000000087e-01,-7.948570000000000357e-01,-2.980800000000000116e-02,6.587359999999999882e-01,-6.673489999999999700e-01,5.057260000000000089e-01,4.292210000000000192e-01,4.802239999999999842e-01,9.137520000000000087e-01,8.372469999999999635e-01,9.769999999999999518e-02,-1.318149999999999877e-01,-9.223660000000000192e-01,-6.163459999999999495e-01,-1.828180000000000083e-01,1.232010000000000050e-01,1.092262999999999984e+00,-1.828180000000000083e-01,-1.075374999999999970e+00,1.245273000000000074e+00,1.321777999999999897e+00,6.332339999999999636e-01,-4.307000000000000065e-03,-8.968639999999999946e-01,-6.928509999999999946e-01,7.862440000000000540e-01,7.352410000000000334e-01,-7.693560000000000398e-01,-2.980800000000000116e-02,4.037189999999999945e-01,3.272140000000000049e-01,6.077320000000000499e-01,-6.163459999999999495e-01,2.119499999999999856e-02,2.252079999999999915e-01,-9.733690000000000397e-01,9.647550000000000292e-01,8.372469999999999635e-01,1.232010000000000050e-01,-8.081199999999999495e-02,-8.081199999999999495e-02,9.769999999999999518e-02,3.782179999999999986e-01,6.587359999999999882e-01,-4.307000000000000065e-03,-1.828180000000000083e-01,2.252079999999999915e-01,-1.573170000000000124e-01,7.219799999999999829e-02,7.219799999999999829e-02,2.119499999999999856e-02,3.272140000000000049e-01,-1.573170000000000124e-01,5.567290000000000294e-01,-1.063130000000000047e-01,-7.693560000000000398e-01,7.862440000000000540e-01,1.296276999999999902e+00,2.252079999999999915e-01,-5.143389999999999906e-01,-4.888379999999999947e-01,3.782179999999999986e-01,4.037189999999999945e-01,-2.338210000000000011e-01,-3.103259999999999907e-01,-1.318149999999999877e-01,8.882499999999999840e-01,-8.081199999999999495e-02,9.647550000000000292e-01,6.842369999999999841e-01,-1.573170000000000124e-01,-1.063130000000000047e-01,3.272140000000000049e-01,-5.143389999999999906e-01,6.587359999999999882e-01,-1.063130000000000047e-01,5.822310000000000541e-01,7.352410000000000334e-01,-8.081199999999999495e-02,-2.980800000000000116e-02,2.252079999999999915e-01,-3.358280000000000154e-01,-2.593230000000000257e-01,-3.613299999999999845e-01,4.292210000000000192e-01,7.607420000000000293e-01,1.487030000000000018e-01,-8.968639999999999946e-01,1.041260000000000074e+00,1.245273000000000074e+00,-3.613299999999999845e-01,-2.044436999999999838e+00,2.507099999999999884e-01,1.066761999999999988e+00,1.449286000000000074e+00,8.372469999999999635e-01,-3.358280000000000154e-01,-2.338210000000000011e-01,-8.081199999999999495e-02,-4.888379999999999947e-01,1.296276999999999902e+00,-8.081199999999999495e-02,-2.338210000000000011e-01,6.332339999999999636e-01,-3.103259999999999907e-01,1.041260000000000074e+00,-1.177381999999999929e+00,-5.143389999999999906e-01,1.487030000000000018e-01,-3.868309999999999804e-01,3.272140000000000049e-01,9.137520000000000087e-01,5.822310000000000541e-01,-3.103259999999999907e-01,4.669600000000000140e-02,4.292210000000000192e-01,7.097390000000000088e-01,-1.573170000000000124e-01,9.769999999999999518e-02,3.782179999999999986e-01,7.219799999999999829e-02,-7.948570000000000357e-01,-2.980800000000000116e-02,4.547229999999999883e-01,3.272140000000000049e-01,2.252079999999999915e-01,8.627489999999999881e-01,-1.828180000000000083e-01,1.997059999999999946e-01,3.527159999999999740e-01,2.119499999999999856e-02,-5.143389999999999906e-01,-1.318149999999999877e-01,7.862440000000000540e-01,1.997059999999999946e-01,-1.687415000000000109e+00,7.607420000000000293e-01,2.119499999999999856e-02,-6.418479999999999741e-01,1.117764999999999898e+00,3.017130000000000090e-01,6.587359999999999882e-01,9.902570000000000539e-01,6.077320000000000499e-01,5.312280000000000335e-01,-7.183530000000000193e-01,-1.483402000000000109e+00,1.168768000000000029e+00,3.272140000000000049e-01,7.097390000000000088e-01,-2.593230000000000257e-01,-1.100877000000000105e+00,-3.613299999999999845e-01,7.219799999999999829e-02,6.332339999999999636e-01,7.862440000000000540e-01,6.842369999999999841e-01,2.507099999999999884e-01,-5.908440000000000358e-01,3.527159999999999740e-01,-5.143389999999999906e-01,-3.613299999999999845e-01,7.607420000000000293e-01,9.647550000000000292e-01,4.802239999999999842e-01,1.232010000000000050e-01,-1.318149999999999877e-01,-6.163459999999999495e-01,-1.828180000000000083e-01,8.117459999999999676e-01,1.742049999999999987e-01,-3.358280000000000154e-01,1.372781000000000029e+00,3.272140000000000049e-01,-1.253886999999999974e+00,3.017130000000000090e-01,5.057260000000000089e-01,2.762109999999999843e-01,-5.530999999999999805e-02,-2.848249999999999948e-01,-3.358280000000000154e-01,2.507099999999999884e-01,-2.083200000000000052e-01,-4.123330000000000051e-01,1.117764999999999898e+00,9.392540000000000333e-01,9.647550000000000292e-01,2.252079999999999915e-01,-3.613299999999999845e-01,-7.693560000000000398e-01,-4.123330000000000051e-01,5.567290000000000294e-01,2.507099999999999884e-01,5.567290000000000294e-01,1.041260000000000074e+00,1.487030000000000018e-01,-3.613299999999999845e-01,-2.980800000000000116e-02,1.232010000000000050e-01,7.352410000000000334e-01,9.392540000000000333e-01,-6.163459999999999495e-01,-8.203589999999999494e-01,4.547229999999999883e-01,8.627489999999999881e-01,-1.318149999999999877e-01,-1.318149999999999877e-01,7.352410000000000334e-01,7.607420000000000293e-01,-2.083200000000000052e-01,-6.418479999999999741e-01,2.762109999999999843e-01,9.769999999999999518e-02,-2.083200000000000052e-01,4.547229999999999883e-01,4.292210000000000192e-01,5.312280000000000335e-01,-5.530999999999999805e-02,5.312280000000000335e-01,-4.888379999999999947e-01,6.077320000000000499e-01,2.252079999999999915e-01,-2.593230000000000257e-01,-1.202884000000000064e+00,1.232010000000000050e-01,8.627489999999999881e-01,1.423785000000000078e+00,3.782179999999999986e-01,-3.358280000000000154e-01,2.119499999999999856e-02,-1.151880000000000015e+00,-4.123330000000000051e-01,9.137520000000000087e-01,1.347280000000000033e+00,7.862440000000000540e-01,-4.307000000000000065e-03,-1.126379000000000019e+00,7.352410000000000334e-01,7.219799999999999829e-02,4.669600000000000140e-02,5.822310000000000541e-01,-5.143389999999999906e-01,-1.573170000000000124e-01,-2.083200000000000052e-01,-2.083200000000000052e-01,2.762109999999999843e-01,6.077320000000000499e-01,1.143267000000000033e+00,7.862440000000000540e-01,-8.081199999999999495e-02,-1.318149999999999877e-01,-7.183530000000000193e-01,-1.573170000000000124e-01,-2.083200000000000052e-01,9.769999999999999518e-02,2.762109999999999843e-01,3.527159999999999740e-01,2.762109999999999843e-01,7.097390000000000088e-01,2.119499999999999856e-02,-6.928509999999999946e-01,7.219799999999999829e-02,1.551293000000000033e+00,8.627489999999999881e-01,-1.177381999999999929e+00,-5.653430000000000399e-01,-2.083200000000000052e-01,-9.223660000000000192e-01,1.041260000000000074e+00,1.500289999999999901e+00,7.097390000000000088e-01,1.232010000000000050e-01,2.119499999999999856e-02,3.272140000000000049e-01,-2.083200000000000052e-01,-2.083200000000000052e-01,-1.573170000000000124e-01,2.119499999999999856e-02,8.117459999999999676e-01,1.015759000000000079e+00,-2.299453999999999887e+00,-5.398410000000000153e-01,8.882499999999999840e-01,7.352410000000000334e-01,3.527159999999999740e-01,4.802239999999999842e-01,6.332339999999999636e-01,6.077320000000000499e-01,9.769999999999999518e-02,4.292210000000000192e-01,-1.828180000000000083e-01,-6.928509999999999946e-01,7.219799999999999829e-02,-2.083200000000000052e-01,-6.928509999999999946e-01,2.119499999999999856e-02,3.272140000000000049e-01,4.547229999999999883e-01,3.782179999999999986e-01,1.219772000000000078e+00,8.372469999999999635e-01,-1.636411000000000060e+00,2.762109999999999843e-01,9.769999999999999518e-02,5.312280000000000335e-01,1.066761999999999988e+00,6.842369999999999841e-01,-1.304890000000000105e+00,-8.458609999999999740e-01,7.352410000000000334e-01,1.117764999999999898e+00,2.762109999999999843e-01,-1.151880000000000015e+00,5.057260000000000089e-01,-9.733690000000000397e-01,1.232010000000000050e-01,1.347280000000000033e+00,8.882499999999999840e-01,1.742049999999999987e-01,-1.828180000000000083e-01,-4.888379999999999947e-01,1.576794999999999947e+00,-4.307000000000000065e-03,-7.693560000000000398e-01,-7.438540000000000152e-01,4.547229999999999883e-01,7.607420000000000293e-01,-1.075374999999999970e+00,-6.418479999999999741e-01,4.669600000000000140e-02,9.902570000000000539e-01,9.392540000000000333e-01,4.547229999999999883e-01,3.272140000000000049e-01,5.567290000000000294e-01,-2.083200000000000052e-01,4.292210000000000192e-01,6.587359999999999882e-01,-5.143389999999999906e-01,-3.358280000000000154e-01,-4.888379999999999947e-01,-5.530999999999999805e-02,4.292210000000000192e-01,3.527159999999999740e-01,-2.848249999999999948e-01,4.292210000000000192e-01,7.862440000000000540e-01,9.902570000000000539e-01,-8.081199999999999495e-02,-1.573170000000000124e-01,5.312280000000000335e-01,-6.418479999999999741e-01,-2.338210000000000011e-01,5.312280000000000335e-01,3.272140000000000049e-01,-8.081199999999999495e-02,-3.868309999999999804e-01,-4.123330000000000051e-01,5.057260000000000089e-01,9.769999999999999518e-02,9.392540000000000333e-01,2.762109999999999843e-01,-8.081199999999999495e-02,5.822310000000000541e-01,2.507099999999999884e-01,3.017130000000000090e-01,7.219799999999999829e-02,-1.712916000000000105e+00,7.352410000000000334e-01,4.292210000000000192e-01,8.882499999999999840e-01,3.527159999999999740e-01,-4.888379999999999947e-01,2.119499999999999856e-02,1.997059999999999946e-01,4.802239999999999842e-01,1.997059999999999946e-01,7.219799999999999829e-02,2.252079999999999915e-01,1.487030000000000018e-01,1.232010000000000050e-01,-4.378349999999999742e-01,-6.418479999999999741e-01,6.077320000000000499e-01,6.842369999999999841e-01,2.252079999999999915e-01,4.037189999999999945e-01,1.232010000000000050e-01,-1.100877000000000105e+00,6.842369999999999841e-01,2.507099999999999884e-01,4.037189999999999945e-01,7.219799999999999829e-02,6.332339999999999636e-01,4.037189999999999945e-01,5.567290000000000294e-01,-3.868309999999999804e-01,-1.202884000000000064e+00,1.041260000000000074e+00,-2.338210000000000011e-01,-2.593230000000000257e-01,-7.948570000000000357e-01,6.842369999999999841e-01,5.822310000000000541e-01,6.332339999999999636e-01,2.252079999999999915e-01,-1.318149999999999877e-01,-1.318149999999999877e-01,7.862440000000000540e-01,7.352410000000000334e-01,4.669600000000000140e-02,-7.438540000000000152e-01,-2.593230000000000257e-01,-2.980800000000000116e-02,-1.573170000000000124e-01,5.822310000000000541e-01,6.842369999999999841e-01,5.312280000000000335e-01,-4.633360000000000256e-01,-1.063130000000000047e-01,5.822310000000000541e-01,2.252079999999999915e-01,-1.049873999999999974e+00,-3.103259999999999907e-01,1.143267000000000033e+00,1.551293000000000033e+00,4.802239999999999842e-01,-5.653430000000000399e-01,-1.304890000000000105e+00,1.742049999999999987e-01,5.822310000000000541e-01,3.017130000000000090e-01,-4.307000000000000065e-03,7.219799999999999829e-02,5.312280000000000335e-01,4.292210000000000192e-01,-4.123330000000000051e-01,1.742049999999999987e-01,-4.123330000000000051e-01,9.392540000000000333e-01,6.842369999999999841e-01,1.742049999999999987e-01,-1.610910000000000064e+00,-3.358280000000000154e-01,7.097390000000000088e-01,8.882499999999999840e-01,3.527159999999999740e-01,-1.063130000000000047e-01,1.143267000000000033e+00,1.219772000000000078e+00,-8.968639999999999946e-01,-1.330392000000000019e+00,-5.143389999999999906e-01,7.097390000000000088e-01,-3.358280000000000154e-01,3.272140000000000049e-01,6.332339999999999636e-01,4.802239999999999842e-01,-4.307000000000000065e-03,5.057260000000000089e-01,7.219799999999999829e-02,3.017130000000000090e-01,-1.573170000000000124e-01,9.769999999999999518e-02,1.232010000000000050e-01,-2.980800000000000116e-02,-1.318149999999999877e-01,-3.868309999999999804e-01,6.077320000000000499e-01,8.627489999999999881e-01,3.017130000000000090e-01,1.487030000000000018e-01,1.742049999999999987e-01,3.017130000000000090e-01,-1.049873999999999974e+00,-1.049873999999999974e+00,2.119499999999999856e-02,1.857312000000000074e+00,1.041260000000000074e+00,5.312280000000000335e-01,-2.083200000000000052e-01,-4.633360000000000256e-01,-4.633360000000000256e-01,-3.358280000000000154e-01,-8.081199999999999495e-02,3.527159999999999740e-01,1.296276999999999902e+00,1.041260000000000074e+00,-5.398410000000000153e-01,-6.163459999999999495e-01,4.802239999999999842e-01,6.842369999999999841e-01,-3.103259999999999907e-01,-5.398410000000000153e-01,2.507099999999999884e-01,5.822310000000000541e-01,-4.633360000000000256e-01,4.292210000000000192e-01,8.882499999999999840e-01,-3.613299999999999845e-01,5.312280000000000335e-01,4.037189999999999945e-01,3.272140000000000049e-01,-2.338210000000000011e-01,-5.143389999999999906e-01,-5.530999999999999805e-02,9.769999999999999518e-02,3.782179999999999986e-01,5.567290000000000294e-01,1.232010000000000050e-01,-6.673489999999999700e-01,9.769999999999999518e-02,5.057260000000000089e-01,-6.418479999999999741e-01,7.219799999999999829e-02,9.137520000000000087e-01,1.347280000000000033e+00,1.372781000000000029e+00,1.232010000000000050e-01,-2.936995000000000022e+00,-4.888379999999999947e-01,1.270774999999999988e+00,7.862440000000000540e-01,3.782179999999999986e-01,3.272140000000000049e-01,-7.438540000000000152e-01,4.037189999999999945e-01,3.272140000000000049e-01,4.292210000000000192e-01,2.119499999999999856e-02,2.119499999999999856e-02,-2.083200000000000052e-01,4.292210000000000192e-01,9.769999999999999518e-02,3.017130000000000090e-01,-6.673489999999999700e-01,-4.633360000000000256e-01,6.332339999999999636e-01,9.392540000000000333e-01,-4.307000000000000065e-03,4.669600000000000140e-02,7.219799999999999829e-02,5.567290000000000294e-01,4.037189999999999945e-01,3.782179999999999986e-01,-2.083200000000000052e-01,-3.868309999999999804e-01,4.669600000000000140e-02,1.041260000000000074e+00,2.252079999999999915e-01,2.252079999999999915e-01,-8.713619999999999699e-01,3.017130000000000090e-01,-4.888379999999999947e-01,4.037189999999999945e-01,8.117459999999999676e-01,4.292210000000000192e-01,-9.988700000000000356e-01,-8.081199999999999495e-02,5.567290000000000294e-01,8.372469999999999635e-01,8.882499999999999840e-01,-4.307000000000000065e-03,-2.083200000000000052e-01,1.997059999999999946e-01,2.762109999999999843e-01,-5.530999999999999805e-02,-1.381394999999999929e+00,5.057260000000000089e-01,6.587359999999999882e-01,6.842369999999999841e-01,4.802239999999999842e-01,2.507099999999999884e-01,4.037189999999999945e-01,1.232010000000000050e-01,-2.338210000000000011e-01,-2.980800000000000116e-02,-7.693560000000000398e-01,9.769999999999999518e-02,4.292210000000000192e-01,3.017130000000000090e-01,2.252079999999999915e-01,2.507099999999999884e-01,6.587359999999999882e-01,-8.081199999999999495e-02,-4.123330000000000051e-01,5.567290000000000294e-01,2.119499999999999856e-02,2.119499999999999856e-02,5.822310000000000541e-01,2.119499999999999856e-02,4.547229999999999883e-01,-1.828180000000000083e-01,4.037189999999999945e-01,-4.123330000000000051e-01,-9.733690000000000397e-01,5.057260000000000089e-01,1.959319000000000033e+00,5.312280000000000335e-01,-1.063130000000000047e-01,-2.980800000000000116e-02,-8.203589999999999494e-01,-2.980800000000000116e-02,2.252079999999999915e-01,-3.103259999999999907e-01,2.252079999999999915e-01,6.842369999999999841e-01,5.822310000000000541e-01,7.607420000000000293e-01,-5.143389999999999906e-01,-1.508903000000000105e+00,7.352410000000000334e-01,3.017130000000000090e-01,3.527159999999999740e-01,6.077320000000000499e-01,-3.103259999999999907e-01,6.842369999999999841e-01,-8.081199999999999495e-02,5.822310000000000541e-01,8.117459999999999676e-01,4.669600000000000140e-02,-2.848249999999999948e-01,-4.307000000000000065e-03,-6.163459999999999495e-01,-1.573170000000000124e-01,-2.338210000000000011e-01,4.547229999999999883e-01,7.352410000000000334e-01,3.527159999999999740e-01,-5.530999999999999805e-02,6.842369999999999841e-01,4.669600000000000140e-02,-1.063130000000000047e-01,-3.613299999999999845e-01,2.507099999999999884e-01,9.902570000000000539e-01,-1.573170000000000124e-01,-1.318149999999999877e-01,9.769999999999999518e-02,2.252079999999999915e-01,1.232010000000000050e-01,-8.081199999999999495e-02,-2.083200000000000052e-01,7.097390000000000088e-01,4.292210000000000192e-01,5.822310000000000541e-01,-3.358280000000000154e-01,9.769999999999999518e-02,-1.318149999999999877e-01,1.997059999999999946e-01,5.822310000000000541e-01,-5.530999999999999805e-02,-3.103259999999999907e-01,4.669600000000000140e-02,9.902570000000000539e-01,-1.828180000000000083e-01,-7.948570000000000357e-01,7.862440000000000540e-01,1.742049999999999987e-01,-9.478670000000000151e-01,1.041260000000000074e+00,4.292210000000000192e-01,6.587359999999999882e-01,-7.948570000000000357e-01,2.507099999999999884e-01,6.332339999999999636e-01,4.547229999999999883e-01,7.352410000000000334e-01,1.066761999999999988e+00,2.507099999999999884e-01,-5.530999999999999805e-02,-7.693560000000000398e-01,-5.143389999999999906e-01,-1.318149999999999877e-01,-2.848249999999999948e-01,-1.049873999999999974e+00,7.219799999999999829e-02,5.567290000000000294e-01,2.762109999999999843e-01,1.321777999999999897e+00,1.372781000000000029e+00,-8.081199999999999495e-02,-2.083200000000000052e-01,7.352410000000000334e-01,-2.338210000000000011e-01,-5.653430000000000399e-01,-8.081199999999999495e-02,5.567290000000000294e-01,5.567290000000000294e-01,1.742049999999999987e-01,-1.318149999999999877e-01,-3.613299999999999845e-01,-5.653430000000000399e-01,-3.358280000000000154e-01,4.292210000000000192e-01,1.245273000000000074e+00,6.077320000000000499e-01,5.057260000000000089e-01,4.292210000000000192e-01,2.762109999999999843e-01,-1.049873999999999974e+00,-5.908440000000000358e-01,3.272140000000000049e-01,6.587359999999999882e-01,3.272140000000000049e-01,-3.613299999999999845e-01,-1.318149999999999877e-01,-8.081199999999999495e-02,1.066761999999999988e+00,-6.928509999999999946e-01,9.769999999999999518e-02,2.119499999999999856e-02,4.292210000000000192e-01,6.332339999999999636e-01,2.762109999999999843e-01,2.507099999999999884e-01,-1.828180000000000083e-01,7.219799999999999829e-02,4.292210000000000192e-01,3.017130000000000090e-01,1.232010000000000050e-01,-1.318149999999999877e-01,-2.848249999999999948e-01,1.997059999999999946e-01,8.372469999999999635e-01,2.507099999999999884e-01,-1.687415000000000109e+00,-5.143389999999999906e-01,1.194269999999999943e+00,7.352410000000000334e-01,3.272140000000000049e-01,8.117459999999999676e-01,3.272140000000000049e-01,-1.828180000000000083e-01,2.507099999999999884e-01,2.507099999999999884e-01,-5.530999999999999805e-02,1.997059999999999946e-01,2.507099999999999884e-01,1.232010000000000050e-01,4.669600000000000140e-02,-7.693560000000000398e-01,-3.358280000000000154e-01,-2.848249999999999948e-01,-8.081199999999999495e-02,6.587359999999999882e-01,7.097390000000000088e-01,5.567290000000000294e-01,6.842369999999999841e-01,-2.593230000000000257e-01,3.782179999999999986e-01,-4.123330000000000051e-01,-8.203589999999999494e-01,3.782179999999999986e-01,5.567290000000000294e-01,9.647550000000000292e-01,7.097390000000000088e-01,1.487030000000000018e-01,-2.083200000000000052e-01,-4.633360000000000256e-01,7.219799999999999829e-02,2.252079999999999915e-01,5.312280000000000335e-01,1.487030000000000018e-01,7.219799999999999829e-02,1.487030000000000018e-01,9.769999999999999518e-02,2.507099999999999884e-01,9.769999999999999518e-02,2.252079999999999915e-01,-4.307000000000000065e-03,4.669600000000000140e-02,-2.083200000000000052e-01,2.252079999999999915e-01,5.057260000000000089e-01,2.252079999999999915e-01,1.232010000000000050e-01,6.077320000000000499e-01,5.822310000000000541e-01,-8.081199999999999495e-02,-8.203589999999999494e-01,-4.307000000000000065e-03,7.219799999999999829e-02,5.822310000000000541e-01,-4.888379999999999947e-01,-1.177381999999999929e+00,7.097390000000000088e-01,2.596859999999999946e+00,7.352410000000000334e-01,7.219799999999999829e-02,-5.653430000000000399e-01,-4.378349999999999742e-01,-1.151880000000000015e+00,-2.338210000000000011e-01,2.507099999999999884e-01,-4.307000000000000065e-03,4.802239999999999842e-01,2.762109999999999843e-01,6.587359999999999882e-01,3.527159999999999740e-01,6.842369999999999841e-01,-5.143389999999999906e-01,1.997059999999999946e-01,5.057260000000000089e-01,-1.318149999999999877e-01,-5.653430000000000399e-01,-1.063130000000000047e-01,5.057260000000000089e-01,3.272140000000000049e-01,6.842369999999999841e-01,2.119499999999999856e-02,-5.908440000000000358e-01,-3.868309999999999804e-01,3.527159999999999740e-01,5.567290000000000294e-01,-4.307000000000000065e-03,-2.083200000000000052e-01,5.567290000000000294e-01,1.321777999999999897e+00,1.449286000000000074e+00,-3.868309999999999804e-01,-1.483402000000000109e+00,-8.713619999999999699e-01,-6.928509999999999946e-01,9.647550000000000292e-01,3.782179999999999986e-01,1.997059999999999946e-01,6.332339999999999636e-01,-3.358280000000000154e-01,6.842369999999999841e-01,6.587359999999999882e-01,2.507099999999999884e-01,-2.593230000000000257e-01,-4.123330000000000051e-01,-8.081199999999999495e-02,4.292210000000000192e-01,3.272140000000000049e-01,4.292210000000000192e-01,2.762109999999999843e-01,1.232010000000000050e-01,-3.868309999999999804e-01,3.782179999999999986e-01,1.487030000000000018e-01,3.272140000000000049e-01,3.017130000000000090e-01,-1.318149999999999877e-01,-2.593230000000000257e-01,7.219799999999999829e-02,-4.633360000000000256e-01,3.272140000000000049e-01,7.607420000000000293e-01,3.527159999999999740e-01,2.507099999999999884e-01,1.997059999999999946e-01,1.232010000000000050e-01,-5.398410000000000153e-01,3.527159999999999740e-01,1.997059999999999946e-01,-5.530999999999999805e-02,1.232010000000000050e-01,8.117459999999999676e-01,4.037189999999999945e-01,9.769999999999999518e-02,-4.633360000000000256e-01,7.219799999999999829e-02,4.669600000000000140e-02,6.077320000000000499e-01,1.742049999999999987e-01,-2.980800000000000116e-02,-2.980800000000000116e-02,-2.848249999999999948e-01,2.762109999999999843e-01,2.252079999999999915e-01,-2.848249999999999948e-01,7.219799999999999829e-02,7.607420000000000293e-01,7.607420000000000293e-01,4.669600000000000140e-02,6.332339999999999636e-01,-5.143389999999999906e-01,-7.438540000000000152e-01,5.312280000000000335e-01,3.017130000000000090e-01,1.742049999999999987e-01,4.292210000000000192e-01,-1.828180000000000083e-01,2.252079999999999915e-01,6.332339999999999636e-01,-5.530999999999999805e-02,3.272140000000000049e-01,-5.530999999999999805e-02,1.487030000000000018e-01,2.507099999999999884e-01,-1.828180000000000083e-01,-3.358280000000000154e-01,9.769999999999999518e-02,3.272140000000000049e-01,1.997059999999999946e-01,4.802239999999999842e-01,5.822310000000000541e-01,2.252079999999999915e-01,-1.828180000000000083e-01,-5.908440000000000358e-01,-2.980800000000000116e-02,5.057260000000000089e-01,5.312280000000000335e-01,-2.593230000000000257e-01,5.822310000000000541e-01,9.392540000000000333e-01,1.997059999999999946e-01,7.219799999999999829e-02,1.997059999999999946e-01,9.769999999999999518e-02,-9.223660000000000192e-01,-6.928509999999999946e-01,9.902570000000000539e-01,4.802239999999999842e-01,1.742049999999999987e-01,9.769999999999999518e-02,2.119499999999999856e-02,2.119499999999999856e-02,6.077320000000000499e-01,-2.848249999999999948e-01,-3.103259999999999907e-01,-5.530999999999999805e-02,7.607420000000000293e-01,7.352410000000000334e-01,4.547229999999999883e-01,2.762109999999999843e-01,-8.081199999999999495e-02,2.507099999999999884e-01,-4.307000000000000065e-03,-8.081199999999999495e-02,-2.848249999999999948e-01,2.252079999999999915e-01,1.487030000000000018e-01,5.057260000000000089e-01,6.587359999999999882e-01,5.312280000000000335e-01,7.219799999999999829e-02,4.802239999999999842e-01,-8.081199999999999495e-02,-1.828180000000000083e-01,-2.980800000000000116e-02,-1.063130000000000047e-01,2.119499999999999856e-02,3.527159999999999740e-01,3.782179999999999986e-01,3.782179999999999986e-01,4.669600000000000140e-02,-1.828180000000000083e-01,-1.573170000000000124e-01,-7.948570000000000357e-01,-1.573170000000000124e-01,8.372469999999999635e-01,1.551293000000000033e+00,-3.103259999999999907e-01,4.037189999999999945e-01,8.627489999999999881e-01,5.567290000000000294e-01,-4.307000000000000065e-03,-1.318149999999999877e-01,-8.081199999999999495e-02,2.507099999999999884e-01,-8.081199999999999495e-02,-4.888379999999999947e-01,-7.438540000000000152e-01,3.272140000000000049e-01,8.627489999999999881e-01,1.653299000000000074e+00,-9.478670000000000151e-01,2.119499999999999856e-02,3.272140000000000049e-01,9.647550000000000292e-01,-7.438540000000000152e-01,-2.980800000000000116e-02,2.507099999999999884e-01,2.762109999999999843e-01,9.769999999999999518e-02,4.037189999999999945e-01,1.487030000000000018e-01,7.219799999999999829e-02,1.232010000000000050e-01,2.252079999999999915e-01,4.669600000000000140e-02,-1.063130000000000047e-01,2.252079999999999915e-01,2.252079999999999915e-01,5.312280000000000335e-01,3.782179999999999986e-01,-2.980800000000000116e-02,-5.143389999999999906e-01,-1.573170000000000124e-01,3.272140000000000049e-01,2.762109999999999843e-01,4.037189999999999945e-01,-3.103259999999999907e-01,2.119499999999999856e-02,2.252079999999999915e-01,3.527159999999999740e-01,7.097390000000000088e-01,1.232010000000000050e-01,-9.478670000000000151e-01,-5.908440000000000358e-01,7.862440000000000540e-01,8.372469999999999635e-01,7.097390000000000088e-01,3.272140000000000049e-01,3.782179999999999986e-01,1.997059999999999946e-01,-3.613299999999999845e-01,1.997059999999999946e-01,-4.888379999999999947e-01,2.762109999999999843e-01,9.769999999999999518e-02,2.252079999999999915e-01,-2.848249999999999948e-01,2.762109999999999843e-01,5.822310000000000541e-01,6.332339999999999636e-01,-4.307000000000000065e-03,-7.438540000000000152e-01,4.669600000000000140e-02,9.769999999999999518e-02,3.527159999999999740e-01,7.862440000000000540e-01,6.077320000000000499e-01,-1.573170000000000124e-01,-2.848249999999999948e-01,9.769999999999999518e-02,4.037189999999999945e-01,6.332339999999999636e-01,5.057260000000000089e-01,1.487030000000000018e-01,-1.063130000000000047e-01,-1.573170000000000124e-01,9.769999999999999518e-02,-8.081199999999999495e-02,-4.307000000000000065e-03,1.997059999999999946e-01,3.272140000000000049e-01,-2.083200000000000052e-01,-3.868309999999999804e-01,-2.848249999999999948e-01,6.587359999999999882e-01,5.312280000000000335e-01,5.567290000000000294e-01,-8.081199999999999495e-02,2.762109999999999843e-01,2.119499999999999856e-02,3.017130000000000090e-01,9.769999999999999518e-02,9.769999999999999518e-02,-2.980800000000000116e-02,-5.398410000000000153e-01,4.802239999999999842e-01,4.037189999999999945e-01,6.077320000000000499e-01,1.232010000000000050e-01,-5.530999999999999805e-02,1.232010000000000050e-01,1.232010000000000050e-01,-2.980800000000000116e-02,7.219799999999999829e-02,2.119499999999999856e-02,-1.828180000000000083e-01,1.487030000000000018e-01,7.607420000000000293e-01,6.587359999999999882e-01,3.527159999999999740e-01,-8.081199999999999495e-02,-4.123330000000000051e-01,1.487030000000000018e-01,1.487030000000000018e-01,2.762109999999999843e-01,-4.307000000000000065e-03,3.272140000000000049e-01,7.219799999999999829e-02,4.547229999999999883e-01,5.822310000000000541e-01,3.017130000000000090e-01,-1.330392000000000019e+00,-3.358280000000000154e-01,9.137520000000000087e-01,6.077320000000000499e-01,1.742049999999999987e-01,7.219799999999999829e-02,3.782179999999999986e-01,7.219799999999999829e-02,-1.828180000000000083e-01,4.292210000000000192e-01,4.547229999999999883e-01,-3.103259999999999907e-01,-1.318149999999999877e-01,-1.828180000000000083e-01,-6.163459999999999495e-01,4.292210000000000192e-01,6.077320000000000499e-01,7.607420000000000293e-01,-5.653430000000000399e-01,-2.980800000000000116e-02,-2.593230000000000257e-01,1.474787999999999988e+00,1.143267000000000033e+00,1.487030000000000018e-01,-2.980800000000000116e-02,-1.100877000000000105e+00,3.782179999999999986e-01,5.057260000000000089e-01,9.769999999999999518e-02,1.041260000000000074e+00,-3.103259999999999907e-01,-9.478670000000000151e-01,-4.123330000000000051e-01,-1.828180000000000083e-01,1.232010000000000050e-01,3.782179999999999986e-01,6.587359999999999882e-01,6.842369999999999841e-01,5.567290000000000294e-01,7.219799999999999829e-02,4.292210000000000192e-01,-1.063130000000000047e-01,-8.458609999999999740e-01,-1.318149999999999877e-01,-3.103259999999999907e-01,3.272140000000000049e-01,7.097390000000000088e-01,3.017130000000000090e-01,-2.980800000000000116e-02,4.292210000000000192e-01,3.527159999999999740e-01,2.119499999999999856e-02,-7.183530000000000193e-01,3.272140000000000049e-01,-1.573170000000000124e-01,2.119499999999999856e-02,4.547229999999999883e-01,1.041260000000000074e+00,2.252079999999999915e-01,-4.123330000000000051e-01,-3.103259999999999907e-01,-4.307000000000000065e-03,3.527159999999999740e-01,5.057260000000000089e-01,2.507099999999999884e-01,6.332339999999999636e-01,4.802239999999999842e-01,-7.438540000000000152e-01,-3.868309999999999804e-01,-5.530999999999999805e-02,2.252079999999999915e-01,6.332339999999999636e-01,2.252079999999999915e-01,-2.848249999999999948e-01,-4.123330000000000051e-01,5.057260000000000089e-01,-4.307000000000000065e-03,4.292210000000000192e-01,8.627489999999999881e-01,7.352410000000000334e-01,3.272140000000000049e-01,1.232010000000000050e-01,-2.848249999999999948e-01,-1.406897000000000064e+00,4.669600000000000140e-02,2.507099999999999884e-01,8.372469999999999635e-01,5.312280000000000335e-01,-1.063130000000000047e-01,-6.673489999999999700e-01,5.567290000000000294e-01,1.487030000000000018e-01,4.037189999999999945e-01,1.997059999999999946e-01,3.017130000000000090e-01,2.252079999999999915e-01,2.119499999999999856e-02,-1.318149999999999877e-01,3.782179999999999986e-01,3.527159999999999740e-01,-4.123330000000000051e-01,-6.928509999999999946e-01,4.802239999999999842e-01,5.057260000000000089e-01,4.292210000000000192e-01,2.119499999999999856e-02,1.232010000000000050e-01,5.312280000000000335e-01,2.762109999999999843e-01,-2.083200000000000052e-01,-5.143389999999999906e-01,7.219799999999999829e-02,5.567290000000000294e-01,4.802239999999999842e-01,2.252079999999999915e-01,3.527159999999999740e-01,1.997059999999999946e-01,-4.307000000000000065e-03,-5.530999999999999805e-02,5.822310000000000541e-01,2.762109999999999843e-01,-7.438540000000000152e-01,-3.613299999999999845e-01,2.762109999999999843e-01,7.352410000000000334e-01,7.352410000000000334e-01,1.232010000000000050e-01,9.769999999999999518e-02,1.742049999999999987e-01,1.232010000000000050e-01,-1.318149999999999877e-01,-4.307000000000000065e-03,-2.338210000000000011e-01,-4.307000000000000065e-03,-4.888379999999999947e-01,5.312280000000000335e-01,7.219799999999999829e-02,-3.103259999999999907e-01,1.168768000000000029e+00,8.627489999999999881e-01,-1.828180000000000083e-01,-4.307000000000000065e-03,5.057260000000000089e-01,2.507099999999999884e-01,7.219799999999999829e-02,2.119499999999999856e-02,9.769999999999999518e-02,-1.318149999999999877e-01,1.232010000000000050e-01,-2.980800000000000116e-02,-3.613299999999999845e-01,-4.123330000000000051e-01,3.272140000000000049e-01,5.567290000000000294e-01,-4.307000000000000065e-03,2.252079999999999915e-01,3.272140000000000049e-01,3.017130000000000090e-01,1.066761999999999988e+00,6.332339999999999636e-01,-9.478670000000000151e-01,-8.968639999999999946e-01,-2.338210000000000011e-01,4.802239999999999842e-01,2.762109999999999843e-01,3.527159999999999740e-01,-4.307000000000000065e-03,6.842369999999999841e-01,6.842369999999999841e-01,7.352410000000000334e-01,-1.828180000000000083e-01,-1.318149999999999877e-01,-3.868309999999999804e-01,-5.530999999999999805e-02,3.272140000000000049e-01,1.487030000000000018e-01,9.769999999999999518e-02,2.762109999999999843e-01,9.769999999999999518e-02,9.769999999999999518e-02,-4.307000000000000065e-03,1.487030000000000018e-01,5.822310000000000541e-01,1.232010000000000050e-01,2.119499999999999856e-02,-3.358280000000000154e-01,9.392540000000000333e-01,8.372469999999999635e-01,3.017130000000000090e-01,3.782179999999999986e-01,-3.613299999999999845e-01,-9.223660000000000192e-01,-3.613299999999999845e-01,2.252079999999999915e-01,4.802239999999999842e-01,5.567290000000000294e-01,6.332339999999999636e-01,1.997059999999999946e-01,3.527159999999999740e-01,-2.848249999999999948e-01,-1.318149999999999877e-01,3.527159999999999740e-01,3.782179999999999986e-01,-1.573170000000000124e-01,-1.318149999999999877e-01,2.119499999999999856e-02,1.997059999999999946e-01,3.272140000000000049e-01,-5.530999999999999805e-02,1.997059999999999946e-01,1.487030000000000018e-01,4.037189999999999945e-01,-2.338210000000000011e-01,-2.593230000000000257e-01,1.500289999999999901e+00,2.010321999999999942e+00,2.762109999999999843e-01,-2.656477000000000199e+00,-1.151880000000000015e+00,8.372469999999999635e-01,6.077320000000000499e-01,4.547229999999999883e-01,-2.980800000000000116e-02,4.802239999999999842e-01,7.219799999999999829e-02,1.232010000000000050e-01,5.567290000000000294e-01,3.782179999999999986e-01,4.802239999999999842e-01,-2.083200000000000052e-01,-2.980800000000000116e-02,-2.083200000000000052e-01,1.742049999999999987e-01,-2.980800000000000116e-02,4.669600000000000140e-02,3.272140000000000049e-01,4.292210000000000192e-01,4.037189999999999945e-01,1.997059999999999946e-01,9.769999999999999518e-02,1.487030000000000018e-01,1.232010000000000050e-01,-8.081199999999999495e-02,1.742049999999999987e-01,2.252079999999999915e-01,1.742049999999999987e-01,2.119499999999999856e-02,-5.530999999999999805e-02,-2.338210000000000011e-01,2.507099999999999884e-01,-5.530999999999999805e-02,-2.593230000000000257e-01,1.742049999999999987e-01,5.312280000000000335e-01,3.017130000000000090e-01,7.862440000000000540e-01,-4.633360000000000256e-01,8.117459999999999676e-01,7.352410000000000334e-01,-8.081199999999999495e-02,-2.593230000000000257e-01,-5.530999999999999805e-02,4.669600000000000140e-02,-2.083200000000000052e-01,1.487030000000000018e-01,1.742049999999999987e-01,2.762109999999999843e-01,4.547229999999999883e-01,3.527159999999999740e-01,2.119499999999999856e-02,-2.980800000000000116e-02,-5.530999999999999805e-02,1.742049999999999987e-01,1.742049999999999987e-01,2.507099999999999884e-01,4.669600000000000140e-02,1.487030000000000018e-01,1.232010000000000050e-01,3.527159999999999740e-01,3.527159999999999740e-01,1.997059999999999946e-01,4.292210000000000192e-01,-5.143389999999999906e-01,-1.049873999999999974e+00,4.547229999999999883e-01,-2.980800000000000116e-02,5.312280000000000335e-01,9.392540000000000333e-01,4.802239999999999842e-01,7.219799999999999829e-02,-1.828180000000000083e-01,1.232010000000000050e-01,6.077320000000000499e-01,2.119499999999999856e-02,4.669600000000000140e-02,-4.378349999999999742e-01,2.119499999999999856e-02,3.782179999999999986e-01,1.997059999999999946e-01,-6.163459999999999495e-01,6.077320000000000499e-01,6.077320000000000499e-01,-4.307000000000000065e-03,-1.828180000000000083e-01,4.802239999999999842e-01,3.017130000000000090e-01,1.742049999999999987e-01,-2.980800000000000116e-02,-4.888379999999999947e-01,-4.307000000000000065e-03,5.567290000000000294e-01,3.782179999999999986e-01,2.762109999999999843e-01,7.219799999999999829e-02,1.487030000000000018e-01,7.862440000000000540e-01,4.037189999999999945e-01,1.742049999999999987e-01,1.997059999999999946e-01,4.669600000000000140e-02,-6.418479999999999741e-01,-1.828180000000000083e-01,-4.307000000000000065e-03,2.762109999999999843e-01,-2.980800000000000116e-02,7.219799999999999829e-02,2.119499999999999856e-02,3.527159999999999740e-01,7.352410000000000334e-01,7.862440000000000540e-01,-4.888379999999999947e-01,2.762109999999999843e-01,6.077320000000000499e-01,3.017130000000000090e-01,-1.573170000000000124e-01,-5.398410000000000153e-01,-6.163459999999999495e-01,2.252079999999999915e-01,7.862440000000000540e-01,4.547229999999999883e-01,1.997059999999999946e-01,-4.307000000000000065e-03,3.017130000000000090e-01,-5.530999999999999805e-02,1.487030000000000018e-01,2.762109999999999843e-01,4.037189999999999945e-01,5.057260000000000089e-01,-1.318149999999999877e-01,-2.848249999999999948e-01,4.669600000000000140e-02,-4.307000000000000065e-03,1.487030000000000018e-01,2.762109999999999843e-01,1.487030000000000018e-01,1.232010000000000050e-01,-8.081199999999999495e-02,4.292210000000000192e-01,2.252079999999999915e-01,-2.980800000000000116e-02,2.252079999999999915e-01,2.762109999999999843e-01,-2.980800000000000116e-02,-2.848249999999999948e-01,4.669600000000000140e-02,4.292210000000000192e-01,-1.828180000000000083e-01,8.882499999999999840e-01,6.842369999999999841e-01,7.219799999999999829e-02,-2.593230000000000257e-01,-1.828180000000000083e-01,3.272140000000000049e-01,2.119499999999999856e-02,-3.358280000000000154e-01,4.292210000000000192e-01,6.587359999999999882e-01,3.272140000000000049e-01,-2.083200000000000052e-01,9.769999999999999518e-02,-4.307000000000000065e-03,-1.063130000000000047e-01,6.332339999999999636e-01,5.057260000000000089e-01,-1.534405000000000019e+00,-3.868309999999999804e-01,1.347280000000000033e+00,1.997059999999999946e-01,7.352410000000000334e-01,2.507099999999999884e-01,3.272140000000000049e-01,7.219799999999999829e-02,9.769999999999999518e-02,2.119499999999999856e-02,-4.307000000000000065e-03,4.802239999999999842e-01,1.487030000000000018e-01,-4.307000000000000065e-03,1.487030000000000018e-01,-1.573170000000000124e-01,-2.848249999999999948e-01,-3.103259999999999907e-01,4.802239999999999842e-01,6.332339999999999636e-01,9.769999999999999518e-02,1.487030000000000018e-01,4.292210000000000192e-01,4.669600000000000140e-02,-5.530999999999999805e-02,4.669600000000000140e-02,1.232010000000000050e-01,-1.063130000000000047e-01,6.077320000000000499e-01,4.802239999999999842e-01,1.487030000000000018e-01,1.487030000000000018e-01,2.252079999999999915e-01,1.232010000000000050e-01,5.822310000000000541e-01,-6.673489999999999700e-01,-4.888379999999999947e-01,-7.948570000000000357e-01,1.232010000000000050e-01,9.392540000000000333e-01,5.822310000000000541e-01,-2.848249999999999948e-01,7.607420000000000293e-01,1.066761999999999988e+00,8.882499999999999840e-01,1.997059999999999946e-01,-9.478670000000000151e-01,-7.438540000000000152e-01,1.487030000000000018e-01,5.567290000000000294e-01,3.017130000000000090e-01,9.769999999999999518e-02,1.997059999999999946e-01,1.997059999999999946e-01,-2.593230000000000257e-01,3.272140000000000049e-01,4.669600000000000140e-02,1.487030000000000018e-01,4.669600000000000140e-02,9.769999999999999518e-02,1.997059999999999946e-01,1.997059999999999946e-01,5.312280000000000335e-01,6.077320000000000499e-01,3.272140000000000049e-01,-5.398410000000000153e-01,-4.123330000000000051e-01,-4.307000000000000065e-03,9.392540000000000333e-01,6.332339999999999636e-01,-1.318149999999999877e-01,-1.318149999999999877e-01,-3.613299999999999845e-01,7.219799999999999829e-02,1.232010000000000050e-01,4.547229999999999883e-01,5.057260000000000089e-01,-4.307000000000000065e-03,-4.378349999999999742e-01,1.232010000000000050e-01,1.423785000000000078e+00,-4.378349999999999742e-01,-2.083200000000000052e-01,7.219799999999999829e-02,1.742049999999999987e-01,5.567290000000000294e-01,4.292210000000000192e-01,-3.358280000000000154e-01,-4.123330000000000051e-01,1.232010000000000050e-01,-1.318149999999999877e-01,2.762109999999999843e-01,6.077320000000000499e-01,7.097390000000000088e-01,-3.103259999999999907e-01,3.527159999999999740e-01,5.057260000000000089e-01,3.527159999999999740e-01,-9.733690000000000397e-01,9.769999999999999518e-02,2.252079999999999915e-01,5.567290000000000294e-01,6.332339999999999636e-01,4.802239999999999842e-01,-6.163459999999999495e-01,1.232010000000000050e-01,-8.081199999999999495e-02,-5.530999999999999805e-02,-1.828180000000000083e-01,4.037189999999999945e-01,6.587359999999999882e-01,4.547229999999999883e-01,2.762109999999999843e-01,-1.063130000000000047e-01,3.017130000000000090e-01,-4.307000000000000065e-03,-4.633360000000000256e-01,-1.828180000000000083e-01,7.219799999999999829e-02,-4.307000000000000065e-03,-4.307000000000000065e-03,7.862440000000000540e-01,9.137520000000000087e-01,6.077320000000000499e-01,-4.307000000000000065e-03,5.057260000000000089e-01,-7.948570000000000357e-01,-1.202884000000000064e+00,4.292210000000000192e-01,1.232010000000000050e-01,2.252079999999999915e-01,4.037189999999999945e-01,5.822310000000000541e-01,2.762109999999999843e-01,9.769999999999999518e-02,2.252079999999999915e-01,2.252079999999999915e-01,9.769999999999999518e-02,-3.103259999999999907e-01,9.769999999999999518e-02,5.057260000000000089e-01,3.017130000000000090e-01,-2.338210000000000011e-01,9.769999999999999518e-02,2.119499999999999856e-02,4.802239999999999842e-01,1.742049999999999987e-01,1.997059999999999946e-01,3.017130000000000090e-01,-8.081199999999999495e-02,-5.143389999999999906e-01,1.487030000000000018e-01,9.769999999999999518e-02,3.017130000000000090e-01,7.097390000000000088e-01,3.017130000000000090e-01,1.742049999999999987e-01,2.119499999999999856e-02,3.017130000000000090e-01,3.782179999999999986e-01,-2.083200000000000052e-01,-4.123330000000000051e-01,-2.083200000000000052e-01,5.312280000000000335e-01,5.057260000000000089e-01,-1.828180000000000083e-01,1.487030000000000018e-01,1.997059999999999946e-01,2.762109999999999843e-01,2.252079999999999915e-01,4.802239999999999842e-01,2.119499999999999856e-02,-3.358280000000000154e-01,6.077320000000000499e-01,1.997059999999999946e-01,7.219799999999999829e-02,1.997059999999999946e-01,-4.888379999999999947e-01,3.017130000000000090e-01,9.769999999999999518e-02,-4.307000000000000065e-03,-1.279387999999999970e+00,9.902570000000000539e-01,4.547229999999999883e-01,9.769999999999999518e-02,5.312280000000000335e-01,6.077320000000000499e-01,1.742049999999999987e-01,1.487030000000000018e-01,9.769999999999999518e-02,-8.081199999999999495e-02,-2.593230000000000257e-01,9.769999999999999518e-02,5.057260000000000089e-01,1.997059999999999946e-01,-1.573170000000000124e-01,6.077320000000000499e-01,-8.713619999999999699e-01,-2.083200000000000052e-01,7.219799999999999829e-02,7.097390000000000088e-01,7.862440000000000540e-01,-3.868309999999999804e-01,4.802239999999999842e-01,4.037189999999999945e-01,1.742049999999999987e-01,-1.063130000000000047e-01,-8.081199999999999495e-02,-3.358280000000000154e-01,3.017130000000000090e-01,7.097390000000000088e-01,7.352410000000000334e-01,1.997059999999999946e-01,-6.928509999999999946e-01,5.822310000000000541e-01,4.037189999999999945e-01,-6.418479999999999741e-01,-2.338210000000000011e-01,1.232010000000000050e-01,-2.338210000000000011e-01,4.292210000000000192e-01,9.137520000000000087e-01,6.332339999999999636e-01,-1.828180000000000083e-01,3.527159999999999740e-01,-4.378349999999999742e-01,-2.083200000000000052e-01,9.769999999999999518e-02,6.842369999999999841e-01,1.997059999999999946e-01,-5.530999999999999805e-02,3.782179999999999986e-01,2.762109999999999843e-01,3.527159999999999740e-01,1.232010000000000050e-01,-3.868309999999999804e-01,1.232010000000000050e-01,2.507099999999999884e-01,1.742049999999999987e-01,1.997059999999999946e-01,2.507099999999999884e-01,1.487030000000000018e-01,-1.573170000000000124e-01,2.252079999999999915e-01,6.077320000000000499e-01,-6.163459999999999495e-01,-5.653430000000000399e-01,2.507099999999999884e-01,1.232010000000000050e-01,7.352410000000000334e-01,3.017130000000000090e-01,8.117459999999999676e-01,8.627489999999999881e-01,1.742049999999999987e-01,-2.083200000000000052e-01,-3.358280000000000154e-01,-8.081199999999999495e-02,1.232010000000000050e-01,3.272140000000000049e-01,-1.573170000000000124e-01,-3.868309999999999804e-01,1.015759000000000079e+00,4.669600000000000140e-02,-1.318149999999999877e-01,5.057260000000000089e-01,-1.063130000000000047e-01,7.219799999999999829e-02,-2.083200000000000052e-01,2.762109999999999843e-01,4.292210000000000192e-01,4.037189999999999945e-01,6.587359999999999882e-01,7.219799999999999829e-02,7.219799999999999829e-02,1.997059999999999946e-01,-8.081199999999999495e-02,2.119499999999999856e-02,-2.083200000000000052e-01,-3.868309999999999804e-01,-1.573170000000000124e-01,3.782179999999999986e-01,6.077320000000000499e-01,1.232010000000000050e-01,6.332339999999999636e-01,6.332339999999999636e-01,-5.530999999999999805e-02,-3.868309999999999804e-01,9.769999999999999518e-02,4.669600000000000140e-02,9.769999999999999518e-02,-5.530999999999999805e-02,3.782179999999999986e-01,4.292210000000000192e-01,2.762109999999999843e-01,-5.530999999999999805e-02,2.252079999999999915e-01,-8.081199999999999495e-02,-3.358280000000000154e-01,1.487030000000000018e-01,1.041260000000000074e+00,-2.848249999999999948e-01,-3.103259999999999907e-01,5.057260000000000089e-01,2.507099999999999884e-01,1.232010000000000050e-01,3.527159999999999740e-01,8.372469999999999635e-01,2.252079999999999915e-01,-1.063130000000000047e-01,-2.848249999999999948e-01,7.219799999999999829e-02,-1.318149999999999877e-01,-4.307000000000000065e-03,1.742049999999999987e-01,6.332339999999999636e-01,-3.358280000000000154e-01,-7.948570000000000357e-01,-2.338210000000000011e-01,3.017130000000000090e-01,6.842369999999999841e-01,5.567290000000000294e-01,5.057260000000000089e-01,6.842369999999999841e-01,4.037189999999999945e-01,4.669600000000000140e-02,4.669600000000000140e-02,-1.318149999999999877e-01,-2.980800000000000116e-02,-3.103259999999999907e-01,-3.358280000000000154e-01,1.742049999999999987e-01,1.296276999999999902e+00,-2.980800000000000116e-02,-7.438540000000000152e-01,5.312280000000000335e-01,4.292210000000000192e-01,9.769999999999999518e-02,-4.307000000000000065e-03,-4.123330000000000051e-01,2.762109999999999843e-01,7.862440000000000540e-01,8.372469999999999635e-01,-8.081199999999999495e-02,1.997059999999999946e-01,1.232010000000000050e-01,1.232010000000000050e-01,-4.378349999999999742e-01,-1.661912999999999974e+00,6.587359999999999882e-01,9.137520000000000087e-01,4.292210000000000192e-01,2.252079999999999915e-01,6.587359999999999882e-01,4.292210000000000192e-01,-4.307000000000000065e-03,-4.888379999999999947e-01,3.272140000000000049e-01,4.547229999999999883e-01,-8.203589999999999494e-01,-3.868309999999999804e-01,-4.378349999999999742e-01,7.097390000000000088e-01,1.092262999999999984e+00,1.321777999999999897e+00,3.782179999999999986e-01,-6.928509999999999946e-01,-2.083200000000000052e-01,-4.123330000000000051e-01,-8.081199999999999495e-02,3.782179999999999986e-01,2.252079999999999915e-01,4.669600000000000140e-02,1.997059999999999946e-01,5.567290000000000294e-01,-3.868309999999999804e-01,3.782179999999999986e-01,-5.143389999999999906e-01,1.232010000000000050e-01,5.822310000000000541e-01,3.272140000000000049e-01,2.119499999999999856e-02,6.332339999999999636e-01,5.057260000000000089e-01,-3.103259999999999907e-01,2.762109999999999843e-01,1.487030000000000018e-01,-4.888379999999999947e-01,2.119499999999999856e-02,-2.338210000000000011e-01,4.292210000000000192e-01,-2.593230000000000257e-01,-8.081199999999999495e-02,2.507099999999999884e-01,3.272140000000000049e-01,2.762109999999999843e-01,8.372469999999999635e-01,1.321777999999999897e+00,1.997059999999999946e-01,-7.183530000000000193e-01,-1.049873999999999974e+00,1.997059999999999946e-01,2.252079999999999915e-01,2.762109999999999843e-01,3.527159999999999740e-01,4.292210000000000192e-01,-2.980800000000000116e-02,3.782179999999999986e-01,-8.081199999999999495e-02,-1.828180000000000083e-01,7.219799999999999829e-02,1.997059999999999946e-01,3.017130000000000090e-01,5.312280000000000335e-01,8.117459999999999676e-01,1.997059999999999946e-01,-8.081199999999999495e-02,2.119499999999999856e-02,-3.358280000000000154e-01,7.219799999999999829e-02,-2.338210000000000011e-01,-2.338210000000000011e-01,-4.307000000000000065e-03,7.607420000000000293e-01,9.647550000000000292e-01,4.802239999999999842e-01,5.057260000000000089e-01,-2.338210000000000011e-01,-5.908440000000000358e-01,4.037189999999999945e-01,2.252079999999999915e-01,-1.573170000000000124e-01,-8.081199999999999495e-02,7.219799999999999829e-02,9.769999999999999518e-02,1.232010000000000050e-01,2.762109999999999843e-01,3.782179999999999986e-01,-2.980800000000000116e-02,-2.083200000000000052e-01,5.312280000000000335e-01,-5.530999999999999805e-02,-6.163459999999999495e-01,4.292210000000000192e-01,8.372469999999999635e-01,-1.573170000000000124e-01,1.742049999999999987e-01,3.782179999999999986e-01,2.252079999999999915e-01,3.017130000000000090e-01,-1.318149999999999877e-01,4.037189999999999945e-01,3.782179999999999986e-01,-1.573170000000000124e-01,4.292210000000000192e-01,-4.123330000000000051e-01,-1.024372000000000060e+00,2.762109999999999843e-01,7.097390000000000088e-01,4.802239999999999842e-01
-9.733690000000000397e-01,5.567290000000000294e-01,7.352410000000000334e-01,7.097390000000000088e-01,1.398282999999999943e+00,-5.143389999999999906e-01,-1.151880000000000015e+00,6.842369999999999841e-01,9.392540000000000333e-01,1.245273000000000074e+00,-1.610910000000000064e+00,5.057260000000000089e-01,2.252079999999999915e-01,1.997059999999999946e-01,3.272140000000000049e-01,-8.968639999999999946e-01,1.857312000000000074e+00,1.423785000000000078e+00,-1.763919000000000015e+00,-2.503467000000000109e+00,4.669600000000000140e-02,1.551293000000000033e+00,1.347280000000000033e+00,1.015759000000000079e+00,7.219799999999999829e-02,-3.103259999999999907e-01,-6.163459999999999495e-01,4.802239999999999842e-01,-3.103259999999999907e-01,-2.338210000000000011e-01,9.902570000000000539e-01,4.037189999999999945e-01,-2.083200000000000052e-01,4.802239999999999842e-01,1.015759000000000079e+00,2.507099999999999884e-01,3.782179999999999986e-01,-1.279387999999999970e+00,-2.083200000000000052e-01,9.647550000000000292e-01,3.272140000000000049e-01,-9.733690000000000397e-01,-1.585407999999999928e+00,3.017130000000000090e-01,-1.063130000000000047e-01,3.272140000000000049e-01,1.780807999999999947e+00,1.959319000000000033e+00,1.627798000000000078e+00,-1.024372000000000060e+00,-1.508903000000000105e+00,2.762109999999999843e-01,2.507099999999999884e-01,4.802239999999999842e-01,-2.980800000000000116e-02,4.802239999999999842e-01,-4.888379999999999947e-01,-1.573170000000000124e-01,9.392540000000000333e-01,4.292210000000000192e-01,-3.868309999999999804e-01,-1.891428000000000109e+00,4.669600000000000140e-02,1.997059999999999946e-01,6.842369999999999841e-01,1.232010000000000050e-01,7.219799999999999829e-02,1.015759000000000079e+00,1.780807999999999947e+00,6.587359999999999882e-01,1.232010000000000050e-01,-1.318149999999999877e-01,-2.593230000000000257e-01,-1.828180000000000083e-01,-5.908440000000000358e-01,4.037189999999999945e-01,7.352410000000000334e-01,2.119499999999999856e-02,-7.948570000000000357e-01,-8.081199999999999495e-02,-1.318149999999999877e-01,9.647550000000000292e-01,-1.279387999999999970e+00,-1.406897000000000064e+00,1.398282999999999943e+00,1.296276999999999902e+00,1.908315999999999901e+00,-7.693560000000000398e-01,-8.081199999999999495e-02,-1.573170000000000124e-01,4.802239999999999842e-01,-4.307000000000000065e-03,-1.318149999999999877e-01,7.352410000000000334e-01,8.627489999999999881e-01,1.602295999999999943e+00,-2.248451000000000199e+00,-1.457899999999999974e+00,-7.948570000000000357e-01,6.077320000000000499e-01,9.647550000000000292e-01,3.782179999999999986e-01,6.587359999999999882e-01,1.092262999999999984e+00,1.270774999999999988e+00,-3.868309999999999804e-01,-1.891428000000000109e+00,2.252079999999999915e-01,-9.478670000000000151e-01,1.806308999999999942e+00,4.292210000000000192e-01,1.245273000000000074e+00,-4.888379999999999947e-01,-3.613299999999999845e-01,2.762109999999999843e-01,7.352410000000000334e-01,1.232010000000000050e-01,2.252079999999999915e-01,-5.398410000000000153e-01,1.997059999999999946e-01,-3.358280000000000154e-01,-1.318149999999999877e-01,2.507099999999999884e-01,-2.593230000000000257e-01,9.902570000000000539e-01,2.762109999999999843e-01,-3.358280000000000154e-01,9.392540000000000333e-01,-2.593230000000000257e-01,-5.143389999999999906e-01,-8.081199999999999495e-02,1.015759000000000079e+00,6.077320000000000499e-01,5.567290000000000294e-01,-8.203589999999999494e-01,1.066761999999999988e+00,-2.980800000000000116e-02,-1.814923000000000064e+00,-1.610910000000000064e+00,1.245273000000000074e+00,4.292210000000000192e-01,-8.081199999999999495e-02,7.352410000000000334e-01,5.057260000000000089e-01,5.312280000000000335e-01,1.015759000000000079e+00,4.292210000000000192e-01,4.037189999999999945e-01,-1.318149999999999877e-01,3.017130000000000090e-01,2.252079999999999915e-01,-1.063130000000000047e-01,-1.228385000000000060e+00,1.041260000000000074e+00,-2.083200000000000052e-01,1.997059999999999946e-01,3.017130000000000090e-01,4.037189999999999945e-01,2.252079999999999915e-01,3.782179999999999986e-01,-1.483402000000000109e+00,-5.653430000000000399e-01,1.245273000000000074e+00,9.392540000000000333e-01,7.352410000000000334e-01,-6.673489999999999700e-01,1.997059999999999946e-01,1.117764999999999898e+00,2.119499999999999856e-02,-8.203589999999999494e-01,7.219799999999999829e-02,1.041260000000000074e+00,5.057260000000000089e-01,-4.307000000000000065e-03,-2.980800000000000116e-02,-8.203589999999999494e-01,9.137520000000000087e-01,1.194269999999999943e+00,-6.418479999999999741e-01,-3.868309999999999804e-01,-1.828180000000000083e-01,2.119499999999999856e-02,5.312280000000000335e-01,1.997059999999999946e-01,5.822310000000000541e-01,3.272140000000000049e-01,-4.123330000000000051e-01,2.252079999999999915e-01,6.587359999999999882e-01,-2.593230000000000257e-01,-1.534405000000000019e+00,-5.653430000000000399e-01,8.627489999999999881e-01,1.143267000000000033e+00,7.607420000000000293e-01,9.392540000000000333e-01,9.902570000000000539e-01,-5.908440000000000358e-01,7.607420000000000293e-01,-3.613299999999999845e-01,-1.763919000000000015e+00,1.232010000000000050e-01,-2.980800000000000116e-02,-1.508903000000000105e+00,3.272140000000000049e-01,9.392540000000000333e-01,1.653299000000000074e+00,-6.163459999999999495e-01,7.097390000000000088e-01,1.729803999999999897e+00,8.627489999999999881e-01,-8.968639999999999946e-01,-1.063130000000000047e-01,8.372469999999999635e-01,3.527159999999999740e-01,-1.049873999999999974e+00,-1.828180000000000083e-01,2.119499999999999856e-02,-2.083200000000000052e-01,1.041260000000000074e+00,-8.081199999999999495e-02,-9.988700000000000356e-01,-4.123330000000000051e-01,1.245273000000000074e+00,8.627489999999999881e-01,1.232010000000000050e-01,6.077320000000000499e-01,-5.653430000000000399e-01,1.997059999999999946e-01,-1.573170000000000124e-01,-2.338210000000000011e-01,-9.223660000000000192e-01,6.587359999999999882e-01,1.525790999999999897e+00,1.066761999999999988e+00,-7.438540000000000152e-01,1.997059999999999946e-01,-8.081199999999999495e-02,1.551293000000000033e+00,4.547229999999999883e-01,-6.928509999999999946e-01,-4.633360000000000256e-01,5.312280000000000335e-01,-1.063130000000000047e-01,-5.908440000000000358e-01,-8.968639999999999946e-01,-2.593230000000000257e-01,4.037189999999999945e-01,1.143267000000000033e+00,8.627489999999999881e-01,5.822310000000000541e-01,3.017130000000000090e-01,-1.318149999999999877e-01,-2.338210000000000011e-01,4.547229999999999883e-01,1.997059999999999946e-01,1.742049999999999987e-01,-7.693560000000000398e-01,8.372469999999999635e-01,2.762109999999999843e-01,2.119499999999999856e-02,-5.143389999999999906e-01,1.487030000000000018e-01,5.057260000000000089e-01,1.219772000000000078e+00,1.041260000000000074e+00,-1.891428000000000109e+00,-6.418479999999999741e-01,-5.143389999999999906e-01,9.647550000000000292e-01,9.902570000000000539e-01,-8.081199999999999495e-02,5.567290000000000294e-01,9.769999999999999518e-02,-1.573170000000000124e-01,1.232010000000000050e-01,9.647550000000000292e-01,3.527159999999999740e-01,-6.163459999999999495e-01,-1.789420999999999928e+00,6.332339999999999636e-01,6.077320000000000499e-01,6.332339999999999636e-01,2.762109999999999843e-01,6.077320000000000499e-01,1.857312000000000074e+00,9.647550000000000292e-01,-2.579972000000000154e+00,-2.146443999999999797e+00,3.017130000000000090e-01,5.822310000000000541e-01,5.822310000000000541e-01,7.097390000000000088e-01,1.015759000000000079e+00,7.862440000000000540e-01,9.769999999999999518e-02,-1.573170000000000124e-01,1.232010000000000050e-01,2.252079999999999915e-01,-2.593230000000000257e-01,1.487030000000000018e-01,-5.398410000000000153e-01,-2.848249999999999948e-01,8.117459999999999676e-01,-1.789420999999999928e+00,6.077320000000000499e-01,1.245273000000000074e+00,8.372469999999999635e-01,-4.378349999999999742e-01,-1.318149999999999877e-01,9.769999999999999518e-02,-5.530999999999999805e-02,-1.126379000000000019e+00,5.822310000000000541e-01,1.398282999999999943e+00,5.057260000000000089e-01,3.272140000000000049e-01,4.547229999999999883e-01,2.252079999999999915e-01,2.762109999999999843e-01,-5.398410000000000153e-01,1.232010000000000050e-01,-7.693560000000000398e-01,-3.613299999999999845e-01,1.143267000000000033e+00,-6.163459999999999495e-01,-1.049873999999999974e+00,4.292210000000000192e-01,3.272140000000000049e-01,6.077320000000000499e-01,3.017130000000000090e-01,1.270774999999999988e+00,9.392540000000000333e-01,-1.573170000000000124e-01,-6.928509999999999946e-01,-7.948570000000000357e-01,5.057260000000000089e-01,6.842369999999999841e-01,-1.318149999999999877e-01,9.769999999999999518e-02,-1.318149999999999877e-01,4.037189999999999945e-01,4.292210000000000192e-01,-1.828180000000000083e-01,-6.163459999999999495e-01,-1.151880000000000015e+00,1.194269999999999943e+00,1.015759000000000079e+00,1.742049999999999987e-01,6.332339999999999636e-01,2.762109999999999843e-01,-3.868309999999999804e-01,-4.307000000000000065e-03,4.292210000000000192e-01,-2.083200000000000052e-01,9.769999999999999518e-02,1.997059999999999946e-01,-1.573170000000000124e-01,-2.083200000000000052e-01,7.352410000000000334e-01,-5.143389999999999906e-01,-3.103259999999999907e-01,-1.202884000000000064e+00,8.882499999999999840e-01,4.037189999999999945e-01,3.272140000000000049e-01,-2.848249999999999948e-01,1.678800999999999988e+00,9.902570000000000539e-01,-1.151880000000000015e+00,-2.338210000000000011e-01,-4.378349999999999742e-01,4.802239999999999842e-01,1.831811000000000078e+00,1.487030000000000018e-01,9.769999999999999518e-02,2.252079999999999915e-01,-2.083200000000000052e-01,-7.183530000000000193e-01,4.037189999999999945e-01,2.119499999999999856e-02,-7.948570000000000357e-01,-6.673489999999999700e-01,1.092262999999999984e+00,7.097390000000000088e-01,-8.081199999999999495e-02,-3.358280000000000154e-01,-8.081199999999999495e-02,-1.559906000000000015e+00,1.806308999999999942e+00,-2.083200000000000052e-01,1.487030000000000018e-01,9.137520000000000087e-01,1.321777999999999897e+00,5.822310000000000541e-01,6.842369999999999841e-01,2.762109999999999843e-01,-1.993433999999999928e+00,-2.083200000000000052e-01,-5.143389999999999906e-01,7.862440000000000540e-01,6.077320000000000499e-01,9.769999999999999518e-02,-1.406897000000000064e+00,8.882499999999999840e-01,4.802239999999999842e-01,-5.530999999999999805e-02,-5.143389999999999906e-01,-2.083200000000000052e-01,7.352410000000000334e-01,6.332339999999999636e-01,1.525790999999999897e+00,2.762109999999999843e-01,-2.299453999999999887e+00,6.332339999999999636e-01,1.347280000000000033e+00,9.769999999999999518e-02,-2.980800000000000116e-02,1.487030000000000018e-01,-1.573170000000000124e-01,-1.063130000000000047e-01,-8.081199999999999495e-02,5.822310000000000541e-01,7.219799999999999829e-02,-8.081199999999999495e-02,-1.828180000000000083e-01,7.352410000000000334e-01,9.769999999999999518e-02,2.507099999999999884e-01,6.077320000000000499e-01,1.997059999999999946e-01,-4.888379999999999947e-01,4.292210000000000192e-01,-6.163459999999999495e-01,7.607420000000000293e-01,5.312280000000000335e-01,-1.075374999999999970e+00,1.117764999999999898e+00,9.647550000000000292e-01,-9.733690000000000397e-01,1.487030000000000018e-01,9.647550000000000292e-01,-6.673489999999999700e-01,-6.928509999999999946e-01,-1.063130000000000047e-01,1.194269999999999943e+00,7.862440000000000540e-01,2.762109999999999843e-01,-1.318149999999999877e-01,-8.713619999999999699e-01,4.802239999999999842e-01,5.822310000000000541e-01,1.143267000000000033e+00,1.219772000000000078e+00,-1.304890000000000105e+00,-1.381394999999999929e+00,-4.123330000000000051e-01,1.041260000000000074e+00,3.527159999999999740e-01,-2.980800000000000116e-02,3.527159999999999740e-01,3.272140000000000049e-01,4.669600000000000140e-02,5.312280000000000335e-01,4.292210000000000192e-01,6.332339999999999636e-01,3.272140000000000049e-01,-6.163459999999999495e-01,-1.228385000000000060e+00,-2.593230000000000257e-01,7.862440000000000540e-01,1.245273000000000074e+00,-2.083200000000000052e-01,1.232010000000000050e-01,-4.307000000000000065e-03,-3.613299999999999845e-01,7.607420000000000293e-01,1.831811000000000078e+00,-2.248451000000000199e+00,-4.084567999999999977e+00,1.296276999999999902e+00,2.061326000000000214e+00,1.780807999999999947e+00,1.168768000000000029e+00,2.119499999999999856e-02,4.292210000000000192e-01,-2.980800000000000116e-02,-2.848249999999999948e-01,-9.733690000000000397e-01,-4.633360000000000256e-01,4.802239999999999842e-01,3.527159999999999740e-01,-2.848249999999999948e-01,4.669600000000000140e-02,2.507099999999999884e-01,1.117764999999999898e+00,9.137520000000000087e-01,-7.438540000000000152e-01,-5.530999999999999805e-02,7.219799999999999829e-02,7.607420000000000293e-01,-2.083200000000000052e-01,-6.418479999999999741e-01,3.527159999999999740e-01,4.292210000000000192e-01,9.769999999999999518e-02,-8.081199999999999495e-02,5.057260000000000089e-01,8.882499999999999840e-01,1.742049999999999987e-01,4.802239999999999842e-01,-1.318149999999999877e-01,3.782179999999999986e-01,-1.075374999999999970e+00,4.547229999999999883e-01,-3.613299999999999845e-01,-4.123330000000000051e-01,3.272140000000000049e-01,4.547229999999999883e-01,6.842369999999999841e-01,1.997059999999999946e-01,-2.980800000000000116e-02,-1.126379000000000019e+00,9.769999999999999518e-02,1.219772000000000078e+00,1.270774999999999988e+00,-4.123330000000000051e-01,-2.848249999999999948e-01,4.802239999999999842e-01,4.547229999999999883e-01,-3.868309999999999804e-01,-4.888379999999999947e-01,-2.848249999999999948e-01,8.372469999999999635e-01,5.822310000000000541e-01,2.252079999999999915e-01,-4.633360000000000256e-01,-8.203589999999999494e-01,5.567290000000000294e-01,3.782179999999999986e-01,6.077320000000000499e-01,1.449286000000000074e+00,2.252079999999999915e-01,5.057260000000000089e-01,-6.163459999999999495e-01,-3.868309999999999804e-01,-3.613299999999999845e-01,-5.530999999999999805e-02,2.252079999999999915e-01,1.487030000000000018e-01,9.769999999999999518e-02,1.143267000000000033e+00,4.669600000000000140e-02,-1.100877000000000105e+00,8.882499999999999840e-01,6.077320000000000499e-01,9.902570000000000539e-01,2.252079999999999915e-01,-2.083200000000000052e-01,-4.378349999999999742e-01,-5.908440000000000358e-01,8.372469999999999635e-01,5.822310000000000541e-01,-5.653430000000000399e-01,5.822310000000000541e-01,1.742049999999999987e-01,-2.083200000000000052e-01,-6.163459999999999495e-01,-3.868309999999999804e-01,2.507099999999999884e-01,2.119499999999999856e-02,6.077320000000000499e-01,9.902570000000000539e-01,-5.653430000000000399e-01,6.842369999999999841e-01,5.567290000000000294e-01,1.742049999999999987e-01,4.802239999999999842e-01,1.487030000000000018e-01,4.037189999999999945e-01,3.272140000000000049e-01,-1.049873999999999974e+00,-9.223660000000000192e-01,3.272140000000000049e-01,9.647550000000000292e-01,2.119499999999999856e-02,3.272140000000000049e-01,5.312280000000000335e-01,1.015759000000000079e+00,-1.712916000000000105e+00,-5.530999999999999805e-02,-4.307000000000000065e-03,1.742049999999999987e-01,-8.968639999999999946e-01,4.802239999999999842e-01,1.143267000000000033e+00,6.842369999999999841e-01,2.252079999999999915e-01,9.769999999999999518e-02,-1.318149999999999877e-01,1.997059999999999946e-01,1.041260000000000074e+00,2.762109999999999843e-01,-8.458609999999999740e-01,-1.063130000000000047e-01,4.292210000000000192e-01,-7.948570000000000357e-01,2.252079999999999915e-01,2.252079999999999915e-01,3.272140000000000049e-01,1.487030000000000018e-01,-2.338210000000000011e-01,-7.948570000000000357e-01,4.547229999999999883e-01,1.117764999999999898e+00,-1.318149999999999877e-01,1.487030000000000018e-01,8.372469999999999635e-01,2.507099999999999884e-01,-5.530999999999999805e-02,-4.307000000000000065e-03,3.017130000000000090e-01,4.037189999999999945e-01,1.232010000000000050e-01,4.292210000000000192e-01,-2.083200000000000052e-01,-1.151880000000000015e+00,-1.049873999999999974e+00,9.647550000000000292e-01,7.097390000000000088e-01,3.782179999999999986e-01,1.232010000000000050e-01,6.332339999999999636e-01,-2.593230000000000257e-01,-1.828180000000000083e-01,-5.398410000000000153e-01,4.802239999999999842e-01,1.525790999999999897e+00,5.312280000000000335e-01,-1.840424000000000060e+00,4.292210000000000192e-01,4.037189999999999945e-01,2.252079999999999915e-01,1.742049999999999987e-01,2.762109999999999843e-01,3.272140000000000049e-01,-6.673489999999999700e-01,7.219799999999999829e-02,-1.049873999999999974e+00,1.066761999999999988e+00,7.352410000000000334e-01,-3.358280000000000154e-01,1.487030000000000018e-01,4.547229999999999883e-01,3.272140000000000049e-01,8.117459999999999676e-01,3.527159999999999740e-01,5.312280000000000335e-01,2.252079999999999915e-01,-8.081199999999999495e-02,-5.653430000000000399e-01,-4.123330000000000051e-01,-1.318149999999999877e-01,-2.980800000000000116e-02,6.587359999999999882e-01,-1.573170000000000124e-01,9.137520000000000087e-01,-4.633360000000000256e-01,4.669600000000000140e-02,1.015759000000000079e+00,6.587359999999999882e-01,-6.418479999999999741e-01,8.117459999999999676e-01,2.507099999999999884e-01,7.219799999999999829e-02,-6.673489999999999700e-01,-8.458609999999999740e-01,-2.593230000000000257e-01,3.782179999999999986e-01,6.077320000000000499e-01,4.669600000000000140e-02,6.587359999999999882e-01,1.551293000000000033e+00,1.194269999999999943e+00,-1.355893000000000015e+00,-1.253886999999999974e+00,-2.848249999999999948e-01,4.037189999999999945e-01,9.392540000000000333e-01,1.117764999999999898e+00,4.292210000000000192e-01,-2.980800000000000116e-02,-2.980800000000000116e-02,-8.713619999999999699e-01,-1.828180000000000083e-01,2.252079999999999915e-01,7.352410000000000334e-01,3.272140000000000049e-01,-3.868309999999999804e-01,7.219799999999999829e-02,3.272140000000000049e-01,4.547229999999999883e-01,-1.151880000000000015e+00,4.547229999999999883e-01,5.567290000000000294e-01,-6.163459999999999495e-01,8.372469999999999635e-01,4.802239999999999842e-01,3.782179999999999986e-01,1.742049999999999987e-01,-1.063130000000000047e-01,-5.398410000000000153e-01,1.296276999999999902e+00,7.352410000000000334e-01,9.769999999999999518e-02,-8.968639999999999946e-01,-4.888379999999999947e-01,4.547229999999999883e-01,4.292210000000000192e-01,1.997059999999999946e-01,3.017130000000000090e-01,9.769999999999999518e-02,2.119499999999999856e-02,2.762109999999999843e-01,2.119499999999999856e-02,7.219799999999999829e-02,-3.103259999999999907e-01,9.769999999999999518e-02,1.143267000000000033e+00,7.352410000000000334e-01,-1.406897000000000064e+00,-8.968639999999999946e-01,6.332339999999999636e-01,1.551293000000000033e+00,1.270774999999999988e+00,2.119499999999999856e-02,-2.980800000000000116e-02,-8.081199999999999495e-02,-4.307000000000000065e-03,-8.968639999999999946e-01,-8.081199999999999495e-02,8.372469999999999635e-01,5.822310000000000541e-01,-8.081199999999999495e-02,2.119499999999999856e-02,-4.307000000000000065e-03,-6.163459999999999495e-01,9.769999999999999518e-02,-2.083200000000000052e-01,-2.338210000000000011e-01,5.567290000000000294e-01,1.194269999999999943e+00,3.527159999999999740e-01,5.567290000000000294e-01,5.567290000000000294e-01,1.232010000000000050e-01,1.232010000000000050e-01,-3.613299999999999845e-01,-1.318149999999999877e-01,7.607420000000000293e-01,-5.530999999999999805e-02,-2.503467000000000109e+00,-8.203589999999999494e-01,1.232010000000000050e-01,2.239837000000000078e+00,1.704302999999999901e+00,-2.980800000000000116e-02,-3.613299999999999845e-01,-6.418479999999999741e-01,5.567290000000000294e-01,6.842369999999999841e-01,4.802239999999999842e-01,-8.081199999999999495e-02,4.292210000000000192e-01,1.041260000000000074e+00,9.769999999999999518e-02,-8.081199999999999495e-02,-3.613299999999999845e-01,1.997059999999999946e-01,-5.143389999999999906e-01,-1.381394999999999929e+00,1.500289999999999901e+00,5.822310000000000541e-01,-2.120941999999999883e+00,8.372469999999999635e-01,7.097390000000000088e-01,1.372781000000000029e+00,5.822310000000000541e-01,3.017130000000000090e-01,-8.203589999999999494e-01,8.117459999999999676e-01,7.097390000000000088e-01,-3.868309999999999804e-01,1.997059999999999946e-01,-2.338210000000000011e-01,-6.418479999999999741e-01,7.097390000000000088e-01,4.802239999999999842e-01,7.219799999999999829e-02,3.017130000000000090e-01,-3.358280000000000154e-01,-1.100877000000000105e+00,5.312280000000000335e-01,4.802239999999999842e-01,-2.848249999999999948e-01,6.587359999999999882e-01,7.607420000000000293e-01,7.352410000000000334e-01,-2.848249999999999948e-01,-2.083200000000000052e-01,5.057260000000000089e-01,1.742049999999999987e-01,-8.203589999999999494e-01,-2.338210000000000011e-01,6.077320000000000499e-01,-6.163459999999999495e-01,8.882499999999999840e-01,1.232010000000000050e-01,5.057260000000000089e-01,7.862440000000000540e-01,-2.338210000000000011e-01,8.882499999999999840e-01,2.507099999999999884e-01,-4.378349999999999742e-01,1.232010000000000050e-01,-1.304890000000000105e+00,-5.530999999999999805e-02,1.270774999999999988e+00,2.762109999999999843e-01,-4.378349999999999742e-01,-1.063130000000000047e-01,-1.202884000000000064e+00,5.057260000000000089e-01,-4.307000000000000065e-03,1.806308999999999942e+00,1.117764999999999898e+00,5.312280000000000335e-01,-3.358280000000000154e-01,-8.968639999999999946e-01,1.232010000000000050e-01,4.292210000000000192e-01,3.272140000000000049e-01,1.487030000000000018e-01,1.742049999999999987e-01,1.232010000000000050e-01,2.252079999999999915e-01,2.762109999999999843e-01,1.997059999999999946e-01,-3.103259999999999907e-01,-2.338210000000000011e-01,-2.083200000000000052e-01,1.487030000000000018e-01,8.117459999999999676e-01,2.762109999999999843e-01,4.669600000000000140e-02,6.332339999999999636e-01,1.168768000000000029e+00,-6.928509999999999946e-01,-9.988700000000000356e-01,-1.789420999999999928e+00,-1.828180000000000083e-01,3.782179999999999986e-01,1.474787999999999988e+00,1.908315999999999901e+00,1.627798000000000078e+00,7.219799999999999829e-02,-2.848249999999999948e-01,3.272140000000000049e-01,-7.183530000000000193e-01,-1.381394999999999929e+00,-3.358280000000000154e-01,2.507099999999999884e-01,6.332339999999999636e-01,1.487030000000000018e-01,5.312280000000000335e-01,-2.980800000000000116e-02,-2.848249999999999948e-01,4.547229999999999883e-01,8.627489999999999881e-01,5.312280000000000335e-01,-1.828180000000000083e-01,2.119499999999999856e-02,-2.848249999999999948e-01,3.527159999999999740e-01,7.219799999999999829e-02,9.769999999999999518e-02,-5.398410000000000153e-01,2.252079999999999915e-01,8.372469999999999635e-01,2.507099999999999884e-01,-5.143389999999999906e-01,4.802239999999999842e-01,2.762109999999999843e-01,4.669600000000000140e-02,6.077320000000000499e-01,4.292210000000000192e-01,-1.228385000000000060e+00,9.392540000000000333e-01,-4.888379999999999947e-01,2.762109999999999843e-01,4.669600000000000140e-02,9.392540000000000333e-01,1.168768000000000029e+00,4.292210000000000192e-01,-6.673489999999999700e-01,-2.593230000000000257e-01,1.997059999999999946e-01,9.769999999999999518e-02,2.119499999999999856e-02,4.292210000000000192e-01,2.507099999999999884e-01,-3.613299999999999845e-01,2.252079999999999915e-01,8.372469999999999635e-01,1.015759000000000079e+00,-8.713619999999999699e-01,-5.398410000000000153e-01,-1.573170000000000124e-01,2.252079999999999915e-01,2.252079999999999915e-01,-2.146443999999999797e+00,1.041260000000000074e+00,1.500289999999999901e+00,9.902570000000000539e-01,-6.418479999999999741e-01,2.252079999999999915e-01,-2.338210000000000011e-01,7.862440000000000540e-01,5.822310000000000541e-01,2.507099999999999884e-01,-1.828180000000000083e-01,5.057260000000000089e-01,3.527159999999999740e-01,-2.083200000000000052e-01,-2.338210000000000011e-01,-1.828180000000000083e-01,-5.143389999999999906e-01,1.997059999999999946e-01,2.252079999999999915e-01,4.669600000000000140e-02,1.997059999999999946e-01,2.119499999999999856e-02,-7.183530000000000193e-01,7.352410000000000334e-01,9.392540000000000333e-01,7.097390000000000088e-01,-8.458609999999999740e-01,-2.593230000000000257e-01,5.057260000000000089e-01,3.782179999999999986e-01,-4.633360000000000256e-01,5.312280000000000335e-01,1.015759000000000079e+00,1.321777999999999897e+00,1.245273000000000074e+00,-2.936995000000000022e+00,3.272140000000000049e-01,-1.942431000000000019e+00,1.487030000000000018e-01,1.474787999999999988e+00,1.398282999999999943e+00,5.567290000000000294e-01,-7.438540000000000152e-01,2.762109999999999843e-01,5.822310000000000541e-01,3.527159999999999740e-01,4.669600000000000140e-02,2.507099999999999884e-01,-2.338210000000000011e-01,-4.123330000000000051e-01,-2.083200000000000052e-01,-3.868309999999999804e-01,-8.081199999999999495e-02,9.769999999999999518e-02,-6.673489999999999700e-01,1.041260000000000074e+00,1.729803999999999897e+00,7.607420000000000293e-01,-6.163459999999999495e-01,-1.304890000000000105e+00,7.352410000000000334e-01,-8.081199999999999495e-02,9.392540000000000333e-01,2.507099999999999884e-01,4.292210000000000192e-01,-1.661912999999999974e+00,5.057260000000000089e-01,1.551293000000000033e+00,3.017130000000000090e-01,-4.888379999999999947e-01,7.862440000000000540e-01,-5.398410000000000153e-01,5.567290000000000294e-01,-1.177381999999999929e+00,-8.458609999999999740e-01,5.822310000000000541e-01,7.352410000000000334e-01,7.097390000000000088e-01,-2.593230000000000257e-01,3.782179999999999986e-01,-4.307000000000000065e-03,4.547229999999999883e-01,1.997059999999999946e-01,5.822310000000000541e-01,4.802239999999999842e-01,9.137520000000000087e-01,3.272140000000000049e-01,-1.636411000000000060e+00,-5.398410000000000153e-01,-4.307000000000000065e-03,3.782179999999999986e-01,4.037189999999999945e-01,1.423785000000000078e+00,7.607420000000000293e-01,-1.075374999999999970e+00,-2.338210000000000011e-01,7.607420000000000293e-01,9.902570000000000539e-01,-2.338210000000000011e-01,-1.304890000000000105e+00,-6.163459999999999495e-01,4.802239999999999842e-01,1.117764999999999898e+00,9.647550000000000292e-01,7.219799999999999829e-02,-4.123330000000000051e-01,-9.223660000000000192e-01,4.669600000000000140e-02,1.066761999999999988e+00,5.312280000000000335e-01,1.015759000000000079e+00,4.669600000000000140e-02,-1.355893000000000015e+00,-8.081199999999999495e-02,-5.143389999999999906e-01,8.117459999999999676e-01,1.015759000000000079e+00,9.902570000000000539e-01,4.669600000000000140e-02,-5.908440000000000358e-01,-6.418479999999999741e-01,-1.828180000000000083e-01,5.312280000000000335e-01,4.037189999999999945e-01,-8.081199999999999495e-02,7.097390000000000088e-01,5.822310000000000541e-01,4.037189999999999945e-01,-9.733690000000000397e-01,-1.304890000000000105e+00,8.372469999999999635e-01,4.292210000000000192e-01,-5.530999999999999805e-02,9.769999999999999518e-02,2.507099999999999884e-01,2.507099999999999884e-01,3.527159999999999740e-01,-4.633360000000000256e-01,4.669600000000000140e-02,3.017130000000000090e-01,-2.083200000000000052e-01,1.066761999999999988e+00,-4.307000000000000065e-03,-2.338210000000000011e-01,1.997059999999999946e-01,-8.968639999999999946e-01,9.392540000000000333e-01,8.882499999999999840e-01,-8.081199999999999495e-02,-1.432398000000000060e+00,-9.223660000000000192e-01,8.372469999999999635e-01,1.398282999999999943e+00,7.607420000000000293e-01,3.782179999999999986e-01,-1.202884000000000064e+00,4.037189999999999945e-01,4.802239999999999842e-01,6.587359999999999882e-01,6.587359999999999882e-01,9.769999999999999518e-02,-5.143389999999999906e-01,-6.418479999999999741e-01,-3.358280000000000154e-01,3.272140000000000049e-01,-8.081199999999999495e-02,7.607420000000000293e-01,4.547229999999999883e-01,-8.203589999999999494e-01,2.119499999999999856e-02,9.392540000000000333e-01,-6.928509999999999946e-01,3.782179999999999986e-01,4.547229999999999883e-01,1.270774999999999988e+00,1.015759000000000079e+00,4.037189999999999945e-01,-4.888379999999999947e-01,-7.693560000000000398e-01,6.077320000000000499e-01,6.842369999999999841e-01,-1.381394999999999929e+00,-3.613299999999999845e-01,2.119499999999999856e-02,5.822310000000000541e-01,4.292210000000000192e-01,8.372469999999999635e-01,1.704302999999999901e+00,-3.868309999999999804e-01,-3.345021000000000022e+00,-1.828180000000000083e-01,1.270774999999999988e+00,1.168768000000000029e+00,5.057260000000000089e-01,1.015759000000000079e+00,3.017130000000000090e-01,-6.928509999999999946e-01,1.232010000000000050e-01,-1.789420999999999928e+00,5.312280000000000335e-01,1.525790999999999897e+00,2.762109999999999843e-01,2.119499999999999856e-02,3.272140000000000049e-01,-4.307000000000000065e-03,-1.075374999999999970e+00,8.882499999999999840e-01,1.194269999999999943e+00,-9.223660000000000192e-01,-3.868309999999999804e-01,7.219799999999999829e-02,6.842369999999999841e-01,1.742049999999999987e-01,3.527159999999999740e-01,3.272140000000000049e-01,5.057260000000000089e-01,-2.083200000000000052e-01,9.769999999999999518e-02,7.219799999999999829e-02,1.232010000000000050e-01,-5.143389999999999906e-01,6.077320000000000499e-01,2.119499999999999856e-02,-6.163459999999999495e-01,5.822310000000000541e-01,4.802239999999999842e-01,9.769999999999999518e-02,-1.063130000000000047e-01,4.802239999999999842e-01,-2.083200000000000052e-01,1.232010000000000050e-01,-1.318149999999999877e-01,9.137520000000000087e-01,5.312280000000000335e-01,2.252079999999999915e-01,-3.358280000000000154e-01,4.669600000000000140e-02,-8.203589999999999494e-01,2.252079999999999915e-01,6.842369999999999841e-01,-1.202884000000000064e+00,-7.183530000000000193e-01,1.092262999999999984e+00,9.392540000000000333e-01,4.037189999999999945e-01,1.117764999999999898e+00,4.547229999999999883e-01,-3.358280000000000154e-01,-4.123330000000000051e-01,-8.081199999999999495e-02,-2.593230000000000257e-01,3.782179999999999986e-01,-5.143389999999999906e-01,-8.713619999999999699e-01,8.627489999999999881e-01,5.567290000000000294e-01,6.077320000000000499e-01,7.607420000000000293e-01,6.077320000000000499e-01,2.119499999999999856e-02,2.507099999999999884e-01,-6.928509999999999946e-01,-2.338210000000000011e-01,-1.573170000000000124e-01,2.252079999999999915e-01,4.292210000000000192e-01,8.372469999999999635e-01,-8.081199999999999495e-02,-7.438540000000000152e-01,9.902570000000000539e-01,3.527159999999999740e-01,-1.318149999999999877e-01,-7.948570000000000357e-01,6.842369999999999841e-01,4.037189999999999945e-01,-7.693560000000000398e-01,2.119499999999999856e-02,1.066761999999999988e+00,9.137520000000000087e-01,1.742049999999999987e-01,-2.338210000000000011e-01,-2.338210000000000011e-01,9.769999999999999518e-02,1.742049999999999987e-01,7.862440000000000540e-01,1.997059999999999946e-01,-1.177381999999999929e+00,-3.103259999999999907e-01,1.487030000000000018e-01,5.312280000000000335e-01,1.143267000000000033e+00,3.782179999999999986e-01,-4.378349999999999742e-01,-1.406897000000000064e+00,1.742049999999999987e-01,9.902570000000000539e-01,1.168768000000000029e+00,-3.103259999999999907e-01,-2.848249999999999948e-01,4.669600000000000140e-02,-2.593230000000000257e-01,-1.573170000000000124e-01,4.547229999999999883e-01,8.117459999999999676e-01,9.137520000000000087e-01,9.392540000000000333e-01,-8.081199999999999495e-02,-2.083200000000000052e-01,-3.613299999999999845e-01,-2.338210000000000011e-01,7.219799999999999829e-02,-4.307000000000000065e-03,-7.948570000000000357e-01,6.587359999999999882e-01,1.232010000000000050e-01,4.037189999999999945e-01,-1.063130000000000047e-01,-3.358280000000000154e-01,1.372781000000000029e+00,8.882499999999999840e-01,-8.458609999999999740e-01,-2.338210000000000011e-01,4.292210000000000192e-01,-3.868309999999999804e-01,8.117459999999999676e-01,6.842369999999999841e-01,5.057260000000000089e-01,-3.868309999999999804e-01,4.669600000000000140e-02,4.669600000000000140e-02,-4.307000000000000065e-03,-1.318149999999999877e-01,9.769999999999999518e-02,3.272140000000000049e-01,1.742049999999999987e-01,1.997059999999999946e-01,-3.103259999999999907e-01,3.272140000000000049e-01,-2.338210000000000011e-01,2.507099999999999884e-01,2.507099999999999884e-01,-4.307000000000000065e-03,-5.530999999999999805e-02,5.057260000000000089e-01,1.857312000000000074e+00,7.352410000000000334e-01,2.507099999999999884e-01,-2.146443999999999797e+00,-9.988700000000000356e-01,2.252079999999999915e-01,7.097390000000000088e-01,3.527159999999999740e-01,6.842369999999999841e-01,9.769999999999999518e-02,5.567290000000000294e-01,-5.530999999999999805e-02,5.312280000000000335e-01,4.292210000000000192e-01,-8.458609999999999740e-01,-3.868309999999999804e-01,9.647550000000000292e-01,8.117459999999999676e-01,2.119499999999999856e-02,-3.868309999999999804e-01,4.037189999999999945e-01,2.252079999999999915e-01,3.272140000000000049e-01,-1.318149999999999877e-01,-5.143389999999999906e-01,-1.432398000000000060e+00,9.392540000000000333e-01,4.037189999999999945e-01,7.862440000000000540e-01,8.372469999999999635e-01,4.547229999999999883e-01,3.527159999999999740e-01,-3.358280000000000154e-01,-2.083200000000000052e-01,-1.559906000000000015e+00,1.997059999999999946e-01,7.352410000000000334e-01,7.219799999999999829e-02,3.527159999999999740e-01,5.822310000000000541e-01,4.669600000000000140e-02,8.627489999999999881e-01,3.527159999999999740e-01,-4.307000000000000065e-03,-4.123330000000000051e-01,-3.358280000000000154e-01,1.232010000000000050e-01,-1.063130000000000047e-01,2.507099999999999884e-01,5.057260000000000089e-01,5.822310000000000541e-01,-3.358280000000000154e-01,1.997059999999999946e-01,5.822310000000000541e-01,-9.478670000000000151e-01,-7.693560000000000398e-01,8.882499999999999840e-01,7.607420000000000293e-01,4.037189999999999945e-01,9.769999999999999518e-02,1.232010000000000050e-01,8.117459999999999676e-01,-3.613299999999999845e-01,-6.673489999999999700e-01,7.219799999999999829e-02,1.742049999999999987e-01,5.057260000000000089e-01,1.487030000000000018e-01,2.119499999999999856e-02,4.292210000000000192e-01,8.882499999999999840e-01,9.769999999999999518e-02,-1.828180000000000083e-01,3.782179999999999986e-01,2.252079999999999915e-01,-1.318149999999999877e-01,-1.828180000000000083e-01,-3.613299999999999845e-01,1.742049999999999987e-01,1.015759000000000079e+00,5.822310000000000541e-01,-2.980800000000000116e-02,9.769999999999999518e-02,-3.613299999999999845e-01,2.762109999999999843e-01,1.487030000000000018e-01,-6.163459999999999495e-01,2.252079999999999915e-01,2.119499999999999856e-02,3.527159999999999740e-01,1.066761999999999988e+00,-8.968639999999999946e-01,9.137520000000000087e-01,-4.123330000000000051e-01,1.092262999999999984e+00,4.669600000000000140e-02,-7.183530000000000193e-01,4.292210000000000192e-01,9.137520000000000087e-01,7.097390000000000088e-01,1.232010000000000050e-01,-1.828180000000000083e-01,6.332339999999999636e-01,-1.508903000000000105e+00,2.119499999999999856e-02,7.862440000000000540e-01,5.822310000000000541e-01,4.802239999999999842e-01,-1.228385000000000060e+00,3.782179999999999986e-01,7.352410000000000334e-01,-2.095441000000000109e+00,3.272140000000000049e-01,1.041260000000000074e+00,9.647550000000000292e-01,1.232010000000000050e-01,3.272140000000000049e-01,1.487030000000000018e-01,7.352410000000000334e-01,1.997059999999999946e-01,2.252079999999999915e-01,-1.063130000000000047e-01,2.507099999999999884e-01,-8.968639999999999946e-01,-1.828180000000000083e-01,1.997059999999999946e-01,-1.318149999999999877e-01,1.015759000000000079e+00,6.077320000000000499e-01,-5.908440000000000358e-01,2.119499999999999856e-02,7.219799999999999829e-02,5.312280000000000335e-01,1.117764999999999898e+00,-5.530999999999999805e-02,-1.763919000000000015e+00,3.527159999999999740e-01,6.332339999999999636e-01,8.372469999999999635e-01,4.547229999999999883e-01,1.015759000000000079e+00,1.232010000000000050e-01,-1.049873999999999974e+00,-4.378349999999999742e-01,1.487030000000000018e-01,-2.083200000000000052e-01,1.997059999999999946e-01,8.372469999999999635e-01,4.802239999999999842e-01,4.547229999999999883e-01,-2.083200000000000052e-01,1.997059999999999946e-01,4.547229999999999883e-01,1.997059999999999946e-01,-4.307000000000000065e-03,-1.228385000000000060e+00,-1.828180000000000083e-01,3.272140000000000049e-01,1.232010000000000050e-01,7.097390000000000088e-01,6.077320000000000499e-01,4.802239999999999842e-01,5.057260000000000089e-01,-4.888379999999999947e-01,-1.381394999999999929e+00,-4.307000000000000065e-03,2.507099999999999884e-01,1.232010000000000050e-01,1.015759000000000079e+00,1.551293000000000033e+00,-4.378349999999999742e-01,2.762109999999999843e-01,-5.653430000000000399e-01,-1.318149999999999877e-01,3.272140000000000049e-01,9.769999999999999518e-02,-1.063130000000000047e-01,3.272140000000000049e-01,3.017130000000000090e-01,2.119499999999999856e-02,1.232010000000000050e-01,3.527159999999999740e-01,2.252079999999999915e-01,-8.968639999999999946e-01,1.232010000000000050e-01,8.882499999999999840e-01,5.822310000000000541e-01,-7.948570000000000357e-01,-2.980800000000000116e-02,2.762109999999999843e-01,9.647550000000000292e-01,7.352410000000000334e-01,-1.828180000000000083e-01,-4.633360000000000256e-01,1.041260000000000074e+00,-3.103259999999999907e-01,-1.661912999999999974e+00,8.882499999999999840e-01,-4.307000000000000065e-03,-1.024372000000000060e+00,7.862440000000000540e-01,7.862440000000000540e-01,4.037189999999999945e-01,4.292210000000000192e-01,7.352410000000000334e-01,1.997059999999999946e-01,-8.081199999999999495e-02,2.119499999999999856e-02,-3.103259999999999907e-01,-1.318149999999999877e-01,2.507099999999999884e-01,-1.063130000000000047e-01,4.037189999999999945e-01,-8.458609999999999740e-01,2.762109999999999843e-01,9.769999999999999518e-02,1.015759000000000079e+00,3.527159999999999740e-01,2.762109999999999843e-01,-4.307000000000000065e-03,-4.378349999999999742e-01,-3.613299999999999845e-01,8.627489999999999881e-01,4.547229999999999883e-01,-5.530999999999999805e-02,3.782179999999999986e-01,-2.593230000000000257e-01,8.117459999999999676e-01,-8.081199999999999495e-02,-8.081199999999999495e-02,2.507099999999999884e-01,3.527159999999999740e-01,1.232010000000000050e-01,-1.100877000000000105e+00,-2.083200000000000052e-01,9.769999999999999518e-02,9.769999999999999518e-02,4.292210000000000192e-01,4.802239999999999842e-01,3.527159999999999740e-01,8.882499999999999840e-01,6.587359999999999882e-01,-4.307000000000000065e-03,1.232010000000000050e-01,1.232010000000000050e-01,-1.100877000000000105e+00,-4.307000000000000065e-03,3.782179999999999986e-01,1.194269999999999943e+00,-8.081199999999999495e-02,4.292210000000000192e-01,1.997059999999999946e-01,-2.083200000000000052e-01,1.232010000000000050e-01,-5.908440000000000358e-01,-8.081199999999999495e-02,1.066761999999999988e+00,9.902570000000000539e-01,-8.203589999999999494e-01,-8.081199999999999495e-02,-1.573170000000000124e-01,-4.633360000000000256e-01,1.041260000000000074e+00,9.902570000000000539e-01,-7.693560000000000398e-01,1.232010000000000050e-01,6.332339999999999636e-01,1.066761999999999988e+00,-2.848249999999999948e-01,-2.848249999999999948e-01,8.117459999999999676e-01,8.627489999999999881e-01,7.607420000000000293e-01,-1.126379000000000019e+00,-1.432398000000000060e+00,-6.928509999999999946e-01,1.997059999999999946e-01,4.037189999999999945e-01,8.372469999999999635e-01,6.077320000000000499e-01,4.037189999999999945e-01,5.822310000000000541e-01,7.097390000000000088e-01,-1.318149999999999877e-01,-1.355893000000000015e+00,-7.948570000000000357e-01,3.272140000000000049e-01,1.041260000000000074e+00,1.551293000000000033e+00,1.041260000000000074e+00,-4.378349999999999742e-01,-5.398410000000000153e-01,-6.418479999999999741e-01,-1.828180000000000083e-01,3.527159999999999740e-01,2.507099999999999884e-01,5.312280000000000335e-01,8.882499999999999840e-01,-6.418479999999999741e-01,7.219799999999999829e-02,3.272140000000000049e-01,2.507099999999999884e-01,2.119499999999999856e-02,-1.063130000000000047e-01,7.352410000000000334e-01,-4.307000000000000065e-03,7.219799999999999829e-02,6.077320000000000499e-01,1.194269999999999943e+00,-9.478670000000000151e-01,4.669600000000000140e-02,-6.418479999999999741e-01,-1.828180000000000083e-01,2.762109999999999843e-01,8.117459999999999676e-01,5.567290000000000294e-01,9.137520000000000087e-01,-5.908440000000000358e-01,-1.063130000000000047e-01,-1.406897000000000064e+00,7.862440000000000540e-01,1.117764999999999898e+00,-4.307000000000000065e-03,2.119499999999999856e-02,2.762109999999999843e-01,1.742049999999999987e-01,-1.828180000000000083e-01,4.802239999999999842e-01,-4.123330000000000051e-01,1.232010000000000050e-01,4.802239999999999842e-01,5.312280000000000335e-01,4.037189999999999945e-01,-9.223660000000000192e-01,4.669600000000000140e-02,5.822310000000000541e-01,-5.398410000000000153e-01,-1.063130000000000047e-01,-2.980800000000000116e-02,1.194269999999999943e+00,1.347280000000000033e+00,-4.378349999999999742e-01,-1.318149999999999877e-01,6.077320000000000499e-01,3.782179999999999986e-01,-2.980800000000000116e-02,-8.081199999999999495e-02,-5.143389999999999906e-01,7.219799999999999829e-02,2.762109999999999843e-01,3.782179999999999986e-01,5.567290000000000294e-01,2.119499999999999856e-02,-8.968639999999999946e-01,5.312280000000000335e-01,1.143267000000000033e+00,-8.968639999999999946e-01,-7.183530000000000193e-01,4.547229999999999883e-01,6.587359999999999882e-01,3.782179999999999986e-01,2.252079999999999915e-01,3.272140000000000049e-01,5.312280000000000335e-01,1.487030000000000018e-01,-9.478670000000000151e-01,2.119499999999999856e-02,6.332339999999999636e-01,1.487030000000000018e-01,2.507099999999999884e-01,-5.398410000000000153e-01,6.077320000000000499e-01,1.347280000000000033e+00,-6.163459999999999495e-01,-6.418479999999999741e-01,-9.478670000000000151e-01,5.822310000000000541e-01,5.312280000000000335e-01,4.802239999999999842e-01,4.292210000000000192e-01,4.802239999999999842e-01,7.862440000000000540e-01,-8.081199999999999495e-02,-1.573170000000000124e-01,-7.438540000000000152e-01,-2.083200000000000052e-01,-2.593230000000000257e-01,3.017130000000000090e-01,1.232010000000000050e-01,5.567290000000000294e-01,1.041260000000000074e+00,1.168768000000000029e+00,-5.398410000000000153e-01,-1.100877000000000105e+00,-3.868309999999999804e-01,7.352410000000000334e-01,1.347280000000000033e+00,-4.123330000000000051e-01,-1.763919000000000015e+00,9.902570000000000539e-01,1.168768000000000029e+00,4.547229999999999883e-01,2.762109999999999843e-01,7.219799999999999829e-02,-4.307000000000000065e-03,-4.888379999999999947e-01,-2.980800000000000116e-02,2.762109999999999843e-01,2.762109999999999843e-01,5.822310000000000541e-01,-5.530999999999999805e-02,-9.478670000000000151e-01,6.332339999999999636e-01,5.057260000000000089e-01,3.017130000000000090e-01,-8.081199999999999495e-02,5.822310000000000541e-01,-3.358280000000000154e-01,1.487030000000000018e-01,2.252079999999999915e-01,1.270774999999999988e+00,1.882813999999999988e+00,-1.075374999999999970e+00,-8.968639999999999946e-01,-1.063130000000000047e-01,-3.358280000000000154e-01,-4.307000000000000065e-03,1.742049999999999987e-01,3.272140000000000049e-01,3.017130000000000090e-01,1.245273000000000074e+00,7.607420000000000293e-01,3.017130000000000090e-01,-9.223660000000000192e-01,-1.573170000000000124e-01,2.252079999999999915e-01,-4.633360000000000256e-01,7.097390000000000088e-01,1.232010000000000050e-01,1.997059999999999946e-01,4.802239999999999842e-01,-2.980800000000000116e-02,4.669600000000000140e-02,-3.358280000000000154e-01,1.487030000000000018e-01,3.017130000000000090e-01,-6.163459999999999495e-01,5.567290000000000294e-01,6.077320000000000499e-01,5.057260000000000089e-01,7.219799999999999829e-02,7.219799999999999829e-02,6.842369999999999841e-01,8.372469999999999635e-01,-5.143389999999999906e-01,-1.126379000000000019e+00,4.292210000000000192e-01,7.607420000000000293e-01,-3.613299999999999845e-01,-1.202884000000000064e+00,2.252079999999999915e-01,5.567290000000000294e-01,3.527159999999999740e-01,6.842369999999999841e-01,6.587359999999999882e-01,-4.888379999999999947e-01,4.669600000000000140e-02,2.252079999999999915e-01,1.742049999999999987e-01,-1.318149999999999877e-01,8.117459999999999676e-01,1.296276999999999902e+00,-1.406897000000000064e+00,-5.398410000000000153e-01,3.782179999999999986e-01,9.137520000000000087e-01,5.822310000000000541e-01,1.997059999999999946e-01,1.232010000000000050e-01,-2.980800000000000116e-02,9.769999999999999518e-02,7.219799999999999829e-02,-2.338210000000000011e-01,-4.307000000000000065e-03,-2.848249999999999948e-01,3.272140000000000049e-01,7.352410000000000334e-01,-2.848249999999999948e-01,3.782179999999999986e-01,2.507099999999999884e-01,7.352410000000000334e-01,7.862440000000000540e-01,-1.355893000000000015e+00,5.057260000000000089e-01,1.487030000000000018e-01,4.669600000000000140e-02,-2.980800000000000116e-02,4.037189999999999945e-01,-4.307000000000000065e-03,-2.593230000000000257e-01,3.527159999999999740e-01,5.057260000000000089e-01,6.587359999999999882e-01,5.057260000000000089e-01,2.762109999999999843e-01,-1.049873999999999974e+00,-5.143389999999999906e-01,4.802239999999999842e-01,8.117459999999999676e-01,8.372469999999999635e-01,-2.083200000000000052e-01,-7.438540000000000152e-01,9.769999999999999518e-02,1.015759000000000079e+00,-1.024372000000000060e+00,-2.593230000000000257e-01,4.547229999999999883e-01,1.168768000000000029e+00,7.352410000000000334e-01,1.742049999999999987e-01,-1.828180000000000083e-01,-4.307000000000000065e-03,7.352410000000000334e-01,-5.530999999999999805e-02,-2.593230000000000257e-01,2.119499999999999856e-02,1.487030000000000018e-01,-2.848249999999999948e-01,7.097390000000000088e-01,9.647550000000000292e-01,-7.183530000000000193e-01,-7.948570000000000357e-01,9.137520000000000087e-01,-8.081199999999999495e-02,-5.143389999999999906e-01,6.332339999999999636e-01,1.092262999999999984e+00,9.902570000000000539e-01,4.669600000000000140e-02,-9.988700000000000356e-01,2.119499999999999856e-02,4.547229999999999883e-01,-4.307000000000000065e-03,4.292210000000000192e-01,7.219799999999999829e-02,3.272140000000000049e-01,-4.307000000000000065e-03,-2.593230000000000257e-01,4.292210000000000192e-01,3.782179999999999986e-01,-5.398410000000000153e-01,4.037189999999999945e-01,2.762109999999999843e-01,2.762109999999999843e-01,3.272140000000000049e-01,9.392540000000000333e-01,-1.457899999999999974e+00,-1.202884000000000064e+00,6.077320000000000499e-01,9.137520000000000087e-01,1.143267000000000033e+00,1.194269999999999943e+00,9.769999999999999518e-02,-9.223660000000000192e-01,-4.307000000000000065e-03,-4.888379999999999947e-01,2.119499999999999856e-02,-2.980800000000000116e-02,5.312280000000000335e-01,5.567290000000000294e-01,5.312280000000000335e-01,2.507099999999999884e-01,-2.848249999999999948e-01,-4.123330000000000051e-01,-1.828180000000000083e-01,4.547229999999999883e-01,1.997059999999999946e-01,2.762109999999999843e-01,2.252079999999999915e-01,6.077320000000000499e-01,2.252079999999999915e-01,-4.307000000000000065e-03,-4.633360000000000256e-01,6.077320000000000499e-01,-5.530999999999999805e-02,-5.143389999999999906e-01,-3.613299999999999845e-01,3.782179999999999986e-01,6.077320000000000499e-01,4.669600000000000140e-02,1.219772000000000078e+00,2.119499999999999856e-02,-8.081199999999999495e-02,1.742049999999999987e-01,9.769999999999999518e-02,2.762109999999999843e-01,4.669600000000000140e-02,1.997059999999999946e-01,-4.307000000000000065e-03,-2.593230000000000257e-01,-4.307000000000000065e-03,5.567290000000000294e-01,6.587359999999999882e-01,-1.573170000000000124e-01,2.119499999999999856e-02,3.272140000000000049e-01,-2.848249999999999948e-01,6.587359999999999882e-01,-9.478670000000000151e-01,-4.307000000000000065e-03,-5.908440000000000358e-01,8.117459999999999676e-01,8.372469999999999635e-01,6.077320000000000499e-01,7.219799999999999829e-02,6.077320000000000499e-01,-3.613299999999999845e-01,-6.163459999999999495e-01,1.232010000000000050e-01,7.862440000000000540e-01,1.474787999999999988e+00,-1.573170000000000124e-01,-2.083200000000000052e-01,3.527159999999999740e-01,2.762109999999999843e-01,2.252079999999999915e-01,-1.063130000000000047e-01,-2.593230000000000257e-01,-1.063130000000000047e-01,1.997059999999999946e-01,1.997059999999999946e-01,-1.318149999999999877e-01,4.669600000000000140e-02,3.527159999999999740e-01,6.587359999999999882e-01,-2.848249999999999948e-01,-2.848249999999999948e-01,-5.398410000000000153e-01,1.143267000000000033e+00,1.729803999999999897e+00,1.232010000000000050e-01,-2.980800000000000116e-02,-1.712916000000000105e+00,3.272140000000000049e-01,2.252079999999999915e-01,3.782179999999999986e-01,3.017130000000000090e-01,4.802239999999999842e-01,3.272140000000000049e-01,-4.123330000000000051e-01,-2.083200000000000052e-01,3.017130000000000090e-01,1.997059999999999946e-01,2.252079999999999915e-01,2.119499999999999856e-02,4.669600000000000140e-02,7.219799999999999829e-02,1.232010000000000050e-01,8.882499999999999840e-01,5.312280000000000335e-01,3.782179999999999986e-01,-1.712916000000000105e+00,-8.203589999999999494e-01,6.332339999999999636e-01,1.997059999999999946e-01,4.292210000000000192e-01,9.647550000000000292e-01,-6.673489999999999700e-01,3.272140000000000049e-01,7.352410000000000334e-01,1.997059999999999946e-01,-6.163459999999999495e-01,8.627489999999999881e-01,2.762109999999999843e-01,7.219799999999999829e-02,-8.081199999999999495e-02,-3.103259999999999907e-01,-8.081199999999999495e-02,5.312280000000000335e-01,5.312280000000000335e-01,2.119499999999999856e-02,-2.083200000000000052e-01,4.669600000000000140e-02,5.567290000000000294e-01,5.312280000000000335e-01,-2.338210000000000011e-01,-1.100877000000000105e+00,-7.693560000000000398e-01,4.292210000000000192e-01,1.194269999999999943e+00,6.332339999999999636e-01,1.219772000000000078e+00,1.092262999999999984e+00,-8.458609999999999740e-01,-1.432398000000000060e+00,-2.593230000000000257e-01,2.252079999999999915e-01,2.252079999999999915e-01,1.296276999999999902e+00,-2.848249999999999948e-01,3.017130000000000090e-01,2.762109999999999843e-01,-1.318149999999999877e-01,-2.083200000000000052e-01,-1.318149999999999877e-01,2.119499999999999856e-02,1.742049999999999987e-01,1.997059999999999946e-01,2.252079999999999915e-01,5.822310000000000541e-01,4.802239999999999842e-01,-1.828180000000000083e-01,-5.143389999999999906e-01,2.762109999999999843e-01,9.769999999999999518e-02,-4.888379999999999947e-01,3.272140000000000049e-01,5.057260000000000089e-01,5.057260000000000089e-01,2.762109999999999843e-01,-5.398410000000000153e-01,3.017130000000000090e-01,1.232010000000000050e-01,1.487030000000000018e-01,5.057260000000000089e-01,5.567290000000000294e-01,-4.378349999999999742e-01,-4.307000000000000065e-03,-7.438540000000000152e-01,-2.338210000000000011e-01,-1.828180000000000083e-01,1.525790999999999897e+00,7.862440000000000540e-01,-1.177381999999999929e+00,6.332339999999999636e-01,2.507099999999999884e-01,1.997059999999999946e-01,4.292210000000000192e-01,3.782179999999999986e-01,1.487030000000000018e-01,-2.593230000000000257e-01,2.252079999999999915e-01,2.119499999999999856e-02,2.762109999999999843e-01,1.232010000000000050e-01,1.487030000000000018e-01,2.119499999999999856e-02,4.669600000000000140e-02,-2.848249999999999948e-01,-5.530999999999999805e-02,4.037189999999999945e-01,7.352410000000000334e-01,2.762109999999999843e-01,3.017130000000000090e-01,9.769999999999999518e-02,-2.083200000000000052e-01,-1.916929000000000105e+00,-2.593230000000000257e-01,1.092262999999999984e+00,1.474787999999999988e+00,6.842369999999999841e-01,6.332339999999999636e-01,3.527159999999999740e-01,-7.948570000000000357e-01,-1.573170000000000124e-01,8.627489999999999881e-01,-2.980800000000000116e-02,1.232010000000000050e-01,4.037189999999999945e-01,-2.338210000000000011e-01,1.232010000000000050e-01,-4.307000000000000065e-03,-6.163459999999999495e-01,-2.980800000000000116e-02,9.769999999999999518e-02,3.272140000000000049e-01,2.252079999999999915e-01,4.802239999999999842e-01,1.092262999999999984e+00,9.137520000000000087e-01,-1.318149999999999877e-01,-2.980800000000000116e-02,-4.307000000000000065e-03,-1.177381999999999929e+00,-8.081199999999999495e-02,3.782179999999999986e-01,-7.438540000000000152e-01,8.372469999999999635e-01,4.802239999999999842e-01,6.077320000000000499e-01,7.097390000000000088e-01,4.802239999999999842e-01,4.037189999999999945e-01,4.669600000000000140e-02,1.487030000000000018e-01,-1.687415000000000109e+00,2.119499999999999856e-02,6.077320000000000499e-01,7.219799999999999829e-02,1.232010000000000050e-01,6.587359999999999882e-01,7.097390000000000088e-01,3.017130000000000090e-01,3.782179999999999986e-01,-8.081199999999999495e-02,-7.948570000000000357e-01,-1.891428000000000109e+00,8.372469999999999635e-01,1.066761999999999988e+00,5.312280000000000335e-01,1.742049999999999987e-01,1.092262999999999984e+00,7.219799999999999829e-02,-5.908440000000000358e-01,-7.183530000000000193e-01,5.057260000000000089e-01,-3.613299999999999845e-01,5.312280000000000335e-01,5.822310000000000541e-01,7.352410000000000334e-01,2.507099999999999884e-01,-1.063130000000000047e-01,-1.508903000000000105e+00,7.219799999999999829e-02,8.627489999999999881e-01,4.037189999999999945e-01,6.077320000000000499e-01,4.292210000000000192e-01,1.232010000000000050e-01,1.742049999999999987e-01,-3.358280000000000154e-01,-2.083200000000000052e-01,-1.151880000000000015e+00,9.769999999999999518e-02,6.587359999999999882e-01,5.312280000000000335e-01,5.057260000000000089e-01,5.057260000000000089e-01,4.547229999999999883e-01,2.119499999999999856e-02,-4.307000000000000065e-03,6.077320000000000499e-01,-1.573170000000000124e-01,1.997059999999999946e-01,-3.103259999999999907e-01,1.487030000000000018e-01,-1.318149999999999877e-01,-2.980800000000000116e-02,3.527159999999999740e-01,-4.633360000000000256e-01,-3.868309999999999804e-01,1.219772000000000078e+00,1.857312000000000074e+00,8.627489999999999881e-01,-1.100877000000000105e+00,-6.163459999999999495e-01,-3.613299999999999845e-01,2.119499999999999856e-02,-2.083200000000000052e-01,8.627489999999999881e-01,5.312280000000000335e-01,-8.081199999999999495e-02,4.547229999999999883e-01,4.292210000000000192e-01,3.272140000000000049e-01,5.822310000000000541e-01,-7.438540000000000152e-01,-3.103259999999999907e-01,7.607420000000000293e-01,-1.828180000000000083e-01,-7.183530000000000193e-01,4.802239999999999842e-01,3.782179999999999986e-01,-1.318149999999999877e-01,-5.530999999999999805e-02,2.762109999999999843e-01,2.252079999999999915e-01,1.232010000000000050e-01,9.902570000000000539e-01,-4.378349999999999742e-01,-3.358280000000000154e-01,-1.126379000000000019e+00,7.352410000000000334e-01,9.392540000000000333e-01,8.882499999999999840e-01,9.392540000000000333e-01,6.332339999999999636e-01,-1.126379000000000019e+00,-6.418479999999999741e-01,-2.593230000000000257e-01,3.527159999999999740e-01,2.119499999999999856e-02,8.372469999999999635e-01,4.669600000000000140e-02,-5.143389999999999906e-01,4.802239999999999842e-01,7.097390000000000088e-01,2.762109999999999843e-01,4.802239999999999842e-01,5.822310000000000541e-01,1.742049999999999987e-01,-6.163459999999999495e-01,-3.103259999999999907e-01,2.252079999999999915e-01,3.272140000000000049e-01,1.232010000000000050e-01,2.507099999999999884e-01,3.017130000000000090e-01,3.272140000000000049e-01,9.769999999999999518e-02,2.762109999999999843e-01,4.037189999999999945e-01,1.551293000000000033e+00,-8.968639999999999946e-01,-2.579972000000000154e+00,-3.868309999999999804e-01,1.449286000000000074e+00,8.627489999999999881e-01,-2.980800000000000116e-02,-2.083200000000000052e-01,1.653299000000000074e+00,1.143267000000000033e+00,-4.633360000000000256e-01,5.057260000000000089e-01,2.252079999999999915e-01,-2.980800000000000116e-02,-2.980800000000000116e-02,2.119499999999999856e-02,-1.318149999999999877e-01,-1.828180000000000083e-01,-8.081199999999999495e-02,9.769999999999999518e-02,1.232010000000000050e-01,1.232010000000000050e-01,-4.307000000000000065e-03,4.669600000000000140e-02,7.219799999999999829e-02,-2.980800000000000116e-02,1.245273000000000074e+00,1.500289999999999901e+00,-2.848249999999999948e-01,-7.438540000000000152e-01,-8.081199999999999495e-02,4.292210000000000192e-01,3.527159999999999740e-01,-2.848249999999999948e-01,-1.100877000000000105e+00,5.822310000000000541e-01,3.527159999999999740e-01,5.312280000000000335e-01,7.862440000000000540e-01,-6.418479999999999741e-01,7.862440000000000540e-01,6.077320000000000499e-01,2.252079999999999915e-01,2.252079999999999915e-01,4.669600000000000140e-02,-5.530999999999999805e-02,-2.593230000000000257e-01,-2.593230000000000257e-01,9.769999999999999518e-02,9.769999999999999518e-02,-1.318149999999999877e-01,-2.980800000000000116e-02,-2.980800000000000116e-02,1.232010000000000050e-01,-7.693560000000000398e-01,5.567290000000000294e-01,1.780807999999999947e+00,1.168768000000000029e+00,3.272140000000000049e-01,-1.828180000000000083e-01,-1.075374999999999970e+00,-5.653430000000000399e-01,5.567290000000000294e-01,3.527159999999999740e-01,-3.613299999999999845e-01,4.547229999999999883e-01,5.822310000000000541e-01,9.392540000000000333e-01,3.782179999999999986e-01,2.119499999999999856e-02,2.119499999999999856e-02,-2.980800000000000116e-02,-1.228385000000000060e+00,-2.338210000000000011e-01,5.822310000000000541e-01,7.607420000000000293e-01,-2.593230000000000257e-01,2.119499999999999856e-02,7.607420000000000293e-01,5.567290000000000294e-01,-2.083200000000000052e-01,-3.358280000000000154e-01,-2.083200000000000052e-01,-4.307000000000000065e-03,3.782179999999999986e-01,1.742049999999999987e-01,2.762109999999999843e-01,5.312280000000000335e-01,7.097390000000000088e-01,4.802239999999999842e-01,-3.103259999999999907e-01,-3.103259999999999907e-01,-8.081199999999999495e-02,-5.653430000000000399e-01,2.252079999999999915e-01,-2.593230000000000257e-01,4.292210000000000192e-01,5.567290000000000294e-01,4.669600000000000140e-02,6.332339999999999636e-01,2.507099999999999884e-01,7.862440000000000540e-01,7.219799999999999829e-02,-8.203589999999999494e-01,-3.868309999999999804e-01,4.669600000000000140e-02,1.551293000000000033e+00,7.607420000000000293e-01,-1.024372000000000060e+00,-4.633360000000000256e-01,-2.848249999999999948e-01,5.567290000000000294e-01,2.507099999999999884e-01,1.653299000000000074e+00,-2.083200000000000052e-01,-9.988700000000000356e-01,-1.318149999999999877e-01,7.607420000000000293e-01,2.762109999999999843e-01,6.332339999999999636e-01,2.119499999999999856e-02,-1.406897000000000064e+00,8.882499999999999840e-01,6.077320000000000499e-01,-2.593230000000000257e-01,-1.828180000000000083e-01,8.372469999999999635e-01,2.762109999999999843e-01,5.312280000000000335e-01,-3.868309999999999804e-01,-6.418479999999999741e-01,9.392540000000000333e-01,5.567290000000000294e-01,1.117764999999999898e+00,-8.713619999999999699e-01,-2.834988000000000063e+00,1.015759000000000079e+00,1.296276999999999902e+00,6.842369999999999841e-01,6.332339999999999636e-01,8.882499999999999840e-01,3.527159999999999740e-01,-2.980800000000000116e-02,-7.948570000000000357e-01,-8.203589999999999494e-01,6.332339999999999636e-01,1.232010000000000050e-01,-1.063130000000000047e-01,1.997059999999999946e-01,9.769999999999999518e-02,7.352410000000000334e-01,-4.307000000000000065e-03,4.292210000000000192e-01,-1.063130000000000047e-01,-7.948570000000000357e-01,9.769999999999999518e-02,9.137520000000000087e-01,9.769999999999999518e-02,7.097390000000000088e-01,3.782179999999999986e-01,2.119499999999999856e-02,3.017130000000000090e-01,6.332339999999999636e-01,-2.593230000000000257e-01,-8.713619999999999699e-01,1.487030000000000018e-01,-5.398410000000000153e-01,5.312280000000000335e-01,3.527159999999999740e-01,6.332339999999999636e-01,-1.828180000000000083e-01,-5.908440000000000358e-01,7.607420000000000293e-01,7.862440000000000540e-01,-1.318149999999999877e-01,-1.075374999999999970e+00,6.077320000000000499e-01,1.997059999999999946e-01,6.077320000000000499e-01,7.607420000000000293e-01,-4.888379999999999947e-01,-8.081199999999999495e-02,1.168768000000000029e+00,5.312280000000000335e-01,-1.573170000000000124e-01,3.017130000000000090e-01,-2.848249999999999948e-01,-1.916929000000000105e+00,4.547229999999999883e-01,8.882499999999999840e-01,1.321777999999999897e+00,3.017130000000000090e-01,-1.573170000000000124e-01,-8.968639999999999946e-01,1.997059999999999946e-01,3.272140000000000049e-01,4.669600000000000140e-02,-1.828180000000000083e-01,7.862440000000000540e-01,3.527159999999999740e-01,7.352410000000000334e-01,-4.123330000000000051e-01,-9.223660000000000192e-01,-3.868309999999999804e-01,5.822310000000000541e-01,4.292210000000000192e-01,2.507099999999999884e-01,6.077320000000000499e-01,6.842369999999999841e-01,4.292210000000000192e-01,-1.573170000000000124e-01,-1.828180000000000083e-01,-1.318149999999999877e-01,5.312280000000000335e-01,-2.593230000000000257e-01,1.487030000000000018e-01,-2.980800000000000116e-02,3.527159999999999740e-01,-1.828180000000000083e-01,-3.358280000000000154e-01,1.500289999999999901e+00,5.312280000000000335e-01,-9.478670000000000151e-01,3.272140000000000049e-01,5.822310000000000541e-01,-4.307000000000000065e-03,-5.398410000000000153e-01,3.782179999999999986e-01,-4.307000000000000065e-03,9.769999999999999518e-02,7.862440000000000540e-01,8.117459999999999676e-01,4.802239999999999842e-01,2.119499999999999856e-02,1.487030000000000018e-01,-3.103259999999999907e-01,1.742049999999999987e-01,-4.123330000000000051e-01,3.272140000000000049e-01,4.292210000000000192e-01,9.769999999999999518e-02,-8.081199999999999495e-02,2.119499999999999856e-02,1.997059999999999946e-01,-4.378349999999999742e-01,7.352410000000000334e-01,1.194269999999999943e+00,5.567290000000000294e-01,-3.319519000000000108e+00,-9.223660000000000192e-01,8.372469999999999635e-01,1.449286000000000074e+00,2.469352000000000213e+00,1.117764999999999898e+00,-9.223660000000000192e-01,-4.123330000000000051e-01,3.527159999999999740e-01,2.252079999999999915e-01,1.232010000000000050e-01,-5.530999999999999805e-02,-5.530999999999999805e-02,-2.338210000000000011e-01,-5.143389999999999906e-01,-3.103259999999999907e-01,5.822310000000000541e-01,3.782179999999999986e-01,-5.530999999999999805e-02,7.097390000000000088e-01,5.822310000000000541e-01,-3.868309999999999804e-01,9.769999999999999518e-02,-1.573170000000000124e-01,5.822310000000000541e-01,4.547229999999999883e-01,-5.908440000000000358e-01,-6.673489999999999700e-01,-5.653430000000000399e-01,9.137520000000000087e-01,1.321777999999999897e+00,7.352410000000000334e-01,-7.438540000000000152e-01,1.232010000000000050e-01,-8.458609999999999740e-01,8.372469999999999635e-01,8.627489999999999881e-01,1.066761999999999988e+00,5.567290000000000294e-01,-3.613299999999999845e-01,4.037189999999999945e-01,1.232010000000000050e-01,-3.868309999999999804e-01,-5.143389999999999906e-01,-3.103259999999999907e-01,1.997059999999999946e-01,4.669600000000000140e-02,7.219799999999999829e-02,-1.828180000000000083e-01,5.822310000000000541e-01,7.352410000000000334e-01,2.507099999999999884e-01,9.647550000000000292e-01,5.312280000000000335e-01,-9.478670000000000151e-01,-2.593230000000000257e-01,-2.338210000000000011e-01,-1.508903000000000105e+00,7.862440000000000540e-01,1.576794999999999947e+00,8.372469999999999635e-01,2.762109999999999843e-01,-4.888379999999999947e-01,-5.143389999999999906e-01,-1.828180000000000083e-01,9.647550000000000292e-01,-2.848249999999999948e-01,-5.908440000000000358e-01,8.627489999999999881e-01,8.882499999999999840e-01,6.842369999999999841e-01,-4.123330000000000051e-01,-1.573170000000000124e-01,-8.081199999999999495e-02,2.252079999999999915e-01,2.252079999999999915e-01,2.252079999999999915e-01,1.487030000000000018e-01,9.769999999999999518e-02,3.527159999999999740e-01,-2.980800000000000116e-02,-1.534405000000000019e+00,6.587359999999999882e-01,3.017130000000000090e-01,-1.075374999999999970e+00,5.312280000000000335e-01,1.347280000000000033e+00,-8.081199999999999495e-02,5.312280000000000335e-01,1.092262999999999984e+00,1.742049999999999987e-01,-2.980800000000000116e-02,-4.307000000000000065e-03,-2.848249999999999948e-01,2.252079999999999915e-01,-3.103259999999999907e-01,-1.828180000000000083e-01,1.997059999999999946e-01,7.219799999999999829e-02,3.782179999999999986e-01,9.137520000000000087e-01,1.997059999999999946e-01,-7.693560000000000398e-01,-1.318149999999999877e-01,3.782179999999999986e-01,2.507099999999999884e-01,5.057260000000000089e-01,4.802239999999999842e-01,-2.593230000000000257e-01,2.762109999999999843e-01,1.232010000000000050e-01,-3.613299999999999845e-01,5.057260000000000089e-01,4.669600000000000140e-02,-3.103259999999999907e-01,-3.103259999999999907e-01,3.272140000000000049e-01,5.822310000000000541e-01,-6.928509999999999946e-01,1.245273000000000074e+00,1.487030000000000018e-01,7.352410000000000334e-01,-2.980800000000000116e-02,-6.418479999999999741e-01,-1.063130000000000047e-01,3.272140000000000049e-01,-8.081199999999999495e-02,2.119499999999999856e-02,4.669600000000000140e-02,4.037189999999999945e-01,1.742049999999999987e-01,3.527159999999999740e-01,6.587359999999999882e-01,8.117459999999999676e-01,-9.478670000000000151e-01,-1.253886999999999974e+00,3.782179999999999986e-01,5.312280000000000335e-01,6.587359999999999882e-01,8.627489999999999881e-01,3.782179999999999986e-01,7.219799999999999829e-02,2.252079999999999915e-01,4.292210000000000192e-01,-4.307000000000000065e-03,-4.123330000000000051e-01,-7.183530000000000193e-01,2.762109999999999843e-01,4.292210000000000192e-01,3.017130000000000090e-01,-3.868309999999999804e-01,-2.980800000000000116e-02,7.607420000000000293e-01,1.997059999999999946e-01,2.762109999999999843e-01,2.762109999999999843e-01,-4.307000000000000065e-03,7.352410000000000334e-01,3.017130000000000090e-01,-7.183530000000000193e-01,3.272140000000000049e-01,3.527159999999999740e-01,-6.418479999999999741e-01,-2.848249999999999948e-01,5.822310000000000541e-01,9.647550000000000292e-01,-8.081199999999999495e-02,-1.279387999999999970e+00,1.487030000000000018e-01,1.066761999999999988e+00,7.862440000000000540e-01,5.057260000000000089e-01,-1.063130000000000047e-01,-4.123330000000000051e-01,2.119499999999999856e-02,5.822310000000000541e-01,2.762109999999999843e-01,-6.163459999999999495e-01,-2.848249999999999948e-01,2.762109999999999843e-01,6.842369999999999841e-01,1.997059999999999946e-01,7.219799999999999829e-02,3.017130000000000090e-01,-1.126379000000000019e+00,1.092262999999999984e+00,7.352410000000000334e-01,4.037189999999999945e-01,-1.024372000000000060e+00,-2.083200000000000052e-01,-2.980800000000000116e-02,3.527159999999999740e-01,7.097390000000000088e-01,5.057260000000000089e-01,8.117459999999999676e-01,-1.828180000000000083e-01,-2.338210000000000011e-01,-1.049873999999999974e+00,1.015759000000000079e+00,5.312280000000000335e-01,2.507099999999999884e-01,-8.081199999999999495e-02,-4.307000000000000065e-03,-1.304890000000000105e+00,1.232010000000000050e-01,7.607420000000000293e-01,9.647550000000000292e-01,-3.868309999999999804e-01,7.352410000000000334e-01,1.168768000000000029e+00,-4.307000000000000065e-03,2.507099999999999884e-01,-8.081199999999999495e-02,-4.633360000000000256e-01,-3.103259999999999907e-01,4.547229999999999883e-01,-4.123330000000000051e-01,1.232010000000000050e-01,-2.848249999999999948e-01,6.077320000000000499e-01,6.842369999999999841e-01,5.312280000000000335e-01,3.272140000000000049e-01,-3.868309999999999804e-01,9.769999999999999518e-02,-4.123330000000000051e-01,1.742049999999999987e-01,3.272140000000000049e-01,4.292210000000000192e-01,2.762109999999999843e-01,2.252079999999999915e-01,4.037189999999999945e-01,1.997059999999999946e-01,-2.338210000000000011e-01,8.117459999999999676e-01,3.017130000000000090e-01,-4.888379999999999947e-01,-1.177381999999999929e+00,8.627489999999999881e-01,4.292210000000000192e-01,3.017130000000000090e-01,-3.358280000000000154e-01,-2.083200000000000052e-01,-1.828180000000000083e-01,-4.307000000000000065e-03,6.587359999999999882e-01,-7.183530000000000193e-01,-5.143389999999999906e-01,4.547229999999999883e-01,1.296276999999999902e+00,8.372469999999999635e-01,6.842369999999999841e-01,5.567290000000000294e-01,7.219799999999999829e-02,-4.123330000000000051e-01,1.232010000000000050e-01,-4.307000000000000065e-03,-1.063130000000000047e-01,-8.081199999999999495e-02,-2.593230000000000257e-01,-8.081199999999999495e-02,-5.530999999999999805e-02,2.119499999999999856e-02,-2.593230000000000257e-01,1.487030000000000018e-01,7.352410000000000334e-01,1.653299000000000074e+00,4.802239999999999842e-01,-1.202884000000000064e+00,1.487030000000000018e-01,-9.223660000000000192e-01,-2.848249999999999948e-01,4.037189999999999945e-01,1.653299000000000074e+00,9.137520000000000087e-01,2.119499999999999856e-02,-1.406897000000000064e+00,3.527159999999999740e-01,6.077320000000000499e-01,1.232010000000000050e-01,-4.307000000000000065e-03,3.782179999999999986e-01,9.769999999999999518e-02,2.119499999999999856e-02,2.762109999999999843e-01,1.742049999999999987e-01,2.119499999999999856e-02,2.119499999999999856e-02,7.097390000000000088e-01,-2.593230000000000257e-01,-1.457899999999999974e+00,1.997059999999999946e-01,1.245273000000000074e+00,2.762109999999999843e-01,6.587359999999999882e-01,7.352410000000000334e-01,-2.593230000000000257e-01,-1.100877000000000105e+00,3.527159999999999740e-01,5.822310000000000541e-01,6.842369999999999841e-01,1.168768000000000029e+00,-1.573170000000000124e-01,-2.018936000000000064e+00,5.312280000000000335e-01,1.997059999999999946e-01,1.487030000000000018e-01,1.997059999999999946e-01,3.017130000000000090e-01,2.762109999999999843e-01,5.057260000000000089e-01,5.312280000000000335e-01,-3.358280000000000154e-01,4.669600000000000140e-02,-1.828180000000000083e-01,7.862440000000000540e-01,-1.828180000000000083e-01,7.219799999999999829e-02,-8.713619999999999699e-01,-2.593230000000000257e-01,9.392540000000000333e-01,1.015759000000000079e+00,3.272140000000000049e-01,3.017130000000000090e-01,-4.123330000000000051e-01,9.769999999999999518e-02,-8.458609999999999740e-01,2.252079999999999915e-01,8.372469999999999635e-01,6.587359999999999882e-01,6.332339999999999636e-01,4.292210000000000192e-01,-2.848249999999999948e-01,-2.273951999999999973e+00,7.352410000000000334e-01,9.137520000000000087e-01,7.219799999999999829e-02,9.137520000000000087e-01,4.547229999999999883e-01,-1.573170000000000124e-01,4.547229999999999883e-01,5.822310000000000541e-01,-2.848249999999999948e-01,1.742049999999999987e-01,-5.398410000000000153e-01,-5.398410000000000153e-01,4.802239999999999842e-01,7.097390000000000088e-01,3.017130000000000090e-01,2.252079999999999915e-01,1.997059999999999946e-01,-8.203589999999999494e-01,1.997059999999999946e-01,5.822310000000000541e-01,1.232010000000000050e-01,-3.103259999999999907e-01,4.037189999999999945e-01,6.077320000000000499e-01,-6.163459999999999495e-01,1.270774999999999988e+00,1.474787999999999988e+00,-1.355893000000000015e+00,-1.100877000000000105e+00,9.769999999999999518e-02,7.352410000000000334e-01,-6.418479999999999741e-01,8.117459999999999676e-01,1.092262999999999984e+00,9.902570000000000539e-01,-5.398410000000000153e-01,1.997059999999999946e-01,4.669600000000000140e-02,-7.183530000000000193e-01,1.321777999999999897e+00,-3.868309999999999804e-01,-5.398410000000000153e-01,5.312280000000000335e-01,-8.713619999999999699e-01,-1.355893000000000015e+00,-4.888379999999999947e-01,1.627798000000000078e+00,8.117459999999999676e-01,-2.848249999999999948e-01,8.882499999999999840e-01,-3.358280000000000154e-01,6.842369999999999841e-01,3.272140000000000049e-01,-4.378349999999999742e-01,9.137520000000000087e-01,-8.458609999999999740e-01,3.527159999999999740e-01,6.587359999999999882e-01,8.117459999999999676e-01,-2.083200000000000052e-01,-3.613299999999999845e-01,-7.948570000000000357e-01,4.802239999999999842e-01,6.587359999999999882e-01,-4.888379999999999947e-01,7.607420000000000293e-01,1.143267000000000033e+00,-6.928509999999999946e-01,-2.083200000000000052e-01,9.769999999999999518e-02,-9.733690000000000397e-01,-1.828180000000000083e-01,1.194269999999999943e+00,4.669600000000000140e-02,-7.438540000000000152e-01,1.015759000000000079e+00,4.669600000000000140e-02,7.862440000000000540e-01,5.057260000000000089e-01,-5.398410000000000153e-01,1.997059999999999946e-01,6.842369999999999841e-01,-4.123330000000000051e-01,7.219799999999999829e-02,5.567290000000000294e-01,9.137520000000000087e-01,-3.868309999999999804e-01,-1.100877000000000105e+00,-6.418479999999999741e-01,2.119499999999999856e-02,4.292210000000000192e-01,3.017130000000000090e-01,1.742049999999999987e-01,5.057260000000000089e-01,-1.063130000000000047e-01,2.507099999999999884e-01,1.500289999999999901e+00,9.902570000000000539e-01,-7.183530000000000193e-01,-1.610910000000000064e+00,-4.378349999999999742e-01,7.352410000000000334e-01,7.607420000000000293e-01,9.137520000000000087e-01,4.802239999999999842e-01,-1.279387999999999970e+00,-2.593230000000000257e-01,1.755306000000000033e+00,8.627489999999999881e-01,-8.081199999999999495e-02,-6.418479999999999741e-01,-8.458609999999999740e-01,1.232010000000000050e-01,2.252079999999999915e-01,1.232010000000000050e-01,4.669600000000000140e-02,-2.593230000000000257e-01,6.587359999999999882e-01,5.057260000000000089e-01,5.312280000000000335e-01,-1.828180000000000083e-01,9.902570000000000539e-01,4.037189999999999945e-01,-2.222948999999999842e+00,7.097390000000000088e-01,1.041260000000000074e+00,-7.948570000000000357e-01,4.547229999999999883e-01,7.607420000000000293e-01,1.245273000000000074e+00,7.219799999999999829e-02,1.997059999999999946e-01,1.232010000000000050e-01,-2.848249999999999948e-01,4.669600000000000140e-02,3.272140000000000049e-01,-8.968639999999999946e-01,-4.888379999999999947e-01,5.567290000000000294e-01,6.842369999999999841e-01,4.292210000000000192e-01,-4.123330000000000051e-01,-1.063130000000000047e-01,3.272140000000000049e-01,7.862440000000000540e-01,-1.573170000000000124e-01,5.057260000000000089e-01,1.232010000000000050e-01,3.272140000000000049e-01,-4.123330000000000051e-01,-6.163459999999999495e-01,7.862440000000000540e-01,2.507099999999999884e-01,2.252079999999999915e-01,3.017130000000000090e-01,4.547229999999999883e-01,6.587359999999999882e-01,7.219799999999999829e-02,-1.828180000000000083e-01,9.769999999999999518e-02,-2.083200000000000052e-01,-1.828180000000000083e-01,2.119499999999999856e-02,-2.083200000000000052e-01,5.057260000000000089e-01,7.607420000000000293e-01,5.312280000000000335e-01,9.769999999999999518e-02,-2.593230000000000257e-01,4.292210000000000192e-01,2.507099999999999884e-01,4.669600000000000140e-02,9.769999999999999518e-02,-2.338210000000000011e-01,3.272140000000000049e-01,4.547229999999999883e-01,3.272140000000000049e-01,-3.613299999999999845e-01,2.252079999999999915e-01,9.902570000000000539e-01,-4.378349999999999742e-01,-3.358280000000000154e-01,-4.307000000000000065e-03,3.017130000000000090e-01,1.742049999999999987e-01,1.997059999999999946e-01,-2.980800000000000116e-02,2.762109999999999843e-01,3.782179999999999986e-01,7.219799999999999829e-02,-3.103259999999999907e-01,3.017130000000000090e-01,6.587359999999999882e-01,4.037189999999999945e-01,-1.573170000000000124e-01,-8.081199999999999495e-02,3.272140000000000049e-01,1.742049999999999987e-01,5.567290000000000294e-01,-1.573170000000000124e-01,-5.908440000000000358e-01,4.669600000000000140e-02,8.882499999999999840e-01,4.547229999999999883e-01,5.057260000000000089e-01,-4.633360000000000256e-01,-4.378349999999999742e-01,-2.083200000000000052e-01,7.607420000000000293e-01,1.270774999999999988e+00,-4.378349999999999742e-01,-4.307000000000000065e-03,-7.183530000000000193e-01,4.037189999999999945e-01,3.017130000000000090e-01,-8.081199999999999495e-02,6.077320000000000499e-01,3.527159999999999740e-01,-2.593230000000000257e-01,-5.530999999999999805e-02,3.782179999999999986e-01,6.587359999999999882e-01,-2.593230000000000257e-01,6.332339999999999636e-01,-1.318149999999999877e-01,-8.968639999999999946e-01,1.194269999999999943e+00,5.312280000000000335e-01,-4.307000000000000065e-03,-1.318149999999999877e-01,-5.398410000000000153e-01,3.017130000000000090e-01,2.507099999999999884e-01,-5.908440000000000358e-01,3.017130000000000090e-01,1.015759000000000079e+00,8.117459999999999676e-01,-3.103259999999999907e-01,7.862440000000000540e-01,2.762109999999999843e-01,1.232010000000000050e-01,-1.381394999999999929e+00
7.219799999999999829e-02,-8.081199999999999495e-02,-1.318149999999999877e-01,-2.980800000000000116e-02,1.232010000000000050e-01,3.272140000000000049e-01,3.017130000000000090e-01,1.487030000000000018e-01,1.232010000000000050e-01,2.119499999999999856e-02,-4.307000000000000065e-03,-8.081199999999999495e-02,2.507099999999999884e-01,3.527159999999999740e-01,4.292210000000000192e-01,1.997059999999999946e-01,9.769999999999999518e-02,4.669600000000000140e-02,9.769999999999999518e-02,9.769999999999999518e-02,1.232010000000000050e-01,1.232010000000000050e-01,3.017130000000000090e-01,3.527159999999999740e-01,3.527159999999999740e-01,1.997059999999999946e-01,-4.307000000000000065e-03,-1.318149999999999877e-01,-1.318149999999999877e-01,2.119499999999999856e-02,1.487030000000000018e-01,1.232010000000000050e-01,1.997059999999999946e-01,2.507099999999999884e-01,1.997059999999999946e-01,2.252079999999999915e-01,1.232010000000000050e-01,9.769999999999999518e-02,2.119499999999999856e-02,1.232010000000000050e-01,2.252079999999999915e-01,3.272140000000000049e-01,4.292210000000000192e-01,3.527159999999999740e-01,1.997059999999999946e-01,-5.530999999999999805e-02,1.742049999999999987e-01,2.119499999999999856e-02,-4.307000000000000065e-03,-4.378349999999999742e-01,-3.103259999999999907e-01,-1.828180000000000083e-01,6.587359999999999882e-01,8.372469999999999635e-01,6.077320000000000499e-01,7.219799999999999829e-02,1.997059999999999946e-01,2.252079999999999915e-01,4.669600000000000140e-02,-5.530999999999999805e-02,-2.980800000000000116e-02,2.252079999999999915e-01,-1.063130000000000047e-01,-4.378349999999999742e-01,3.527159999999999740e-01,6.332339999999999636e-01,3.272140000000000049e-01,-2.338210000000000011e-01,-3.358280000000000154e-01,7.219799999999999829e-02,4.292210000000000192e-01,5.567290000000000294e-01,1.143267000000000033e+00,6.332339999999999636e-01,-4.633360000000000256e-01,-3.358280000000000154e-01,-9.733690000000000397e-01,-4.378349999999999742e-01,2.762109999999999843e-01,1.092262999999999984e+00,2.762109999999999843e-01,-5.530999999999999805e-02,7.862440000000000540e-01,2.507099999999999884e-01,-2.593230000000000257e-01,-2.848249999999999948e-01,-4.307000000000000065e-03,4.037189999999999945e-01,1.092262999999999984e+00,-1.063130000000000047e-01,-1.318149999999999877e-01,-7.948570000000000357e-01,7.219799999999999829e-02,6.332339999999999636e-01,2.252079999999999915e-01,1.742049999999999987e-01,3.527159999999999740e-01,-8.081199999999999495e-02,1.232010000000000050e-01,-1.318149999999999877e-01,1.232010000000000050e-01,1.015759000000000079e+00,9.392540000000000333e-01,3.017130000000000090e-01,-2.593230000000000257e-01,-1.483402000000000109e+00,1.232010000000000050e-01,7.862440000000000540e-01,2.119499999999999856e-02,-1.063130000000000047e-01,1.997059999999999946e-01,3.272140000000000049e-01,2.507099999999999884e-01,7.219799999999999829e-02,1.742049999999999987e-01,6.842369999999999841e-01,-2.338210000000000011e-01,-6.928509999999999946e-01,-5.530999999999999805e-02,-4.633360000000000256e-01,7.219799999999999829e-02,8.372469999999999635e-01,8.882499999999999840e-01,6.077320000000000499e-01,6.842369999999999841e-01,-3.103259999999999907e-01,1.296276999999999902e+00,3.782179999999999986e-01,-1.304890000000000105e+00,-5.398410000000000153e-01,-1.661912999999999974e+00,2.762109999999999843e-01,5.567290000000000294e-01,2.265338999999999992e+00,1.959319000000000033e+00,4.292210000000000192e-01,-9.988700000000000356e-01,-2.338210000000000011e-01,-1.049873999999999974e+00,-1.381394999999999929e+00,1.997059999999999946e-01,1.857312000000000074e+00,1.780807999999999947e+00,1.219772000000000078e+00,1.232010000000000050e-01,-6.418479999999999741e-01,-1.636411000000000060e+00,-8.081199999999999495e-02,-9.223660000000000192e-01,7.352410000000000334e-01,6.077320000000000499e-01,-5.908440000000000358e-01,9.769999999999999518e-02,4.547229999999999883e-01,3.527159999999999740e-01,3.272140000000000049e-01,1.041260000000000074e+00,2.762109999999999843e-01,1.232010000000000050e-01,-3.358280000000000154e-01,7.607420000000000293e-01,3.527159999999999740e-01,-8.203589999999999494e-01,4.037189999999999945e-01,1.487030000000000018e-01,5.822310000000000541e-01,-2.083200000000000052e-01,-2.528967999999999883e+00,1.066761999999999988e+00,8.372469999999999635e-01,-2.338210000000000011e-01,9.769999999999999518e-02,6.842369999999999841e-01,1.742049999999999987e-01,2.698866000000000209e+00,-1.177381999999999929e+00,-4.888379999999999947e-01,-1.318149999999999877e-01,3.272140000000000049e-01,1.653299000000000074e+00,2.252079999999999915e-01,-1.024372000000000060e+00,-1.100877000000000105e+00,4.292210000000000192e-01,1.487030000000000018e-01,-1.573170000000000124e-01,9.647550000000000292e-01,4.802239999999999842e-01,-9.988700000000000356e-01,-1.828180000000000083e-01,8.627489999999999881e-01,7.352410000000000334e-01,-4.307000000000000065e-03,7.607420000000000293e-01,7.352410000000000334e-01,-8.713619999999999699e-01,-8.081199999999999495e-02,-1.151880000000000015e+00,5.312280000000000335e-01,7.862440000000000540e-01,2.119499999999999856e-02,1.219772000000000078e+00,7.219799999999999829e-02,-1.534405000000000019e+00,-1.738418000000000019e+00,1.729803999999999897e+00,1.194269999999999943e+00,1.627798000000000078e+00,-4.888379999999999947e-01,-1.432398000000000060e+00,-2.338210000000000011e-01,9.769999999999999518e-02,5.822310000000000541e-01,1.296276999999999902e+00,-4.307000000000000065e-03,-1.151880000000000015e+00,6.077320000000000499e-01,6.332339999999999636e-01,-2.593230000000000257e-01,9.392540000000000333e-01,-1.304890000000000105e+00,-1.024372000000000060e+00,1.194269999999999943e+00,-2.593230000000000257e-01,3.272140000000000049e-01,1.551293000000000033e+00,-5.530999999999999805e-02,-1.177381999999999929e+00,5.567290000000000294e-01,1.117764999999999898e+00,2.762109999999999843e-01,-2.083200000000000052e-01,-5.530999999999999805e-02,-4.307000000000000065e-03,8.372469999999999635e-01,-1.318149999999999877e-01,-4.123330000000000051e-01,1.742049999999999987e-01,-1.063130000000000047e-01,8.882499999999999840e-01,-5.908440000000000358e-01,-7.183530000000000193e-01,4.802239999999999842e-01,1.398282999999999943e+00,7.862440000000000540e-01,1.232010000000000050e-01,-3.868309999999999804e-01,3.782179999999999986e-01,-3.370521999999999796e+00,1.092262999999999984e+00,9.647550000000000292e-01,6.842369999999999841e-01,9.392540000000000333e-01,3.782179999999999986e-01,5.312280000000000335e-01,5.312280000000000335e-01,-1.063130000000000047e-01,4.292210000000000192e-01,8.372469999999999635e-01,-1.457899999999999974e+00,-2.732981999999999800e+00,7.607420000000000293e-01,6.332339999999999636e-01,9.392540000000000333e-01,8.882499999999999840e-01,-4.307000000000000065e-03,1.232010000000000050e-01,3.782179999999999986e-01,-2.848249999999999948e-01,1.232010000000000050e-01,1.742049999999999987e-01,1.372781000000000029e+00,1.487030000000000018e-01,-2.885991000000000195e+00,6.332339999999999636e-01,2.137830000000000119e+00,6.587359999999999882e-01,-5.653430000000000399e-01,6.332339999999999636e-01,2.507099999999999884e-01,-1.942431000000000019e+00,-2.350457000000000019e+00,6.842369999999999841e-01,1.245273000000000074e+00,1.117764999999999898e+00,1.168768000000000029e+00,9.392540000000000333e-01,4.037189999999999945e-01,-1.865925999999999974e+00,-1.228385000000000060e+00,2.061326000000000214e+00,-3.868309999999999804e-01,4.669600000000000140e-02,-4.307000000000000065e-03,3.272140000000000049e-01,1.245273000000000074e+00,4.547229999999999883e-01,7.607420000000000293e-01,-2.848249999999999948e-01,7.219799999999999829e-02,-1.573170000000000124e-01,-7.183530000000000193e-01,-7.948570000000000357e-01,8.882499999999999840e-01,2.762109999999999843e-01,-4.888379999999999947e-01,6.332339999999999636e-01,6.842369999999999841e-01,5.312280000000000335e-01,1.997059999999999946e-01,-8.081199999999999495e-02,3.272140000000000049e-01,9.769999999999999518e-02,-1.177381999999999929e+00,1.487030000000000018e-01,1.602295999999999943e+00,1.780807999999999947e+00,-2.426962000000000064e+00,-5.653430000000000399e-01,1.232010000000000050e-01,-4.307000000000000065e-03,1.551293000000000033e+00,1.729803999999999897e+00,8.117459999999999676e-01,-1.279387999999999970e+00,-4.633360000000000256e-01,-2.083200000000000052e-01,-4.307000000000000065e-03,5.567290000000000294e-01,4.037189999999999945e-01,4.802239999999999842e-01,2.507099999999999884e-01,4.037189999999999945e-01,-4.633360000000000256e-01,-3.103259999999999907e-01,-4.888379999999999947e-01,3.017130000000000090e-01,-4.307000000000000065e-03,-1.828180000000000083e-01,5.312280000000000335e-01,8.627489999999999881e-01,1.398282999999999943e+00,6.077320000000000499e-01,-8.968639999999999946e-01,-9.733690000000000397e-01,7.862440000000000540e-01,7.097390000000000088e-01,3.527159999999999740e-01,-1.828180000000000083e-01,-5.143389999999999906e-01,-1.828180000000000083e-01,4.292210000000000192e-01,1.398282999999999943e+00,2.507099999999999884e-01,-9.988700000000000356e-01,-1.228385000000000060e+00,9.769999999999999518e-02,4.037189999999999945e-01,7.607420000000000293e-01,6.332339999999999636e-01,4.802239999999999842e-01,3.272140000000000049e-01,3.272140000000000049e-01,3.272140000000000049e-01,5.312280000000000335e-01,-1.318149999999999877e-01,-5.398410000000000153e-01,-1.318149999999999877e-01,-4.307000000000000065e-03,4.037189999999999945e-01,7.219799999999999829e-02,-8.713619999999999699e-01,9.137520000000000087e-01,9.769999999999999518e-02,-7.438540000000000152e-01,1.092262999999999984e+00,1.742049999999999987e-01,-4.307000000000000065e-03,9.647550000000000292e-01,8.117459999999999676e-01,2.119499999999999856e-02,2.119499999999999856e-02,-2.848249999999999948e-01,-5.398410000000000153e-01,-4.888379999999999947e-01,-1.063130000000000047e-01,9.392540000000000333e-01,1.296276999999999902e+00,-3.103259999999999907e-01,-5.908440000000000358e-01,2.507099999999999884e-01,9.769999999999999518e-02,7.219799999999999829e-02,1.219772000000000078e+00,-3.868309999999999804e-01,-8.713619999999999699e-01,5.312280000000000335e-01,-5.143389999999999906e-01,7.219799999999999829e-02,8.882499999999999840e-01,-9.478670000000000151e-01,5.312280000000000335e-01,8.882499999999999840e-01,-5.398410000000000153e-01,7.352410000000000334e-01,1.245273000000000074e+00,-2.338210000000000011e-01,-1.318149999999999877e-01,3.272140000000000049e-01,5.822310000000000541e-01,1.487030000000000018e-01,-4.633360000000000256e-01,-1.100877000000000105e+00,-3.358280000000000154e-01,-4.633360000000000256e-01,5.822310000000000541e-01,9.392540000000000333e-01,9.647550000000000292e-01,6.587359999999999882e-01,7.219799999999999829e-02,-8.713619999999999699e-01,-5.530999999999999805e-02,-2.980800000000000116e-02,-5.530999999999999805e-02,1.143267000000000033e+00,-4.378349999999999742e-01,2.762109999999999843e-01,9.137520000000000087e-01,1.270774999999999988e+00,-2.848249999999999948e-01,-1.063130000000000047e-01,-2.222948999999999842e+00,7.862440000000000540e-01,7.352410000000000334e-01,-5.530999999999999805e-02,4.547229999999999883e-01,5.822310000000000541e-01,1.041260000000000074e+00,-1.789420999999999928e+00,-9.988700000000000356e-01,1.296276999999999902e+00,7.862440000000000540e-01,1.092262999999999984e+00,1.742049999999999987e-01,1.742049999999999987e-01,-5.143389999999999906e-01,4.292210000000000192e-01,-6.673489999999999700e-01,-5.530999999999999805e-02,-2.593230000000000257e-01,8.372469999999999635e-01,-9.733690000000000397e-01,3.527159999999999740e-01,9.137520000000000087e-01,2.252079999999999915e-01,1.742049999999999987e-01,1.997059999999999946e-01,2.119499999999999856e-02,9.769999999999999518e-02,3.782179999999999986e-01,-5.530999999999999805e-02,1.997059999999999946e-01,3.527159999999999740e-01,-1.318149999999999877e-01,9.137520000000000087e-01,4.547229999999999883e-01,-1.661912999999999974e+00,-1.457899999999999974e+00,6.077320000000000499e-01,7.097390000000000088e-01,8.882499999999999840e-01,7.352410000000000334e-01,1.117764999999999898e+00,8.882499999999999840e-01,2.507099999999999884e-01,-1.534405000000000019e+00,-1.406897000000000064e+00,3.272140000000000049e-01,4.802239999999999842e-01,-2.848249999999999948e-01,-1.330392000000000019e+00,1.525790999999999897e+00,1.933816999999999897e+00,-6.418479999999999741e-01,4.292210000000000192e-01,1.474787999999999988e+00,-6.928509999999999946e-01,-1.610910000000000064e+00,1.742049999999999987e-01,4.037189999999999945e-01,3.782179999999999986e-01,-1.063130000000000047e-01,4.802239999999999842e-01,4.292210000000000192e-01,5.057260000000000089e-01,6.077320000000000499e-01,-3.358280000000000154e-01,-2.593230000000000257e-01,2.252079999999999915e-01,2.119499999999999856e-02,7.219799999999999829e-02,6.587359999999999882e-01,-8.968639999999999946e-01,-1.318149999999999877e-01,4.037189999999999945e-01,3.017130000000000090e-01,6.842369999999999841e-01,4.037189999999999945e-01,1.117764999999999898e+00,5.312280000000000335e-01,-2.732981999999999800e+00,5.822310000000000541e-01,-8.968639999999999946e-01,-8.081199999999999495e-02,1.015759000000000079e+00,1.908315999999999901e+00,1.487030000000000018e-01,-2.083200000000000052e-01,-1.063130000000000047e-01,-1.828180000000000083e-01,-1.318149999999999877e-01,1.066761999999999988e+00,-4.307000000000000065e-03,-4.633360000000000256e-01,-1.330392000000000019e+00,1.219772000000000078e+00,-7.438540000000000152e-01,1.997059999999999946e-01,4.802239999999999842e-01,1.997059999999999946e-01,4.547229999999999883e-01,7.862440000000000540e-01,7.097390000000000088e-01,-1.318149999999999877e-01,4.547229999999999883e-01,1.742049999999999987e-01,-1.828180000000000083e-01,-9.223660000000000192e-01,-8.081199999999999495e-02,1.997059999999999946e-01,-1.318149999999999877e-01,-3.358280000000000154e-01,4.037189999999999945e-01,4.292210000000000192e-01,6.332339999999999636e-01,1.041260000000000074e+00,7.352410000000000334e-01,-2.299453999999999887e+00,-1.457899999999999974e+00,2.443849999999999856e+00,2.137830000000000119e+00,3.017130000000000090e-01,-1.814923000000000064e+00,3.782179999999999986e-01,-4.307000000000000065e-03,3.782179999999999986e-01,1.270774999999999988e+00,8.372469999999999635e-01,-1.534405000000000019e+00,-5.398410000000000153e-01,4.037189999999999945e-01,7.219799999999999829e-02,1.219772000000000078e+00,-5.530999999999999805e-02,4.669600000000000140e-02,-5.908440000000000358e-01,1.041260000000000074e+00,8.627489999999999881e-01,-4.123330000000000051e-01,7.219799999999999829e-02,2.119499999999999856e-02,3.017130000000000090e-01,1.997059999999999946e-01,1.742049999999999987e-01,1.997059999999999946e-01,1.742049999999999987e-01,4.669600000000000140e-02,-2.593230000000000257e-01,-8.081199999999999495e-02,5.822310000000000541e-01,1.232010000000000050e-01,-4.888379999999999947e-01,6.842369999999999841e-01,-2.273951999999999973e+00,4.802239999999999842e-01,2.214335000000000164e+00,2.418347999999999942e+00,-1.508903000000000105e+00,-1.100877000000000105e+00,8.627489999999999881e-01,2.762109999999999843e-01,1.232010000000000050e-01,8.117459999999999676e-01,5.312280000000000335e-01,-4.378349999999999742e-01,5.822310000000000541e-01,-1.573170000000000124e-01,-2.120941999999999883e+00,-1.559906000000000015e+00,8.117459999999999676e-01,1.908315999999999901e+00,1.882813999999999988e+00,-5.143389999999999906e-01,5.567290000000000294e-01,4.037189999999999945e-01,-8.081199999999999495e-02,-3.358280000000000154e-01,1.742049999999999987e-01,-6.163459999999999495e-01,7.219799999999999829e-02,6.842369999999999841e-01,2.119499999999999856e-02,-9.988700000000000356e-01,-3.103259999999999907e-01,4.802239999999999842e-01,6.842369999999999841e-01,4.802239999999999842e-01,1.015759000000000079e+00,8.372469999999999635e-01,-1.279387999999999970e+00,-6.673489999999999700e-01,-3.103259999999999907e-01,4.037189999999999945e-01,5.567290000000000294e-01,1.551293000000000033e+00,8.882499999999999840e-01,-3.358280000000000154e-01,9.769999999999999518e-02,1.487030000000000018e-01,-3.103259999999999907e-01,-1.126379000000000019e+00,6.332339999999999636e-01,6.332339999999999636e-01,-7.693560000000000398e-01,-4.633360000000000256e-01,-7.693560000000000398e-01,2.119499999999999856e-02,8.627489999999999881e-01,1.678800999999999988e+00,1.117764999999999898e+00,-7.183530000000000193e-01,-2.980800000000000116e-02,8.627489999999999881e-01,-4.888379999999999947e-01,-1.049873999999999974e+00,5.057260000000000089e-01,7.097390000000000088e-01,5.057260000000000089e-01,-4.378349999999999742e-01,1.487030000000000018e-01,2.252079999999999915e-01,5.057260000000000089e-01,-5.908440000000000358e-01,2.762109999999999843e-01,6.587359999999999882e-01,-8.081199999999999495e-02,-4.307000000000000065e-03,5.312280000000000335e-01,-1.610910000000000064e+00,3.017130000000000090e-01,9.647550000000000292e-01,-1.355893000000000015e+00,1.372781000000000029e+00,-4.307000000000000065e-03,1.041260000000000074e+00,1.117764999999999898e+00,2.252079999999999915e-01,1.742049999999999987e-01,-1.075374999999999970e+00,1.015759000000000079e+00,-1.318149999999999877e-01,1.232010000000000050e-01,-8.713619999999999699e-01,1.232010000000000050e-01,5.567290000000000294e-01,1.372781000000000029e+00,-9.478670000000000151e-01,-1.814923000000000064e+00,7.097390000000000088e-01,1.015759000000000079e+00,6.842369999999999841e-01,1.232010000000000050e-01,-2.593230000000000257e-01,5.057260000000000089e-01,-4.307000000000000065e-03,4.292210000000000192e-01,4.669600000000000140e-02,-2.083200000000000052e-01,-4.633360000000000256e-01,6.077320000000000499e-01,5.312280000000000335e-01,4.802239999999999842e-01,2.507099999999999884e-01,6.077320000000000499e-01,-8.081199999999999495e-02,-8.713619999999999699e-01,-2.593230000000000257e-01,7.097390000000000088e-01,1.449286000000000074e+00,-6.418479999999999741e-01,-4.633360000000000256e-01,6.332339999999999636e-01,2.252079999999999915e-01,-8.203589999999999494e-01,-5.398410000000000153e-01,6.332339999999999636e-01,4.802239999999999842e-01,4.037189999999999945e-01,3.272140000000000049e-01,-5.530999999999999805e-02,7.862440000000000540e-01,6.587359999999999882e-01,8.882499999999999840e-01,-3.103259999999999907e-01,6.332339999999999636e-01,-6.163459999999999495e-01,-7.948570000000000357e-01,-2.593230000000000257e-01,-3.358280000000000154e-01,-2.848249999999999948e-01,-1.828180000000000083e-01,-4.378349999999999742e-01,1.245273000000000074e+00,1.092262999999999984e+00,1.398282999999999943e+00,-3.358280000000000154e-01,2.119499999999999856e-02,3.782179999999999986e-01,-8.081199999999999495e-02,-2.338210000000000011e-01,-6.928509999999999946e-01,-2.083200000000000052e-01,1.041260000000000074e+00,2.252079999999999915e-01,1.347280000000000033e+00,7.352410000000000334e-01,-2.980800000000000116e-02,-7.693560000000000398e-01,-7.438540000000000152e-01,-1.318149999999999877e-01,9.902570000000000539e-01,1.117764999999999898e+00,-2.528967999999999883e+00,-1.942431000000000019e+00,1.551293000000000033e+00,2.061326000000000214e+00,1.704302999999999901e+00,3.527159999999999740e-01,-4.123330000000000051e-01,6.842369999999999841e-01,-6.163459999999999495e-01,-7.183530000000000193e-01,5.312280000000000335e-01,7.352410000000000334e-01,5.312280000000000335e-01,1.232010000000000050e-01,-1.828180000000000083e-01,-6.163459999999999495e-01,4.669600000000000140e-02,9.137520000000000087e-01,-2.338210000000000011e-01,4.669600000000000140e-02,-2.848249999999999948e-01,6.077320000000000499e-01,9.647550000000000292e-01,8.627489999999999881e-01,-2.222948999999999842e+00,-1.330392000000000019e+00,7.352410000000000334e-01,8.372469999999999635e-01,5.822310000000000541e-01,1.321777999999999897e+00,1.372781000000000029e+00,-2.324955000000000105e+00,-4.123330000000000051e-01,9.392540000000000333e-01,1.627798000000000078e+00,9.392540000000000333e-01,-1.024372000000000060e+00,-4.123330000000000051e-01,-2.338210000000000011e-01,-5.398410000000000153e-01,4.292210000000000192e-01,6.077320000000000499e-01,2.252079999999999915e-01,1.487030000000000018e-01,3.017130000000000090e-01,4.802239999999999842e-01,-1.024372000000000060e+00,-4.888379999999999947e-01,1.755306000000000033e+00,-3.868309999999999804e-01,-2.848249999999999948e-01,2.507099999999999884e-01,3.017130000000000090e-01,9.647550000000000292e-01,2.252079999999999915e-01,1.487030000000000018e-01,4.292210000000000192e-01,-1.126379000000000019e+00,2.507099999999999884e-01,-6.673489999999999700e-01,1.997059999999999946e-01,1.270774999999999988e+00,1.168768000000000029e+00,6.332339999999999636e-01,-2.083200000000000052e-01,-1.406897000000000064e+00,-2.338210000000000011e-01,6.332339999999999636e-01,-2.083200000000000052e-01,4.037189999999999945e-01,1.997059999999999946e-01,5.312280000000000335e-01,3.782179999999999986e-01,3.017130000000000090e-01,-5.530999999999999805e-02,4.292210000000000192e-01,3.527159999999999740e-01,-3.613299999999999845e-01,-9.733690000000000397e-01,7.219799999999999829e-02,-2.083200000000000052e-01,7.607420000000000293e-01,1.066761999999999988e+00,9.647550000000000292e-01,1.997059999999999946e-01,-9.988700000000000356e-01,-3.358280000000000154e-01,2.119499999999999856e-02,3.272140000000000049e-01,4.547229999999999883e-01,4.802239999999999842e-01,1.742049999999999987e-01,7.862440000000000540e-01,7.352410000000000334e-01,-7.438540000000000152e-01,-1.228385000000000060e+00,5.312280000000000335e-01,6.077320000000000499e-01,5.822310000000000541e-01,-4.307000000000000065e-03,-2.980800000000000116e-02,-2.911493000000000109e+00,1.678800999999999988e+00,9.392540000000000333e-01,8.627489999999999881e-01,8.117459999999999676e-01,1.487030000000000018e-01,1.742049999999999987e-01,9.769999999999999518e-02,5.057260000000000089e-01,-8.081199999999999495e-02,-5.908440000000000358e-01,2.119499999999999856e-02,7.862440000000000540e-01,-1.573170000000000124e-01,-3.868309999999999804e-01,-1.573170000000000124e-01,7.097390000000000088e-01,3.272140000000000049e-01,-4.378349999999999742e-01,1.232010000000000050e-01,9.769999999999999518e-02,3.527159999999999740e-01,1.997059999999999946e-01,6.332339999999999636e-01,5.312280000000000335e-01,-1.063130000000000047e-01,-1.573170000000000124e-01,9.392540000000000333e-01,7.219799999999999829e-02,-2.848249999999999948e-01,2.252079999999999915e-01,2.252079999999999915e-01,5.057260000000000089e-01,7.352410000000000334e-01,-1.253886999999999974e+00,-1.406897000000000064e+00,3.272140000000000049e-01,3.272140000000000049e-01,1.423785000000000078e+00,6.332339999999999636e-01,5.822310000000000541e-01,-1.661912999999999974e+00,2.762109999999999843e-01,1.347280000000000033e+00,6.587359999999999882e-01,-8.713619999999999699e-01,1.742049999999999987e-01,1.997059999999999946e-01,7.219799999999999829e-02,2.252079999999999915e-01,2.762109999999999843e-01,2.762109999999999843e-01,3.017130000000000090e-01,3.527159999999999740e-01,-4.378349999999999742e-01,-1.253886999999999974e+00,-3.868309999999999804e-01,9.392540000000000333e-01,1.117764999999999898e+00,-1.828180000000000083e-01,-2.848249999999999948e-01,5.057260000000000089e-01,5.057260000000000089e-01,4.547229999999999883e-01,-6.928509999999999946e-01,4.669600000000000140e-02,7.097390000000000088e-01,3.272140000000000049e-01,3.017130000000000090e-01,-5.530999999999999805e-02,-1.828180000000000083e-01,8.627489999999999881e-01,9.902570000000000539e-01,-6.673489999999999700e-01,-4.888379999999999947e-01,-1.063130000000000047e-01,1.742049999999999987e-01,1.487030000000000018e-01,2.252079999999999915e-01,1.232010000000000050e-01,-1.318149999999999877e-01,5.567290000000000294e-01,4.547229999999999883e-01,8.882499999999999840e-01,1.487030000000000018e-01,2.119499999999999856e-02,3.782179999999999986e-01,-7.693560000000000398e-01,-1.100877000000000105e+00,5.057260000000000089e-01,6.842369999999999841e-01,5.567290000000000294e-01,6.842369999999999841e-01,-2.083200000000000052e-01,-2.980800000000000116e-02,2.252079999999999915e-01,6.332339999999999636e-01,-5.530999999999999805e-02,-6.418479999999999741e-01,3.527159999999999740e-01,3.527159999999999740e-01,1.997059999999999946e-01,2.119499999999999856e-02,3.272140000000000049e-01,8.117459999999999676e-01,3.527159999999999740e-01,-1.228385000000000060e+00,-1.075374999999999970e+00,1.066761999999999988e+00,7.352410000000000334e-01,-6.163459999999999495e-01,5.057260000000000089e-01,9.392540000000000333e-01,-4.307000000000000065e-03,7.219799999999999829e-02,-8.081199999999999495e-02,-1.828180000000000083e-01,2.762109999999999843e-01,-4.307000000000000065e-03,4.547229999999999883e-01,-1.828180000000000083e-01,6.077320000000000499e-01,6.332339999999999636e-01,-5.143389999999999906e-01,6.332339999999999636e-01,8.882499999999999840e-01,-1.318149999999999877e-01,-2.554469999999999796e+00,1.742049999999999987e-01,9.137520000000000087e-01,6.332339999999999636e-01,7.097390000000000088e-01,4.292210000000000192e-01,1.997059999999999946e-01,1.551293000000000033e+00,3.017130000000000090e-01,-1.049873999999999974e+00,-1.573170000000000124e-01,-4.307000000000000065e-03,-1.318149999999999877e-01,-6.418479999999999741e-01,-4.307000000000000065e-03,1.219772000000000078e+00,2.507099999999999884e-01,-2.338210000000000011e-01,2.762109999999999843e-01,4.802239999999999842e-01,3.272140000000000049e-01,2.119499999999999856e-02,2.507099999999999884e-01,2.762109999999999843e-01,2.252079999999999915e-01,-4.307000000000000065e-03,2.252079999999999915e-01,-8.081199999999999495e-02,7.219799999999999829e-02,2.252079999999999915e-01,-4.307000000000000065e-03,9.769999999999999518e-02,4.547229999999999883e-01,5.567290000000000294e-01,-2.069939000000000195e+00,1.997059999999999946e-01,8.117459999999999676e-01,-2.338210000000000011e-01,7.352410000000000334e-01,1.449286000000000074e+00,1.321777999999999897e+00,-2.338210000000000011e-01,1.742049999999999987e-01,-1.559906000000000015e+00,-4.888379999999999947e-01,1.742049999999999987e-01,2.762109999999999843e-01,5.312280000000000335e-01,2.252079999999999915e-01,-5.398410000000000153e-01,8.882499999999999840e-01,1.232010000000000050e-01,-7.183530000000000193e-01,2.119499999999999856e-02,8.882499999999999840e-01,1.347280000000000033e+00,7.862440000000000540e-01,1.997059999999999946e-01,-8.081199999999999495e-02,-2.338210000000000011e-01,-7.948570000000000357e-01,-7.183530000000000193e-01,2.252079999999999915e-01,5.822310000000000541e-01,3.017130000000000090e-01,1.232010000000000050e-01,1.742049999999999987e-01,-5.530999999999999805e-02,2.507099999999999884e-01,1.742049999999999987e-01,-4.307000000000000065e-03,-3.613299999999999845e-01,4.037189999999999945e-01,2.252079999999999915e-01,6.332339999999999636e-01,6.077320000000000499e-01,2.119499999999999856e-02,7.219799999999999829e-02,-8.458609999999999740e-01,6.587359999999999882e-01,3.017130000000000090e-01,1.487030000000000018e-01,3.782179999999999986e-01,4.802239999999999842e-01,2.507099999999999884e-01,2.507099999999999884e-01,5.822310000000000541e-01,-2.980800000000000116e-02,-1.828180000000000083e-01,-1.063130000000000047e-01,-2.338210000000000011e-01,-1.063130000000000047e-01,-8.081199999999999495e-02,1.997059999999999946e-01,4.547229999999999883e-01,4.292210000000000192e-01,6.842369999999999841e-01,-8.081199999999999495e-02,-8.081199999999999495e-02,-7.183530000000000193e-01,3.017130000000000090e-01,7.607420000000000293e-01,1.194269999999999943e+00,-4.307000000000000065e-03,9.392540000000000333e-01,-1.738418000000000019e+00,-3.103259999999999907e-01,7.352410000000000334e-01,8.117459999999999676e-01,9.769999999999999518e-02,2.762109999999999843e-01,1.997059999999999946e-01,-4.307000000000000065e-03,-8.081199999999999495e-02,2.507099999999999884e-01,3.017130000000000090e-01,-9.223660000000000192e-01,-1.063130000000000047e-01,2.507099999999999884e-01,1.997059999999999946e-01,2.252079999999999915e-01,5.822310000000000541e-01,6.842369999999999841e-01,4.292210000000000192e-01,-1.063130000000000047e-01,-4.123330000000000051e-01,6.332339999999999636e-01,5.822310000000000541e-01,-1.636411000000000060e+00,2.252079999999999915e-01,8.372469999999999635e-01,1.270774999999999988e+00,-6.163459999999999495e-01,-1.916929000000000105e+00,1.117764999999999898e+00,9.392540000000000333e-01,-5.530999999999999805e-02,4.292210000000000192e-01,4.037189999999999945e-01,4.669600000000000140e-02,-5.908440000000000358e-01,-8.081199999999999495e-02,5.312280000000000335e-01,7.352410000000000334e-01,6.842369999999999841e-01,-2.593230000000000257e-01,-2.980800000000000116e-02,-5.143389999999999906e-01,-5.653430000000000399e-01,7.862440000000000540e-01,1.219772000000000078e+00,-7.693560000000000398e-01,3.017130000000000090e-01,2.252079999999999915e-01,-2.980800000000000116e-02,-1.063130000000000047e-01,-6.163459999999999495e-01,7.862440000000000540e-01,4.547229999999999883e-01,2.119499999999999856e-02,2.119499999999999856e-02,7.352410000000000334e-01,3.782179999999999986e-01,-2.593230000000000257e-01,7.607420000000000293e-01,4.547229999999999883e-01,-1.063130000000000047e-01,2.119499999999999856e-02,-2.083200000000000052e-01,-7.693560000000000398e-01,-1.318149999999999877e-01,-3.358280000000000154e-01,1.551293000000000033e+00,1.627798000000000078e+00,4.669600000000000140e-02,-5.908440000000000358e-01,7.219799999999999829e-02,-1.828180000000000083e-01,-2.681977999999999973e+00,6.842369999999999841e-01,1.245273000000000074e+00,1.117764999999999898e+00,9.392540000000000333e-01,3.527159999999999740e-01,-5.398410000000000153e-01,-1.063130000000000047e-01,7.219799999999999829e-02,3.017130000000000090e-01,1.232010000000000050e-01,2.119499999999999856e-02,1.997059999999999946e-01,2.507099999999999884e-01,6.332339999999999636e-01,-3.103259999999999907e-01,-4.378349999999999742e-01,7.097390000000000088e-01,1.232010000000000050e-01,1.997059999999999946e-01,1.997059999999999946e-01,2.762109999999999843e-01,-2.980800000000000116e-02,4.669600000000000140e-02,-1.318149999999999877e-01,9.392540000000000333e-01,-5.143389999999999906e-01,-7.948570000000000357e-01,7.607420000000000293e-01,-2.593230000000000257e-01,-4.888379999999999947e-01,7.097390000000000088e-01,9.137520000000000087e-01,5.822310000000000541e-01,4.547229999999999883e-01,7.862440000000000540e-01,4.292210000000000192e-01,1.997059999999999946e-01,4.669600000000000140e-02,-5.398410000000000153e-01,-3.103259999999999907e-01,2.762109999999999843e-01,-6.673489999999999700e-01,-9.223660000000000192e-01,-4.378349999999999742e-01,9.902570000000000539e-01,5.567290000000000294e-01,3.017130000000000090e-01,3.272140000000000049e-01,6.332339999999999636e-01,4.292210000000000192e-01,9.137520000000000087e-01,2.507099999999999884e-01,-1.355893000000000015e+00,-2.083200000000000052e-01,8.882499999999999840e-01,1.232010000000000050e-01,3.017130000000000090e-01,7.219799999999999829e-02,1.232010000000000050e-01,3.782179999999999986e-01,9.769999999999999518e-02,-1.100877000000000105e+00,8.627489999999999881e-01,8.372469999999999635e-01,-5.398410000000000153e-01,1.742049999999999987e-01,4.292210000000000192e-01,-5.530999999999999805e-02,-2.980800000000000116e-02,4.802239999999999842e-01,3.782179999999999986e-01,5.312280000000000335e-01,3.782179999999999986e-01,-5.530999999999999805e-02,-3.358280000000000154e-01,1.487030000000000018e-01,9.769999999999999518e-02,2.119499999999999856e-02,7.219799999999999829e-02,2.762109999999999843e-01,3.527159999999999740e-01,1.232010000000000050e-01,-1.318149999999999877e-01,6.332339999999999636e-01,6.332339999999999636e-01,-1.318149999999999877e-01,3.272140000000000049e-01,4.669600000000000140e-02,-6.418479999999999741e-01,-8.203589999999999494e-01,-2.083200000000000052e-01,6.587359999999999882e-01,6.587359999999999882e-01,1.347280000000000033e+00,6.332339999999999636e-01,-8.203589999999999494e-01,-8.081199999999999495e-02,-4.888379999999999947e-01,1.092262999999999984e+00,-6.418479999999999741e-01,-6.928509999999999946e-01,9.902570000000000539e-01,9.647550000000000292e-01,3.272140000000000049e-01,-1.318149999999999877e-01,-1.573170000000000124e-01,1.232010000000000050e-01,5.567290000000000294e-01,1.742049999999999987e-01,1.487030000000000018e-01,-8.968639999999999946e-01,-1.814923000000000064e+00,-5.530999999999999805e-02,5.567290000000000294e-01,1.474787999999999988e+00,1.423785000000000078e+00,4.802239999999999842e-01,2.762109999999999843e-01,-2.848249999999999948e-01,-3.868309999999999804e-01,1.487030000000000018e-01,4.037189999999999945e-01,9.769999999999999518e-02,-6.418479999999999741e-01,-4.378349999999999742e-01,4.802239999999999842e-01,4.547229999999999883e-01,4.292210000000000192e-01,4.292210000000000192e-01,1.232010000000000050e-01,-2.593230000000000257e-01,-2.980800000000000116e-02,2.252079999999999915e-01,4.802239999999999842e-01,2.252079999999999915e-01,2.252079999999999915e-01,1.742049999999999987e-01,-4.378349999999999742e-01,-1.559906000000000015e+00,5.312280000000000335e-01,1.296276999999999902e+00,9.392540000000000333e-01,-8.081199999999999495e-02,-3.103259999999999907e-01,7.607420000000000293e-01,7.219799999999999829e-02,-2.980800000000000116e-02,7.862440000000000540e-01,-1.063130000000000047e-01,-6.928509999999999946e-01,-2.338210000000000011e-01,2.252079999999999915e-01,5.567290000000000294e-01,7.352410000000000334e-01,-1.993433999999999928e+00,5.312280000000000335e-01,8.882499999999999840e-01,6.332339999999999636e-01,5.312280000000000335e-01,-4.123330000000000051e-01,1.487030000000000018e-01,3.782179999999999986e-01,3.782179999999999986e-01,3.782179999999999986e-01,6.332339999999999636e-01,4.292210000000000192e-01,-7.948570000000000357e-01,-1.049873999999999974e+00,1.997059999999999946e-01,5.822310000000000541e-01,7.862440000000000540e-01,-1.318149999999999877e-01,1.232010000000000050e-01,2.507099999999999884e-01,1.997059999999999946e-01,2.762109999999999843e-01,-3.358280000000000154e-01,1.742049999999999987e-01,-2.980800000000000116e-02,7.352410000000000334e-01,-8.081199999999999495e-02,-8.081199999999999495e-02,7.862440000000000540e-01,4.292210000000000192e-01,-8.458609999999999740e-01,-4.633360000000000256e-01,9.647550000000000292e-01,4.292210000000000192e-01,1.232010000000000050e-01,-7.438540000000000152e-01,-1.063130000000000047e-01,4.669600000000000140e-02,6.587359999999999882e-01,8.882499999999999840e-01,9.647550000000000292e-01,4.802239999999999842e-01,7.352410000000000334e-01,7.219799999999999829e-02,-1.100877000000000105e+00,-6.418479999999999741e-01,-1.828180000000000083e-01,-8.081199999999999495e-02,1.232010000000000050e-01,1.997059999999999946e-01,1.232010000000000050e-01,5.567290000000000294e-01,3.017130000000000090e-01,8.372469999999999635e-01,-2.083200000000000052e-01,5.057260000000000089e-01,2.119499999999999856e-02,-1.573170000000000124e-01,-6.928509999999999946e-01,6.587359999999999882e-01,6.332339999999999636e-01,1.232010000000000050e-01,-5.530999999999999805e-02,3.272140000000000049e-01,9.769999999999999518e-02,2.119499999999999856e-02,1.997059999999999946e-01,2.762109999999999843e-01,1.487030000000000018e-01,5.312280000000000335e-01,3.017130000000000090e-01,-5.143389999999999906e-01,1.232010000000000050e-01,2.119499999999999856e-02,2.119499999999999856e-02,4.802239999999999842e-01,1.245273000000000074e+00,-6.163459999999999495e-01,-6.928509999999999946e-01,1.997059999999999946e-01,1.997059999999999946e-01,2.762109999999999843e-01,9.769999999999999518e-02,1.487030000000000018e-01,9.769999999999999518e-02,-5.530999999999999805e-02,3.017130000000000090e-01,-4.307000000000000065e-03,2.507099999999999884e-01,3.017130000000000090e-01,8.372469999999999635e-01,3.272140000000000049e-01,-8.968639999999999946e-01,-2.083200000000000052e-01,6.332339999999999636e-01,1.041260000000000074e+00,-2.338210000000000011e-01,-1.508903000000000105e+00,5.057260000000000089e-01,1.143267000000000033e+00,4.292210000000000192e-01,5.567290000000000294e-01,1.742049999999999987e-01,5.822310000000000541e-01,-1.828180000000000083e-01,-7.948570000000000357e-01,-1.075374999999999970e+00,7.219799999999999829e-02,5.567290000000000294e-01,4.802239999999999842e-01,7.219799999999999829e-02,4.292210000000000192e-01,3.782179999999999986e-01,5.822310000000000541e-01,1.742049999999999987e-01,-2.848249999999999948e-01,-3.613299999999999845e-01,3.527159999999999740e-01,4.037189999999999945e-01,1.742049999999999987e-01,1.997059999999999946e-01,2.119499999999999856e-02,1.117764999999999898e+00,6.077320000000000499e-01,-1.024372000000000060e+00,-1.279387999999999970e+00,1.487030000000000018e-01,1.997059999999999946e-01,6.587359999999999882e-01,1.347280000000000033e+00,-8.081199999999999495e-02,-5.653430000000000399e-01,3.272140000000000049e-01,5.567290000000000294e-01,7.097390000000000088e-01,8.372469999999999635e-01,6.077320000000000499e-01,-2.018936000000000064e+00,9.769999999999999518e-02,7.862440000000000540e-01,-2.338210000000000011e-01,-8.081199999999999495e-02,-1.318149999999999877e-01,4.037189999999999945e-01,1.742049999999999987e-01,6.842369999999999841e-01,5.057260000000000089e-01,-3.613299999999999845e-01,-4.307000000000000065e-03,5.312280000000000335e-01,2.252079999999999915e-01,4.669600000000000140e-02,4.669600000000000140e-02,3.272140000000000049e-01,1.041260000000000074e+00,-2.083200000000000052e-01,-1.483402000000000109e+00,4.292210000000000192e-01,7.097390000000000088e-01,2.119499999999999856e-02,4.292210000000000192e-01,3.017130000000000090e-01,3.782179999999999986e-01,-7.948570000000000357e-01,-1.063130000000000047e-01,1.194269999999999943e+00,1.487030000000000018e-01,2.762109999999999843e-01,-2.083200000000000052e-01,1.487030000000000018e-01,7.097390000000000088e-01,5.312280000000000335e-01,2.119499999999999856e-02,1.997059999999999946e-01,1.232010000000000050e-01,-2.980800000000000116e-02,-1.381394999999999929e+00,2.762109999999999843e-01,7.097390000000000088e-01,1.487030000000000018e-01,5.312280000000000335e-01,-6.418479999999999741e-01,-4.123330000000000051e-01,-1.573170000000000124e-01,4.547229999999999883e-01,7.862440000000000540e-01,1.551293000000000033e+00,9.137520000000000087e-01,-1.049873999999999974e+00,-1.330392000000000019e+00,6.842369999999999841e-01,5.057260000000000089e-01,7.352410000000000334e-01,4.547229999999999883e-01,3.527159999999999740e-01,-5.143389999999999906e-01,-1.151880000000000015e+00,2.507099999999999884e-01,-5.908440000000000358e-01,-3.103259999999999907e-01,8.117459999999999676e-01,1.704302999999999901e+00,8.372469999999999635e-01,-1.330392000000000019e+00,-5.653430000000000399e-01,1.168768000000000029e+00,1.232010000000000050e-01,-5.530999999999999805e-02,-2.083200000000000052e-01,4.037189999999999945e-01,6.842369999999999841e-01,-1.318149999999999877e-01,-2.593230000000000257e-01,1.742049999999999987e-01,9.769999999999999518e-02,4.292210000000000192e-01,2.507099999999999884e-01,-8.713619999999999699e-01,3.782179999999999986e-01,1.742049999999999987e-01,4.802239999999999842e-01,3.272140000000000049e-01,7.862440000000000540e-01,5.312280000000000335e-01,1.487030000000000018e-01,-2.338210000000000011e-01,-1.828180000000000083e-01,7.219799999999999829e-02,-5.908440000000000358e-01,-6.418479999999999741e-01,5.567290000000000294e-01,3.272140000000000049e-01,1.117764999999999898e+00,2.119499999999999856e-02,-3.868309999999999804e-01,8.627489999999999881e-01,5.822310000000000541e-01,-5.143389999999999906e-01,-5.908440000000000358e-01,1.487030000000000018e-01,4.547229999999999883e-01,3.782179999999999986e-01,1.143267000000000033e+00,-1.063130000000000047e-01,-6.418479999999999741e-01,-3.868309999999999804e-01,1.742049999999999987e-01,-3.103259999999999907e-01,5.567290000000000294e-01,5.057260000000000089e-01,1.742049999999999987e-01,3.017130000000000090e-01,-1.318149999999999877e-01,6.587359999999999882e-01,-3.358280000000000154e-01,-5.653430000000000399e-01,-8.081199999999999495e-02,3.272140000000000049e-01,6.587359999999999882e-01,7.219799999999999829e-02,5.312280000000000335e-01,4.292210000000000192e-01,1.487030000000000018e-01,9.769999999999999518e-02,-1.318149999999999877e-01,-5.530999999999999805e-02,-4.307000000000000065e-03,-2.848249999999999948e-01,-3.868309999999999804e-01,1.742049999999999987e-01,8.117459999999999676e-01,7.607420000000000293e-01,5.057260000000000089e-01,7.219799999999999829e-02,-5.530999999999999805e-02,-1.318149999999999877e-01,-1.063130000000000047e-01,7.219799999999999829e-02,4.669600000000000140e-02,-5.530999999999999805e-02,7.097390000000000088e-01,3.272140000000000049e-01,-8.203589999999999494e-01,3.782179999999999986e-01,7.352410000000000334e-01,6.587359999999999882e-01,-1.228385000000000060e+00,4.292210000000000192e-01,5.312280000000000335e-01,2.252079999999999915e-01,2.507099999999999884e-01,-5.530999999999999805e-02,1.487030000000000018e-01,1.487030000000000018e-01,-1.063130000000000047e-01,-1.318149999999999877e-01,6.842369999999999841e-01,-3.868309999999999804e-01,2.507099999999999884e-01,-4.888379999999999947e-01,6.077320000000000499e-01,3.017130000000000090e-01,4.037189999999999945e-01,4.037189999999999945e-01,5.567290000000000294e-01,-1.063130000000000047e-01,-5.530999999999999805e-02,3.017130000000000090e-01,-3.358280000000000154e-01,-3.103259999999999907e-01,-2.980800000000000116e-02,3.272140000000000049e-01,5.822310000000000541e-01,-3.868309999999999804e-01,4.037189999999999945e-01,3.272140000000000049e-01,3.272140000000000049e-01,9.769999999999999518e-02,1.487030000000000018e-01,4.037189999999999945e-01,2.119499999999999856e-02,7.219799999999999829e-02,-1.828180000000000083e-01,-4.378349999999999742e-01,-2.593230000000000257e-01,9.902570000000000539e-01,1.270774999999999988e+00,7.352410000000000334e-01,9.769999999999999518e-02,-1.304890000000000105e+00,-4.307000000000000065e-03,-3.868309999999999804e-01,9.137520000000000087e-01,1.232010000000000050e-01,1.232010000000000050e-01,-5.908440000000000358e-01,6.842369999999999841e-01,-6.163459999999999495e-01,2.252079999999999915e-01,7.097390000000000088e-01,6.077320000000000499e-01,7.862440000000000540e-01,4.669600000000000140e-02,-5.398410000000000153e-01,-4.307000000000000065e-03,1.997059999999999946e-01,7.219799999999999829e-02,-2.980800000000000116e-02,3.272140000000000049e-01,5.057260000000000089e-01,7.219799999999999829e-02,9.769999999999999518e-02,4.669600000000000140e-02,1.742049999999999987e-01,-2.848249999999999948e-01,2.119499999999999856e-02,2.119499999999999856e-02,-6.163459999999999495e-01,1.066761999999999988e+00,1.143267000000000033e+00,-3.103259999999999907e-01,-1.318149999999999877e-01,4.037189999999999945e-01,8.117459999999999676e-01,-9.223660000000000192e-01,-1.063130000000000047e-01,4.669600000000000140e-02,3.272140000000000049e-01,3.272140000000000049e-01,-4.123330000000000051e-01,1.997059999999999946e-01,1.270774999999999988e+00,7.097390000000000088e-01,-1.024372000000000060e+00,1.487030000000000018e-01,1.015759000000000079e+00,-8.081199999999999495e-02,-3.103259999999999907e-01,2.119499999999999856e-02,-4.123330000000000051e-01,7.219799999999999829e-02,1.997059999999999946e-01,2.252079999999999915e-01,1.742049999999999987e-01,7.219799999999999829e-02,4.292210000000000192e-01,1.487030000000000018e-01,2.762109999999999843e-01,3.527159999999999740e-01,3.017130000000000090e-01,-6.418479999999999741e-01,2.762109999999999843e-01,4.037189999999999945e-01,1.997059999999999946e-01,4.669600000000000140e-02,4.802239999999999842e-01,2.119499999999999856e-02,4.669600000000000140e-02,9.769999999999999518e-02,3.527159999999999740e-01,1.742049999999999987e-01,1.487030000000000018e-01,2.762109999999999843e-01,3.272140000000000049e-01,-3.358280000000000154e-01,-6.418479999999999741e-01,3.272140000000000049e-01,3.272140000000000049e-01,1.997059999999999946e-01,2.762109999999999843e-01,4.669600000000000140e-02,-2.980800000000000116e-02,3.272140000000000049e-01,2.252079999999999915e-01,7.219799999999999829e-02,-2.980800000000000116e-02,4.037189999999999945e-01,5.567290000000000294e-01,9.137520000000000087e-01,-3.868309999999999804e-01,-1.177381999999999929e+00,-1.063130000000000047e-01,4.292210000000000192e-01,1.742049999999999987e-01,4.802239999999999842e-01,1.232010000000000050e-01,-5.530999999999999805e-02,2.252079999999999915e-01,-4.307000000000000065e-03,8.117459999999999676e-01,5.822310000000000541e-01,-2.848249999999999948e-01,-3.868309999999999804e-01,-1.063130000000000047e-01,2.119499999999999856e-02,-6.928509999999999946e-01,7.352410000000000334e-01,5.312280000000000335e-01,6.332339999999999636e-01,2.252079999999999915e-01,1.742049999999999987e-01,6.077320000000000499e-01,3.272140000000000049e-01,-5.398410000000000153e-01,9.769999999999999518e-02,-1.318149999999999877e-01,-4.378349999999999742e-01,-1.063130000000000047e-01,9.137520000000000087e-01,-1.024372000000000060e+00,3.527159999999999740e-01,5.057260000000000089e-01,3.272140000000000049e-01,9.137520000000000087e-01,2.119499999999999856e-02,1.997059999999999946e-01,1.997059999999999946e-01,4.802239999999999842e-01,-1.318149999999999877e-01,-4.888379999999999947e-01,6.332339999999999636e-01,7.352410000000000334e-01,2.252079999999999915e-01,-2.338210000000000011e-01,-5.143389999999999906e-01,-9.223660000000000192e-01,-4.888379999999999947e-01,5.567290000000000294e-01,9.647550000000000292e-01,4.037189999999999945e-01,1.232010000000000050e-01,6.587359999999999882e-01,4.669600000000000140e-02,-2.083200000000000052e-01,2.252079999999999915e-01,4.669600000000000140e-02,-3.868309999999999804e-01,3.017130000000000090e-01,8.117459999999999676e-01,8.372469999999999635e-01,-5.143389999999999906e-01,-3.868309999999999804e-01,-1.063130000000000047e-01,1.487030000000000018e-01,1.997059999999999946e-01,4.037189999999999945e-01,5.567290000000000294e-01,4.292210000000000192e-01,-3.868309999999999804e-01,2.119499999999999856e-02,2.507099999999999884e-01,1.487030000000000018e-01,1.997059999999999946e-01,8.372469999999999635e-01,7.862440000000000540e-01,-6.673489999999999700e-01,-5.143389999999999906e-01,-4.888379999999999947e-01,3.017130000000000090e-01,3.272140000000000049e-01,1.232010000000000050e-01,1.372781000000000029e+00,1.232010000000000050e-01,3.782179999999999986e-01,-4.633360000000000256e-01,-2.095441000000000109e+00,-4.888379999999999947e-01,8.372469999999999635e-01,1.041260000000000074e+00,5.567290000000000294e-01,1.997059999999999946e-01,4.547229999999999883e-01,4.037189999999999945e-01,1.997059999999999946e-01,9.769999999999999518e-02,-8.081199999999999495e-02,-2.083200000000000052e-01,-3.613299999999999845e-01,4.037189999999999945e-01,-2.980800000000000116e-02,4.802239999999999842e-01,2.762109999999999843e-01,-5.653430000000000399e-01,3.782179999999999986e-01,3.272140000000000049e-01,-4.307000000000000065e-03,6.077320000000000499e-01,4.292210000000000192e-01,-6.673489999999999700e-01,2.252079999999999915e-01,6.332339999999999636e-01,7.352410000000000334e-01,-1.828180000000000083e-01,-8.081199999999999495e-02,-1.573170000000000124e-01,5.057260000000000089e-01,2.119499999999999856e-02,-2.083200000000000052e-01,5.567290000000000294e-01,6.587359999999999882e-01,4.669600000000000140e-02,1.232010000000000050e-01,-5.530999999999999805e-02,2.762109999999999843e-01,1.015759000000000079e+00,-2.848249999999999948e-01,-1.814923000000000064e+00,-1.828180000000000083e-01,7.352410000000000334e-01,1.015759000000000079e+00,3.782179999999999986e-01,2.762109999999999843e-01,6.332339999999999636e-01,4.802239999999999842e-01,-5.908440000000000358e-01,-2.083200000000000052e-01,-2.338210000000000011e-01,7.219799999999999829e-02,1.742049999999999987e-01,8.627489999999999881e-01,7.352410000000000334e-01,3.527159999999999740e-01,7.219799999999999829e-02,9.769999999999999518e-02,-5.143389999999999906e-01,-4.307000000000000065e-03,2.119499999999999856e-02,4.037189999999999945e-01,-8.081199999999999495e-02,2.507099999999999884e-01,8.117459999999999676e-01,5.312280000000000335e-01,-1.406897000000000064e+00,2.119499999999999856e-02,1.296276999999999902e+00,-5.653430000000000399e-01,9.769999999999999518e-02,7.862440000000000540e-01,-1.151880000000000015e+00,-3.868309999999999804e-01,1.423785000000000078e+00,8.882499999999999840e-01,1.551293000000000033e+00,-1.828180000000000083e-01,-2.707479999999999887e+00,-1.559906000000000015e+00,1.398282999999999943e+00,9.137520000000000087e-01,9.647550000000000292e-01,3.017130000000000090e-01,7.219799999999999829e-02,2.762109999999999843e-01,-1.304890000000000105e+00,3.782179999999999986e-01,3.272140000000000049e-01,4.292210000000000192e-01,9.902570000000000539e-01,3.017130000000000090e-01,-1.063130000000000047e-01,2.252079999999999915e-01,3.272140000000000049e-01,1.487030000000000018e-01,4.037189999999999945e-01,-1.355893000000000015e+00,-2.338210000000000011e-01,-2.848249999999999948e-01,3.017130000000000090e-01,5.822310000000000541e-01,1.487030000000000018e-01,5.312280000000000335e-01,7.352410000000000334e-01,5.057260000000000089e-01,-4.307000000000000065e-03,4.292210000000000192e-01,-1.712916000000000105e+00,6.332339999999999636e-01,1.474787999999999988e+00,2.507099999999999884e-01,3.017130000000000090e-01,2.119499999999999856e-02,-1.253886999999999974e+00,-3.103259999999999907e-01,6.332339999999999636e-01,1.092262999999999984e+00,5.312280000000000335e-01,-2.848249999999999948e-01,1.997059999999999946e-01,1.232010000000000050e-01,4.802239999999999842e-01,-1.253886999999999974e+00,2.762109999999999843e-01,5.567290000000000294e-01,5.312280000000000335e-01,6.587359999999999882e-01,4.669600000000000140e-02,-4.888379999999999947e-01,-1.406897000000000064e+00,6.587359999999999882e-01,1.117764999999999898e+00,1.168768000000000029e+00,-1.063130000000000047e-01,-8.081199999999999495e-02,1.997059999999999946e-01,1.997059999999999946e-01,-1.318149999999999877e-01,4.669600000000000140e-02,1.232010000000000050e-01,-8.081199999999999495e-02,1.232010000000000050e-01,-5.143389999999999906e-01,7.219799999999999829e-02,5.312280000000000335e-01,4.547229999999999883e-01,2.119499999999999856e-02,4.669600000000000140e-02,4.037189999999999945e-01,1.742049999999999987e-01,9.769999999999999518e-02,1.117764999999999898e+00,1.168768000000000029e+00,-3.868309999999999804e-01,-4.378349999999999742e-01,-5.653430000000000399e-01,4.292210000000000192e-01,4.802239999999999842e-01,-1.151880000000000015e+00,2.119499999999999856e-02,4.802239999999999842e-01,5.567290000000000294e-01,2.507099999999999884e-01,9.392540000000000333e-01,6.077320000000000499e-01,1.742049999999999987e-01,-1.573170000000000124e-01,-5.908440000000000358e-01,-3.868309999999999804e-01,-8.081199999999999495e-02,3.272140000000000049e-01,7.607420000000000293e-01,3.527159999999999740e-01,2.507099999999999884e-01,1.997059999999999946e-01,1.487030000000000018e-01,-3.613299999999999845e-01,-2.980800000000000116e-02,7.219799999999999829e-02,1.997059999999999946e-01,3.017130000000000090e-01,-5.908440000000000358e-01,6.077320000000000499e-01,4.547229999999999883e-01,1.232010000000000050e-01,6.077320000000000499e-01,1.117764999999999898e+00,3.272140000000000049e-01,-1.483402000000000109e+00,-7.438540000000000152e-01,4.292210000000000192e-01,1.232010000000000050e-01,7.352410000000000334e-01,7.352410000000000334e-01,1.487030000000000018e-01,3.272140000000000049e-01,3.017130000000000090e-01,-3.613299999999999845e-01,-7.948570000000000357e-01,2.252079999999999915e-01,3.017130000000000090e-01,-4.123330000000000051e-01,3.782179999999999986e-01,6.842369999999999841e-01,1.143267000000000033e+00,8.627489999999999881e-01,-5.653430000000000399e-01,-6.928509999999999946e-01,1.232010000000000050e-01,1.742049999999999987e-01,3.272140000000000049e-01,9.769999999999999518e-02,1.997059999999999946e-01,-7.438540000000000152e-01,3.272140000000000049e-01,1.347280000000000033e+00,1.270774999999999988e+00,-1.789420999999999928e+00,-3.868309999999999804e-01,1.742049999999999987e-01,-8.081199999999999495e-02,1.219772000000000078e+00,1.831811000000000078e+00,1.232010000000000050e-01,-8.713619999999999699e-01,-5.908440000000000358e-01,-8.458609999999999740e-01,9.769999999999999518e-02,4.802239999999999842e-01,5.057260000000000089e-01,5.312280000000000335e-01,3.272140000000000049e-01,4.547229999999999883e-01,9.769999999999999518e-02,1.742049999999999987e-01,1.487030000000000018e-01,1.742049999999999987e-01,-8.713619999999999699e-01,3.527159999999999740e-01,2.762109999999999843e-01,-4.888379999999999947e-01,4.292210000000000192e-01,-8.081199999999999495e-02,5.567290000000000294e-01,6.332339999999999636e-01,3.017130000000000090e-01,-5.530999999999999805e-02,-1.063130000000000047e-01,-5.530999999999999805e-02,7.219799999999999829e-02,5.567290000000000294e-01,-5.530999999999999805e-02,3.272140000000000049e-01,1.232010000000000050e-01,-2.980800000000000116e-02,-5.653430000000000399e-01,6.077320000000000499e-01,8.882499999999999840e-01,-5.398410000000000153e-01,-2.980800000000000116e-02,1.997059999999999946e-01,3.527159999999999740e-01,3.272140000000000049e-01,-8.081199999999999495e-02,-7.693560000000000398e-01,1.997059999999999946e-01,-6.928509999999999946e-01,1.245273000000000074e+00,1.194269999999999943e+00,2.252079999999999915e-01,2.119499999999999856e-02,9.769999999999999518e-02,6.587359999999999882e-01,-4.307000000000000065e-03,-3.868309999999999804e-01,-2.338210000000000011e-01,2.762109999999999843e-01,4.037189999999999945e-01,-1.573170000000000124e-01,-1.712916000000000105e+00,5.057260000000000089e-01,1.168768000000000029e+00,5.312280000000000335e-01,4.802239999999999842e-01,-2.980800000000000116e-02,-5.143389999999999906e-01,3.017130000000000090e-01,3.272140000000000049e-01,3.017130000000000090e-01,2.762109999999999843e-01,2.762109999999999843e-01,3.527159999999999740e-01,-6.928509999999999946e-01,-7.693560000000000398e-01,1.143267000000000033e+00,5.567290000000000294e-01,-1.573170000000000124e-01,-6.418479999999999741e-01,-3.358280000000000154e-01,8.117459999999999676e-01,8.117459999999999676e-01,3.527159999999999740e-01,-1.063130000000000047e-01,-1.573170000000000124e-01,7.097390000000000088e-01,3.527159999999999740e-01,-1.049873999999999974e+00,-2.338210000000000011e-01,7.607420000000000293e-01,5.312280000000000335e-01,7.097390000000000088e-01,-1.063130000000000047e-01,-5.398410000000000153e-01,-2.848249999999999948e-01,4.547229999999999883e-01,2.119499999999999856e-02,5.567290000000000294e-01,8.627489999999999881e-01,-3.103259999999999907e-01,4.669600000000000140e-02,9.769999999999999518e-02,-1.318149999999999877e-01,1.742049999999999987e-01,3.017130000000000090e-01,5.312280000000000335e-01,3.017130000000000090e-01,-2.980800000000000116e-02,4.669600000000000140e-02,-4.378349999999999742e-01,7.097390000000000088e-01,-8.081199999999999495e-02,-8.968639999999999946e-01,5.312280000000000335e-01,8.372469999999999635e-01,4.292210000000000192e-01,-4.307000000000000065e-03,3.527159999999999740e-01,4.292210000000000192e-01,-2.848249999999999948e-01,9.769999999999999518e-02,4.669600000000000140e-02,-2.848249999999999948e-01,-2.083200000000000052e-01,3.782179999999999986e-01,-4.307000000000000065e-03,5.312280000000000335e-01,6.842369999999999841e-01,-5.908440000000000358e-01,3.017130000000000090e-01,8.372469999999999635e-01,-1.318149999999999877e-01,1.997059999999999946e-01,-5.530999999999999805e-02,5.057260000000000089e-01,-7.438540000000000152e-01,3.272140000000000049e-01,3.272140000000000049e-01,-3.103259999999999907e-01,2.762109999999999843e-01,3.782179999999999986e-01,-7.438540000000000152e-01,4.292210000000000192e-01,7.097390000000000088e-01,2.252079999999999915e-01,8.882499999999999840e-01,8.372469999999999635e-01,4.669600000000000140e-02,-1.828180000000000083e-01,-1.828180000000000083e-01,-1.573170000000000124e-01,9.769999999999999518e-02,9.769999999999999518e-02,-1.318149999999999877e-01,5.567290000000000294e-01,-1.126379000000000019e+00,-1.063130000000000047e-01,7.607420000000000293e-01,6.842369999999999841e-01,6.332339999999999636e-01,-2.980800000000000116e-02,3.272140000000000049e-01,4.292210000000000192e-01,3.272140000000000049e-01,-8.081199999999999495e-02,2.252079999999999915e-01,-5.530999999999999805e-02,1.742049999999999987e-01,4.802239999999999842e-01,-7.693560000000000398e-01,-1.253886999999999974e+00,-1.126379000000000019e+00,9.902570000000000539e-01,5.057260000000000089e-01,1.143267000000000033e+00,1.296276999999999902e+00,5.567290000000000294e-01,3.782179999999999986e-01,1.997059999999999946e-01,-1.063130000000000047e-01,-7.183530000000000193e-01,-4.123330000000000051e-01,-1.318149999999999877e-01,-1.828180000000000083e-01,4.547229999999999883e-01,6.842369999999999841e-01,-4.888379999999999947e-01,8.117459999999999676e-01,9.137520000000000087e-01,2.252079999999999915e-01,3.527159999999999740e-01,-8.968639999999999946e-01,-5.530999999999999805e-02,5.312280000000000335e-01,5.057260000000000089e-01,2.507099999999999884e-01,3.527159999999999740e-01,5.057260000000000089e-01,-3.613299999999999845e-01,-1.573170000000000124e-01,-1.063130000000000047e-01,-8.081199999999999495e-02,5.312280000000000335e-01,2.252079999999999915e-01,5.057260000000000089e-01,4.037189999999999945e-01,2.762109999999999843e-01,1.487030000000000018e-01,-2.848249999999999948e-01,-1.024372000000000060e+00,1.194269999999999943e+00,7.097390000000000088e-01,7.219799999999999829e-02,-4.123330000000000051e-01,-4.378349999999999742e-01,6.332339999999999636e-01,9.902570000000000539e-01,7.219799999999999829e-02,2.762109999999999843e-01,1.997059999999999946e-01,3.017130000000000090e-01,-3.868309999999999804e-01,-1.828180000000000083e-01,4.547229999999999883e-01,2.119499999999999856e-02,6.332339999999999636e-01,1.997059999999999946e-01,2.119499999999999856e-02,-6.163459999999999495e-01,7.219799999999999829e-02,-8.081199999999999495e-02,-2.338210000000000011e-01,7.219799999999999829e-02,8.372469999999999635e-01,7.607420000000000293e-01,5.822310000000000541e-01,1.487030000000000018e-01,4.669600000000000140e-02,-3.613299999999999845e-01,-2.848249999999999948e-01,1.398282999999999943e+00,1.551293000000000033e+00,-7.438540000000000152e-01,-1.483402000000000109e+00,2.119499999999999856e-02,-1.573170000000000124e-01,5.057260000000000089e-01,5.312280000000000335e-01,9.137520000000000087e-01,-3.103259999999999907e-01,-8.081199999999999495e-02,3.527159999999999740e-01,2.507099999999999884e-01,7.352410000000000334e-01,-3.103259999999999907e-01,2.762109999999999843e-01,-2.980800000000000116e-02,-1.024372000000000060e+00,4.802239999999999842e-01,4.802239999999999842e-01,7.607420000000000293e-01,7.352410000000000334e-01,-8.081199999999999495e-02,-1.318149999999999877e-01,4.802239999999999842e-01,4.547229999999999883e-01,6.842369999999999841e-01,4.292210000000000192e-01,-3.358280000000000154e-01,-1.202884000000000064e+00,-5.398410000000000153e-01,2.119499999999999856e-02,5.312280000000000335e-01,5.822310000000000541e-01,9.647550000000000292e-01,6.587359999999999882e-01,4.037189999999999945e-01,-4.378349999999999742e-01,3.272140000000000049e-01,-3.868309999999999804e-01,-6.163459999999999495e-01,9.769999999999999518e-02,5.312280000000000335e-01,5.312280000000000335e-01,1.487030000000000018e-01,1.487030000000000018e-01,7.862440000000000540e-01,3.017130000000000090e-01,-2.848249999999999948e-01,-5.398410000000000153e-01,2.252079999999999915e-01,7.219799999999999829e-02,-1.202884000000000064e+00,8.117459999999999676e-01,7.097390000000000088e-01,6.077320000000000499e-01,3.782179999999999986e-01,-1.063130000000000047e-01,-2.848249999999999948e-01,-2.083200000000000052e-01,-1.573170000000000124e-01,5.057260000000000089e-01,7.097390000000000088e-01,-2.980800000000000116e-02,1.487030000000000018e-01,-8.203589999999999494e-01,3.272140000000000049e-01,3.527159999999999740e-01,8.627489999999999881e-01,4.547229999999999883e-01,-1.304890000000000105e+00,-5.398410000000000153e-01,2.762109999999999843e-01,1.423785000000000078e+00,7.097390000000000088e-01,5.057260000000000089e-01,3.527159999999999740e-01,-1.828180000000000083e-01,1.232010000000000050e-01,-1.100877000000000105e+00,-2.299453999999999887e+00,1.219772000000000078e+00,1.041260000000000074e+00,4.037189999999999945e-01,7.352410000000000334e-01,-1.573170000000000124e-01,6.332339999999999636e-01,-3.358280000000000154e-01,9.769999999999999518e-02,5.312280000000000335e-01,1.551293000000000033e+00,-4.888379999999999947e-01,-2.962495999999999796e+00,5.312280000000000335e-01,1.372781000000000029e+00,6.332339999999999636e-01,-2.593230000000000257e-01,5.057260000000000089e-01,4.037189999999999945e-01,1.232010000000000050e-01,-2.593230000000000257e-01,1.232010000000000050e-01,-3.868309999999999804e-01,2.119499999999999856e-02,4.802239999999999842e-01,9.137520000000000087e-01,-1.318149999999999877e-01,1.487030000000000018e-01,3.017130000000000090e-01,-5.908440000000000358e-01,-5.530999999999999805e-02,7.352410000000000334e-01,3.782179999999999986e-01,-2.083200000000000052e-01,5.567290000000000294e-01,9.769999999999999518e-02,4.669600000000000140e-02,-3.358280000000000154e-01,4.037189999999999945e-01,-5.653430000000000399e-01,1.997059999999999946e-01,5.312280000000000335e-01,9.769999999999999518e-02,4.292210000000000192e-01,-1.828180000000000083e-01,9.137520000000000087e-01,3.782179999999999986e-01,-2.848249999999999948e-01,-8.081199999999999495e-02,-5.653430000000000399e-01,2.507099999999999884e-01,1.742049999999999987e-01,8.117459999999999676e-01,8.117459999999999676e-01,-8.458609999999999740e-01,-2.083200000000000052e-01,-8.081199999999999495e-02,2.507099999999999884e-01,3.527159999999999740e-01,9.769999999999999518e-02,-8.081199999999999495e-02,7.862440000000000540e-01,1.015759000000000079e+00,-8.081199999999999495e-02,-2.338210000000000011e-01,2.762109999999999843e-01,4.547229999999999883e-01,-2.338210000000000011e-01,-8.081199999999999495e-02,-1.828180000000000083e-01,-1.318149999999999877e-01,2.252079999999999915e-01,-5.530999999999999805e-02,-2.848249999999999948e-01,7.097390000000000088e-01,1.347280000000000033e+00,8.372469999999999635e-01,-6.928509999999999946e-01,-1.355893000000000015e+00,-7.438540000000000152e-01,6.077320000000000499e-01,6.587359999999999882e-01,5.312280000000000335e-01,7.219799999999999829e-02,6.842369999999999841e-01,1.997059999999999946e-01,-2.083200000000000052e-01,-8.081199999999999495e-02,-1.318149999999999877e-01,-1.828180000000000083e-01,8.117459999999999676e-01,-7.183530000000000193e-01,-7.183530000000000193e-01,5.567290000000000294e-01,9.392540000000000333e-01,7.352410000000000334e-01,4.292210000000000192e-01,3.782179999999999986e-01,-1.318149999999999877e-01,9.769999999999999518e-02,-1.573170000000000124e-01,7.219799999999999829e-02,-2.338210000000000011e-01,-2.980800000000000116e-02,-8.081199999999999495e-02,4.802239999999999842e-01,-8.081199999999999495e-02,6.077320000000000499e-01,1.245273000000000074e+00,-1.024372000000000060e+00,-1.828180000000000083e-01,4.292210000000000192e-01,3.272140000000000049e-01,-1.828180000000000083e-01,3.782179999999999986e-01,6.842369999999999841e-01,-1.828180000000000083e-01,1.997059999999999946e-01,-1.318149999999999877e-01,-5.908440000000000358e-01,4.292210000000000192e-01,1.296276999999999902e+00,5.567290000000000294e-01,-3.103259999999999907e-01,-2.083200000000000052e-01,7.219799999999999829e-02,-8.081199999999999495e-02,8.372469999999999635e-01,3.272140000000000049e-01,4.669600000000000140e-02,-6.418479999999999741e-01,-2.338210000000000011e-01,1.525790999999999897e+00,2.119499999999999856e-02,-7.183530000000000193e-01,-5.530999999999999805e-02,5.822310000000000541e-01,4.802239999999999842e-01,-1.828180000000000083e-01,3.017130000000000090e-01,-2.848249999999999948e-01,-3.103259999999999907e-01,-2.338210000000000011e-01,4.802239999999999842e-01,6.077320000000000499e-01,3.782179999999999986e-01,5.822310000000000541e-01,1.997059999999999946e-01,9.769999999999999518e-02,9.769999999999999518e-02,3.272140000000000049e-01,-2.848249999999999948e-01,-5.908440000000000358e-01,9.769999999999999518e-02,5.312280000000000335e-01,8.372469999999999635e-01,5.822310000000000541e-01,-4.888379999999999947e-01,-4.633360000000000256e-01,1.232010000000000050e-01,-4.307000000000000065e-03,1.997059999999999946e-01,1.997059999999999946e-01,4.547229999999999883e-01,7.862440000000000540e-01,5.312280000000000335e-01,4.037189999999999945e-01,-4.888379999999999947e-01,-7.438540000000000152e-01,2.252079999999999915e-01,7.862440000000000540e-01,1.245273000000000074e+00,-7.693560000000000398e-01,-2.083200000000000052e-01,-5.530999999999999805e-02,-2.083200000000000052e-01,-1.063130000000000047e-01,1.997059999999999946e-01,-1.828180000000000083e-01,3.272140000000000049e-01,8.372469999999999635e-01,6.077320000000000499e-01,3.527159999999999740e-01,1.997059999999999946e-01,6.332339999999999636e-01,2.119499999999999856e-02,-8.203589999999999494e-01,-3.103259999999999907e-01,5.312280000000000335e-01,4.292210000000000192e-01,-1.573170000000000124e-01,3.527159999999999740e-01,6.332339999999999636e-01,9.137520000000000087e-01,-6.418479999999999741e-01,-7.693560000000000398e-01,-1.063130000000000047e-01,-2.848249999999999948e-01,2.762109999999999843e-01,7.097390000000000088e-01,4.037189999999999945e-01,4.802239999999999842e-01,-5.530999999999999805e-02,5.312280000000000335e-01,2.252079999999999915e-01,-3.613299999999999845e-01,2.762109999999999843e-01,2.762109999999999843e-01,-5.143389999999999906e-01,-5.398410000000000153e-01,5.822310000000000541e-01,2.762109999999999843e-01,5.312280000000000335e-01,1.487030000000000018e-01,4.669600000000000140e-02,5.057260000000000089e-01,4.292210000000000192e-01,-1.573170000000000124e-01,-4.888379999999999947e-01,3.017130000000000090e-01,1.742049999999999987e-01,4.037189999999999945e-01,7.862440000000000540e-01,-8.081199999999999495e-02,-1.151880000000000015e+00,2.762109999999999843e-01,8.627489999999999881e-01,1.015759000000000079e+00,-5.398410000000000153e-01,3.272140000000000049e-01,-5.653430000000000399e-01,-3.868309999999999804e-01,4.037189999999999945e-01,-1.828180000000000083e-01,4.292210000000000192e-01,1.742049999999999987e-01,6.332339999999999636e-01,4.292210000000000192e-01,4.547229999999999883e-01,4.292210000000000192e-01,2.119499999999999856e-02,-1.610910000000000064e+00,-1.049873999999999974e+00,5.057260000000000089e-01,7.862440000000000540e-01,9.137520000000000087e-01,6.842369999999999841e-01,5.567290000000000294e-01,-3.613299999999999845e-01,1.232010000000000050e-01,9.769999999999999518e-02,7.219799999999999829e-02,1.742049999999999987e-01,2.119499999999999856e-02,-3.613299999999999845e-01,4.037189999999999945e-01,1.997059999999999946e-01,1.232010000000000050e-01,-4.378349999999999742e-01,-1.573170000000000124e-01,3.527159999999999740e-01,1.066761999999999988e+00,6.077320000000000499e-01,-6.928509999999999946e-01,-5.530999999999999805e-02,-1.318149999999999877e-01,6.077320000000000499e-01,1.742049999999999987e-01,4.292210000000000192e-01,2.762109999999999843e-01,-5.398410000000000153e-01,6.587359999999999882e-01,4.802239999999999842e-01,7.097390000000000088e-01,-1.318149999999999877e-01,2.119499999999999856e-02,1.997059999999999946e-01,8.117459999999999676e-01,4.037189999999999945e-01,-1.318149999999999877e-01,-6.928509999999999946e-01,-1.891428000000000109e+00,8.882499999999999840e-01,7.352410000000000334e-01,-3.613299999999999845e-01,9.392540000000000333e-01,9.392540000000000333e-01,4.547229999999999883e-01,1.742049999999999987e-01,2.762109999999999843e-01,1.997059999999999946e-01,-7.183530000000000193e-01,3.017130000000000090e-01,6.587359999999999882e-01,4.669600000000000140e-02,1.742049999999999987e-01,-2.083200000000000052e-01,-8.081199999999999495e-02,-6.418479999999999741e-01,-5.530999999999999805e-02,4.037189999999999945e-01,-8.081199999999999495e-02,2.762109999999999843e-01,9.137520000000000087e-01,1.729803999999999897e+00,-1.828180000000000083e-01,-7.438540000000000152e-01,-6.928509999999999946e-01,2.507099999999999884e-01,1.168768000000000029e+00,-6.418479999999999741e-01,-1.828180000000000083e-01,2.252079999999999915e-01,5.057260000000000089e-01,1.041260000000000074e+00,5.822310000000000541e-01,1.487030000000000018e-01,-5.143389999999999906e-01,-4.888379999999999947e-01,3.272140000000000049e-01,7.097390000000000088e-01,-2.083200000000000052e-01,-1.330392000000000019e+00,3.272140000000000049e-01,1.143267000000000033e+00,2.252079999999999915e-01,7.097390000000000088e-01,7.607420000000000293e-01,-1.126379000000000019e+00,-5.143389999999999906e-01,6.587359999999999882e-01,-8.081199999999999495e-02,-7.948570000000000357e-01,8.882499999999999840e-01,5.312280000000000335e-01,3.527159999999999740e-01,3.272140000000000049e-01,1.487030000000000018e-01,-3.358280000000000154e-01,-3.358280000000000154e-01,9.392540000000000333e-01,5.567290000000000294e-01,-6.418479999999999741e-01,5.057260000000000089e-01,1.525790999999999897e+00,-1.573170000000000124e-01,-2.528967999999999883e+00,-7.438540000000000152e-01,6.077320000000000499e-01,1.487030000000000018e-01,1.015759000000000079e+00,7.862440000000000540e-01,7.352410000000000334e-01,-2.083200000000000052e-01,2.119499999999999856e-02,9.769999999999999518e-02,7.352410000000000334e-01,2.119499999999999856e-02,3.527159999999999740e-01,-6.928509999999999946e-01,-5.908440000000000358e-01,3.272140000000000049e-01,3.272140000000000049e-01,-8.081199999999999495e-02,8.627489999999999881e-01,8.372469999999999635e-01,6.077320000000000499e-01,4.669600000000000140e-02,-1.763919000000000015e+00,-1.126379000000000019e+00,-3.868309999999999804e-01,-7.183530000000000193e-01,1.500289999999999901e+00,1.755306000000000033e+00,1.653299000000000074e+00,4.802239999999999842e-01,-7.183530000000000193e-01,-3.613299999999999845e-01,1.194269999999999943e+00,-7.948570000000000357e-01,-2.848249999999999948e-01,-1.891428000000000109e+00,6.587359999999999882e-01,9.392540000000000333e-01,6.842369999999999841e-01,4.547229999999999883e-01,6.332339999999999636e-01,1.015759000000000079e+00,-4.888379999999999947e-01,-1.585407999999999928e+00,2.252079999999999915e-01,-5.143389999999999906e-01,-5.530999999999999805e-02,1.117764999999999898e+00,-5.530999999999999805e-02,6.587359999999999882e-01,3.782179999999999986e-01,3.272140000000000049e-01,1.742049999999999987e-01,-1.318149999999999877e-01,-2.980800000000000116e-02,9.769999999999999518e-02,-4.888379999999999947e-01,4.292210000000000192e-01,2.507099999999999884e-01,1.997059999999999946e-01,-5.530999999999999805e-02,4.802239999999999842e-01,4.547229999999999883e-01,-9.733690000000000397e-01,1.742049999999999987e-01,8.117459999999999676e-01,3.017130000000000090e-01,2.119499999999999856e-02,-5.530999999999999805e-02,6.587359999999999882e-01,-1.177381999999999929e+00,-2.848249999999999948e-01,8.882499999999999840e-01,3.527159999999999740e-01,3.782179999999999986e-01,3.782179999999999986e-01,-6.928509999999999946e-01,4.037189999999999945e-01,-6.163459999999999495e-01,1.168768000000000029e+00,1.423785000000000078e+00,3.017130000000000090e-01,-2.848249999999999948e-01,-5.653430000000000399e-01,-1.075374999999999970e+00,7.352410000000000334e-01,4.292210000000000192e-01,4.547229999999999883e-01,-1.330392000000000019e+00,-4.307000000000000065e-03,8.627489999999999881e-01,-4.378349999999999742e-01,9.647550000000000292e-01,4.037189999999999945e-01,-1.063130000000000047e-01,3.017130000000000090e-01,4.547229999999999883e-01,3.527159999999999740e-01,3.527159999999999740e-01,9.769999999999999518e-02,4.669600000000000140e-02,-2.848249999999999948e-01,1.742049999999999987e-01,2.252079999999999915e-01,7.219799999999999829e-02,-2.848249999999999948e-01,-1.304890000000000105e+00,7.097390000000000088e-01,1.092262999999999984e+00,8.117459999999999676e-01,-1.573170000000000124e-01,-8.081199999999999495e-02,-9.478670000000000151e-01,-4.307000000000000065e-03,6.077320000000000499e-01,4.292210000000000192e-01,-3.613299999999999845e-01,1.092262999999999984e+00,3.272140000000000049e-01,-6.928509999999999946e-01,1.015759000000000079e+00,9.902570000000000539e-01,-2.980800000000000116e-02,-3.345021000000000022e+00,-4.378349999999999742e-01,7.352410000000000334e-01,2.316342000000000123e+00,9.392540000000000333e-01,-5.530999999999999805e-02,-3.358280000000000154e-01,3.527159999999999740e-01,1.742049999999999987e-01,-5.398410000000000153e-01,-7.948570000000000357e-01,-8.968639999999999946e-01,4.547229999999999883e-01,7.607420000000000293e-01,2.507099999999999884e-01,5.822310000000000541e-01,-1.318149999999999877e-01,9.902570000000000539e-01,6.842369999999999841e-01,4.037189999999999945e-01,-3.103259999999999907e-01,-4.378349999999999742e-01,-6.163459999999999495e-01,2.119499999999999856e-02,7.352410000000000334e-01,1.041260000000000074e+00,9.769999999999999518e-02,-8.713619999999999699e-01,7.862440000000000540e-01,7.219799999999999829e-02,-8.081199999999999495e-02,7.219799999999999829e-02,-5.398410000000000153e-01,-5.398410000000000153e-01,4.669600000000000140e-02,1.015759000000000079e+00,8.882499999999999840e-01,7.352410000000000334e-01,1.742049999999999987e-01,8.117459999999999676e-01,-2.044436999999999838e+00,-6.928509999999999946e-01,5.567290000000000294e-01,6.587359999999999882e-01,9.137520000000000087e-01,-3.868309999999999804e-01,-8.968639999999999946e-01,1.423785000000000078e+00,1.015759000000000079e+00,-4.378349999999999742e-01,-2.503467000000000109e+00,8.627489999999999881e-01,6.587359999999999882e-01,2.119499999999999856e-02,-6.418479999999999741e-01,6.842369999999999841e-01,1.143267000000000033e+00,6.842369999999999841e-01,4.292210000000000192e-01,-2.980800000000000116e-02,-4.378349999999999742e-01,-1.063130000000000047e-01,1.487030000000000018e-01,-4.307000000000000065e-03,-1.063130000000000047e-01,2.252079999999999915e-01,-5.398410000000000153e-01,-1.828180000000000083e-01,1.487030000000000018e-01,1.551293000000000033e+00,1.143267000000000033e+00,-9.223660000000000192e-01,-3.868309999999999804e-01,3.782179999999999986e-01,-4.307000000000000065e-03,-2.083200000000000052e-01,5.312280000000000335e-01,-1.049873999999999974e+00,1.219772000000000078e+00,6.077320000000000499e-01,6.587359999999999882e-01,3.272140000000000049e-01,3.527159999999999740e-01,-5.143389999999999906e-01,4.292210000000000192e-01,1.232010000000000050e-01,-1.828180000000000083e-01,-2.980800000000000116e-02,-2.980800000000000116e-02,5.057260000000000089e-01,-1.063130000000000047e-01,-8.081199999999999495e-02,9.769999999999999518e-02,-8.081199999999999495e-02,1.232010000000000050e-01,2.252079999999999915e-01,8.117459999999999676e-01,6.587359999999999882e-01,-1.063130000000000047e-01,-3.613299999999999845e-01,1.742049999999999987e-01,3.782179999999999986e-01,1.742049999999999987e-01,7.219799999999999829e-02,3.782179999999999986e-01,4.547229999999999883e-01,5.567290000000000294e-01,7.097390000000000088e-01,-5.653430000000000399e-01,-1.049873999999999974e+00,-6.673489999999999700e-01,1.742049999999999987e-01,2.507099999999999884e-01,3.272140000000000049e-01,1.997059999999999946e-01,1.219772000000000078e+00,6.332339999999999636e-01,-8.081199999999999495e-02,3.017130000000000090e-01,-7.183530000000000193e-01,3.782179999999999986e-01,5.822310000000000541e-01,-5.143389999999999906e-01,-7.693560000000000398e-01,4.037189999999999945e-01,7.097390000000000088e-01,4.802239999999999842e-01,5.057260000000000089e-01,2.119499999999999856e-02,-2.338210000000000011e-01,5.567290000000000294e-01,3.527159999999999740e-01,-1.279387999999999970e+00,-1.828180000000000083e-01,8.372469999999999635e-01,8.372469999999999635e-01,6.332339999999999636e-01,4.037189999999999945e-01,-3.358280000000000154e-01,-3.868309999999999804e-01,7.219799999999999829e-02,7.352410000000000334e-01,2.119499999999999856e-02,-2.980800000000000116e-02,-9.733690000000000397e-01,-2.848249999999999948e-01,8.372469999999999635e-01,8.882499999999999840e-01,7.097390000000000088e-01,4.547229999999999883e-01,-1.049873999999999974e+00,1.487030000000000018e-01,-1.063130000000000047e-01,1.219772000000000078e+00,1.474787999999999988e+00,-9.988700000000000356e-01,-7.693560000000000398e-01,6.587359999999999882e-01,4.037189999999999945e-01,5.057260000000000089e-01,4.292210000000000192e-01,-1.100877000000000105e+00,5.567290000000000294e-01,3.527159999999999740e-01,4.802239999999999842e-01,3.527159999999999740e-01,-4.378349999999999742e-01,-8.081199999999999495e-02,1.232010000000000050e-01,9.769999999999999518e-02,4.669600000000000140e-02,-3.103259999999999907e-01,6.587359999999999882e-01,7.862440000000000540e-01,3.272140000000000049e-01,-3.358280000000000154e-01,-6.163459999999999495e-01,9.902570000000000539e-01,-4.378349999999999742e-01,5.312280000000000335e-01,1.398282999999999943e+00,-3.103259999999999907e-01
-6.418479999999999741e-01,7.097390000000000088e-01,6.842369999999999841e-01,-1.151880000000000015e+00,-1.100877000000000105e+00,-5.530999999999999805e-02,1.092262999999999984e+00,1.997059999999999946e-01,-1.063130000000000047e-01,3.782179999999999986e-01,1.168768000000000029e+00,6.332339999999999636e-01,-5.908440000000000358e-01,3.527159999999999740e-01,-7.948570000000000357e-01,2.119499999999999856e-02,5.567290000000000294e-01,2.086826999999999988e+00,-7.693560000000000398e-01,-2.299453999999999887e+00,3.272140000000000049e-01,4.669600000000000140e-02,1.449286000000000074e+00,1.755306000000000033e+00,5.312280000000000335e-01,-2.069939000000000195e+00,-7.693560000000000398e-01,1.602295999999999943e+00,6.332339999999999636e-01,-1.063130000000000047e-01,-1.100877000000000105e+00,7.352410000000000334e-01,1.525790999999999897e+00,-7.948570000000000357e-01,-1.840424000000000060e+00,5.312280000000000335e-01,1.168768000000000029e+00,1.168768000000000029e+00,9.769999999999999518e-02,-1.202884000000000064e+00,3.017130000000000090e-01,1.015759000000000079e+00,2.112328999999999901e+00,-8.081199999999999495e-02,1.232010000000000050e-01,-1.661912999999999974e+00,-3.613299999999999845e-01,-5.398410000000000153e-01,1.997059999999999946e-01,1.296276999999999902e+00,-9.223660000000000192e-01,6.077320000000000499e-01,-7.438540000000000152e-01,1.219772000000000078e+00,1.041260000000000074e+00,-1.573170000000000124e-01,4.802239999999999842e-01,7.352410000000000334e-01,4.292210000000000192e-01,-7.948570000000000357e-01,-5.653430000000000399e-01,7.607420000000000293e-01,5.822310000000000541e-01,-1.318149999999999877e-01,-6.928509999999999946e-01,-1.126379000000000019e+00,3.272140000000000049e-01,3.272140000000000049e-01,5.567290000000000294e-01,2.762109999999999843e-01,1.296276999999999902e+00,3.017130000000000090e-01,-1.318149999999999877e-01,9.137520000000000087e-01,2.252079999999999915e-01,7.607420000000000293e-01,5.057260000000000089e-01,-1.304890000000000105e+00,-6.928509999999999946e-01,1.015759000000000079e+00,-4.123330000000000051e-01,-2.848249999999999948e-01,4.802239999999999842e-01,6.332339999999999636e-01,7.097390000000000088e-01,-6.928509999999999946e-01,1.092262999999999984e+00,3.017130000000000090e-01,-5.908440000000000358e-01,3.527159999999999740e-01,6.332339999999999636e-01,-5.398410000000000153e-01,1.232010000000000050e-01,1.232010000000000050e-01,-4.888379999999999947e-01,1.041260000000000074e+00,5.312280000000000335e-01,-8.968639999999999946e-01,4.802239999999999842e-01,1.143267000000000033e+00,-2.083200000000000052e-01,-5.908440000000000358e-01,4.802239999999999842e-01,2.762109999999999843e-01,2.762109999999999843e-01,5.822310000000000541e-01,-8.713619999999999699e-01,-2.018936000000000064e+00,8.372469999999999635e-01,7.862440000000000540e-01,1.041260000000000074e+00,4.292210000000000192e-01,9.902570000000000539e-01,8.117459999999999676e-01,-2.083200000000000052e-01,-6.673489999999999700e-01,-4.378349999999999742e-01,1.092262999999999984e+00,-2.593230000000000257e-01,-1.100877000000000105e+00,-4.888379999999999947e-01,1.117764999999999898e+00,7.352410000000000334e-01,-8.968639999999999946e-01,-7.693560000000000398e-01,1.117764999999999898e+00,4.037189999999999945e-01,-5.908440000000000358e-01,5.312280000000000335e-01,7.352410000000000334e-01,-2.083200000000000052e-01,-1.024372000000000060e+00,2.507099999999999884e-01,3.527159999999999740e-01,5.567290000000000294e-01,-1.828180000000000083e-01,7.219799999999999829e-02,1.143267000000000033e+00,9.647550000000000292e-01,-2.044436999999999838e+00,-9.733690000000000397e-01,1.742049999999999987e-01,1.232010000000000050e-01,6.332339999999999636e-01,1.321777999999999897e+00,1.168768000000000029e+00,-3.868309999999999804e-01,4.669600000000000140e-02,5.057260000000000089e-01,-8.203589999999999494e-01,-1.585407999999999928e+00,4.547229999999999883e-01,5.312280000000000335e-01,7.219799999999999829e-02,2.762109999999999843e-01,4.292210000000000192e-01,7.862440000000000540e-01,-3.103259999999999907e-01,1.742049999999999987e-01,8.372469999999999635e-01,1.143267000000000033e+00,-1.202884000000000064e+00,-1.355893000000000015e+00,2.507099999999999884e-01,3.017130000000000090e-01,-3.868309999999999804e-01,2.507099999999999884e-01,6.077320000000000499e-01,1.296276999999999902e+00,2.252079999999999915e-01,-1.318149999999999877e-01,-6.418479999999999741e-01,1.487030000000000018e-01,-2.593230000000000257e-01,5.312280000000000335e-01,6.587359999999999882e-01,-1.318149999999999877e-01,-3.358280000000000154e-01,1.066761999999999988e+00,3.272140000000000049e-01,-1.049873999999999974e+00,1.742049999999999987e-01,6.842369999999999841e-01,2.119499999999999856e-02,-1.318149999999999877e-01,1.525790999999999897e+00,-1.828180000000000083e-01,-1.916929000000000105e+00,3.782179999999999986e-01,6.077320000000000499e-01,2.762109999999999843e-01,1.398282999999999943e+00,9.647550000000000292e-01,-7.183530000000000193e-01,-3.103259999999999907e-01,1.232010000000000050e-01,-1.063130000000000047e-01,1.015759000000000079e+00,-8.713619999999999699e-01,-8.968639999999999946e-01,1.398282999999999943e+00,9.647550000000000292e-01,-5.143389999999999906e-01,2.762109999999999843e-01,5.312280000000000335e-01,7.097390000000000088e-01,-2.848249999999999948e-01,-2.605472999999999928e+00,6.332339999999999636e-01,1.525790999999999897e+00,1.232010000000000050e-01,4.292210000000000192e-01,9.769999999999999518e-02,-6.673489999999999700e-01,9.392540000000000333e-01,7.352410000000000334e-01,8.117459999999999676e-01,-5.530999999999999805e-02,-4.888379999999999947e-01,-1.063130000000000047e-01,-9.988700000000000356e-01,6.842369999999999841e-01,-2.980800000000000116e-02,-7.438540000000000152e-01,1.487030000000000018e-01,1.092262999999999984e+00,1.041260000000000074e+00,1.270774999999999988e+00,-5.530999999999999805e-02,3.017130000000000090e-01,3.527159999999999740e-01,7.219799999999999829e-02,-4.888379999999999947e-01,-3.868309999999999804e-01,-8.968639999999999946e-01,1.232010000000000050e-01,1.474787999999999988e+00,-8.081199999999999495e-02,-8.458609999999999740e-01,6.842369999999999841e-01,1.398282999999999943e+00,-2.980800000000000116e-02,-7.438540000000000152e-01,-1.049873999999999974e+00,1.933816999999999897e+00,-8.081199999999999495e-02,-2.083200000000000052e-01,5.057260000000000089e-01,5.057260000000000089e-01,1.092262999999999984e+00,-2.083200000000000052e-01,1.232010000000000050e-01,-1.585407999999999928e+00,1.997059999999999946e-01,1.525790999999999897e+00,6.842369999999999841e-01,-4.633360000000000256e-01,-1.406897000000000064e+00,8.627489999999999881e-01,2.762109999999999843e-01,1.232010000000000050e-01,3.782179999999999986e-01,1.232010000000000050e-01,3.272140000000000049e-01,3.017130000000000090e-01,-8.081199999999999495e-02,-7.693560000000000398e-01,-4.378349999999999742e-01,1.321777999999999897e+00,-4.307000000000000065e-03,3.272140000000000049e-01,-2.083200000000000052e-01,-5.908440000000000358e-01,3.272140000000000049e-01,1.755306000000000033e+00,6.587359999999999882e-01,-3.868309999999999804e-01,7.219799999999999829e-02,-3.103259999999999907e-01,-1.304890000000000105e+00,9.902570000000000539e-01,4.802239999999999842e-01,-3.868309999999999804e-01,6.842369999999999841e-01,2.762109999999999843e-01,4.037189999999999945e-01,-3.358280000000000154e-01,1.487030000000000018e-01,3.527159999999999740e-01,9.902570000000000539e-01,8.117459999999999676e-01,1.742049999999999987e-01,-1.763919000000000015e+00,4.802239999999999842e-01,6.842369999999999841e-01,2.119499999999999856e-02,-4.307000000000000065e-03,-2.593230000000000257e-01,1.487030000000000018e-01,-1.712916000000000105e+00,2.762109999999999843e-01,6.587359999999999882e-01,9.392540000000000333e-01,7.607420000000000293e-01,-5.530999999999999805e-02,1.423785000000000078e+00,4.802239999999999842e-01,-1.559906000000000015e+00,-4.307000000000000065e-03,5.822310000000000541e-01,1.997059999999999946e-01,8.882499999999999840e-01,1.092262999999999984e+00,-1.318149999999999877e-01,-8.203589999999999494e-01,-1.559906000000000015e+00,-7.948570000000000357e-01,9.137520000000000087e-01,8.882499999999999840e-01,1.296276999999999902e+00,4.037189999999999945e-01,1.015759000000000079e+00,-4.378349999999999742e-01,-5.530999999999999805e-02,-6.163459999999999495e-01,-8.081199999999999495e-02,-2.980800000000000116e-02,3.782179999999999986e-01,1.602295999999999943e+00,3.272140000000000049e-01,-5.908440000000000358e-01,-4.888379999999999947e-01,-6.418479999999999741e-01,6.332339999999999636e-01,4.292210000000000192e-01,4.037189999999999945e-01,-3.103259999999999907e-01,3.017130000000000090e-01,7.097390000000000088e-01,8.117459999999999676e-01,-1.279387999999999970e+00,6.842369999999999841e-01,2.507099999999999884e-01,-1.573170000000000124e-01,8.372469999999999635e-01,-8.081199999999999495e-02,1.742049999999999987e-01,-2.848249999999999948e-01,-1.202884000000000064e+00,3.017130000000000090e-01,1.245273000000000074e+00,6.842369999999999841e-01,7.097390000000000088e-01,-3.103259999999999907e-01,-1.828180000000000083e-01,2.119499999999999856e-02,-2.848249999999999948e-01,5.567290000000000294e-01,1.487030000000000018e-01,1.041260000000000074e+00,-1.177381999999999929e+00,-8.713619999999999699e-01,1.041260000000000074e+00,7.352410000000000334e-01,3.017130000000000090e-01,-3.613299999999999845e-01,1.232010000000000050e-01,4.547229999999999883e-01,5.312280000000000335e-01,2.507099999999999884e-01,-4.378349999999999742e-01,7.352410000000000334e-01,-8.458609999999999740e-01,4.802239999999999842e-01,3.272140000000000049e-01,4.802239999999999842e-01,-8.968639999999999946e-01,-4.378349999999999742e-01,7.607420000000000293e-01,8.372469999999999635e-01,-5.908440000000000358e-01,5.057260000000000089e-01,1.232010000000000050e-01,-4.307000000000000065e-03,8.627489999999999881e-01,3.272140000000000049e-01,1.742049999999999987e-01,-4.633360000000000256e-01,-3.358280000000000154e-01,6.332339999999999636e-01,6.077320000000000499e-01,3.272140000000000049e-01,-2.083200000000000052e-01,-3.613299999999999845e-01,-4.307000000000000065e-03,5.822310000000000541e-01,4.292210000000000192e-01,-1.483402000000000109e+00,2.119499999999999856e-02,4.037189999999999945e-01,1.347280000000000033e+00,7.352410000000000334e-01,-5.398410000000000153e-01,3.527159999999999740e-01,1.997059999999999946e-01,-3.358280000000000154e-01,-2.848249999999999948e-01,1.143267000000000033e+00,1.321777999999999897e+00,2.119499999999999856e-02,4.292210000000000192e-01,-6.163459999999999495e-01,-1.661912999999999974e+00,-3.103259999999999907e-01,2.762109999999999843e-01,-6.928509999999999946e-01,-1.318149999999999877e-01,5.567290000000000294e-01,7.352410000000000334e-01,5.312280000000000335e-01,1.729803999999999897e+00,1.449286000000000074e+00,-8.081199999999999495e-02,-1.202884000000000064e+00,-3.613299999999999845e-01,-4.378349999999999742e-01,1.997059999999999946e-01,7.097390000000000088e-01,5.057260000000000089e-01,-7.948570000000000357e-01,-5.908440000000000358e-01,6.332339999999999636e-01,9.902570000000000539e-01,-5.530999999999999805e-02,-2.980800000000000116e-02,7.097390000000000088e-01,2.252079999999999915e-01,-1.573170000000000124e-01,4.669600000000000140e-02,4.292210000000000192e-01,3.272140000000000049e-01,1.742049999999999987e-01,3.782179999999999986e-01,6.587359999999999882e-01,2.762109999999999843e-01,-4.123330000000000051e-01,-4.633360000000000256e-01,-6.163459999999999495e-01,1.232010000000000050e-01,4.037189999999999945e-01,-5.398410000000000153e-01,-3.613299999999999845e-01,1.296276999999999902e+00,1.143267000000000033e+00,-7.438540000000000152e-01,4.292210000000000192e-01,2.507099999999999884e-01,8.117459999999999676e-01,7.219799999999999829e-02,4.037189999999999945e-01,7.862440000000000540e-01,8.372469999999999635e-01,-7.183530000000000193e-01,-1.610910000000000064e+00,-9.733690000000000397e-01,5.312280000000000335e-01,-1.063130000000000047e-01,1.487030000000000018e-01,9.647550000000000292e-01,5.567290000000000294e-01,7.352410000000000334e-01,-3.868309999999999804e-01,4.547229999999999883e-01,4.037189999999999945e-01,2.762109999999999843e-01,-8.081199999999999495e-02,7.219799999999999829e-02,-2.083200000000000052e-01,-4.888379999999999947e-01,-4.633360000000000256e-01,5.057260000000000089e-01,1.143267000000000033e+00,1.296276999999999902e+00,-5.143389999999999906e-01,-1.330392000000000019e+00,-1.063130000000000047e-01,5.312280000000000335e-01,-1.151880000000000015e+00,1.117764999999999898e+00,5.312280000000000335e-01,5.312280000000000335e-01,5.057260000000000089e-01,2.316342000000000123e+00,2.762109999999999843e-01,-2.593230000000000257e-01,-1.355893000000000015e+00,-3.358280000000000154e-01,2.507099999999999884e-01,2.119499999999999856e-02,1.232010000000000050e-01,-3.103259999999999907e-01,7.219799999999999829e-02,5.567290000000000294e-01,-5.530999999999999805e-02,8.117459999999999676e-01,-4.378349999999999742e-01,7.219799999999999829e-02,1.232010000000000050e-01,-1.318149999999999877e-01,7.097390000000000088e-01,1.347280000000000033e+00,-6.928509999999999946e-01,-1.100877000000000105e+00,-1.573170000000000124e-01,1.296276999999999902e+00,1.742049999999999987e-01,3.017130000000000090e-01,-3.358280000000000154e-01,-2.593230000000000257e-01,2.035823999999999856e+00,7.862440000000000540e-01,-2.044436999999999838e+00,-1.049873999999999974e+00,8.117459999999999676e-01,2.762109999999999843e-01,4.802239999999999842e-01,7.097390000000000088e-01,-1.318149999999999877e-01,5.822310000000000541e-01,-8.081199999999999495e-02,-6.163459999999999495e-01,-2.848249999999999948e-01,3.782179999999999986e-01,5.312280000000000335e-01,4.037189999999999945e-01,-2.980800000000000116e-02,-8.081199999999999495e-02,4.802239999999999842e-01,3.272140000000000049e-01,3.527159999999999740e-01,-1.063130000000000047e-01,-9.478670000000000151e-01,1.487030000000000018e-01,8.372469999999999635e-01,7.862440000000000540e-01,-8.081199999999999495e-02,3.017130000000000090e-01,-2.083200000000000052e-01,-9.478670000000000151e-01,2.119499999999999856e-02,4.802239999999999842e-01,5.057260000000000089e-01,9.647550000000000292e-01,1.245273000000000074e+00,1.041260000000000074e+00,-2.605472999999999928e+00,-3.103259999999999907e-01,-1.318149999999999877e-01,1.602295999999999943e+00,-8.081199999999999495e-02,5.057260000000000089e-01,2.762109999999999843e-01,-6.673489999999999700e-01,-3.358280000000000154e-01,2.252079999999999915e-01,1.117764999999999898e+00,-1.828180000000000083e-01,-6.418479999999999741e-01,-4.888379999999999947e-01,1.041260000000000074e+00,9.902570000000000539e-01,-1.828180000000000083e-01,1.092262999999999984e+00,8.882499999999999840e-01,-8.458609999999999740e-01,2.507099999999999884e-01,4.037189999999999945e-01,-1.063130000000000047e-01,-5.143389999999999906e-01,-3.868309999999999804e-01,7.219799999999999829e-02,1.487030000000000018e-01,8.882499999999999840e-01,7.097390000000000088e-01,5.312280000000000335e-01,-1.063130000000000047e-01,-8.968639999999999946e-01,2.252079999999999915e-01,-2.848249999999999948e-01,-9.988700000000000356e-01,8.117459999999999676e-01,1.500289999999999901e+00,-2.848249999999999948e-01,-4.123330000000000051e-01,4.547229999999999883e-01,5.822310000000000541e-01,4.802239999999999842e-01,-1.406897000000000064e+00,-4.123330000000000051e-01,1.092262999999999984e+00,7.219799999999999829e-02,3.017130000000000090e-01,1.041260000000000074e+00,4.292210000000000192e-01,-6.418479999999999741e-01,-1.049873999999999974e+00,4.037189999999999945e-01,-6.928509999999999946e-01,5.312280000000000335e-01,9.392540000000000333e-01,3.017130000000000090e-01,1.487030000000000018e-01,-2.980800000000000116e-02,3.017130000000000090e-01,4.669600000000000140e-02,3.527159999999999740e-01,-5.653430000000000399e-01,-2.083200000000000052e-01,3.782179999999999986e-01,9.392540000000000333e-01,3.017130000000000090e-01,9.769999999999999518e-02,-6.163459999999999495e-01,-4.633360000000000256e-01,4.547229999999999883e-01,6.587359999999999882e-01,-8.713619999999999699e-01,-1.228385000000000060e+00,1.487030000000000018e-01,9.902570000000000539e-01,1.500289999999999901e+00,2.507099999999999884e-01,-5.143389999999999906e-01,8.372469999999999635e-01,2.762109999999999843e-01,-5.908440000000000358e-01,-4.378349999999999742e-01,3.527159999999999740e-01,5.057260000000000089e-01,2.119499999999999856e-02,1.742049999999999987e-01,6.077320000000000499e-01,-1.318149999999999877e-01,-1.573170000000000124e-01,-3.613299999999999845e-01,-2.936995000000000022e+00,1.194269999999999943e+00,6.332339999999999636e-01,9.902570000000000539e-01,1.066761999999999988e+00,1.984820999999999946e+00,-2.593230000000000257e-01,-1.024372000000000060e+00,9.769999999999999518e-02,-3.613299999999999845e-01,-2.338210000000000011e-01,6.332339999999999636e-01,-1.063130000000000047e-01,-6.418479999999999741e-01,1.245273000000000074e+00,9.392540000000000333e-01,-4.378349999999999742e-01,-5.143389999999999906e-01,1.487030000000000018e-01,1.487030000000000018e-01,4.547229999999999883e-01,5.312280000000000335e-01,-7.948570000000000357e-01,9.769999999999999518e-02,7.607420000000000293e-01,6.077320000000000499e-01,-1.355893000000000015e+00,1.627798000000000078e+00,7.352410000000000334e-01,-7.183530000000000193e-01,-1.318149999999999877e-01,6.842369999999999841e-01,5.312280000000000335e-01,-3.868309999999999804e-01,2.119499999999999856e-02,4.802239999999999842e-01,2.252079999999999915e-01,-2.980800000000000116e-02,-2.083200000000000052e-01,-1.063130000000000047e-01,6.332339999999999636e-01,3.782179999999999986e-01,-1.406897000000000064e+00,-2.848249999999999948e-01,1.015759000000000079e+00,1.143267000000000033e+00,-1.063130000000000047e-01,4.037189999999999945e-01,3.527159999999999740e-01,6.842369999999999841e-01,-4.307000000000000065e-03,-2.848249999999999948e-01,5.057260000000000089e-01,4.292210000000000192e-01,-1.432398000000000060e+00,7.607420000000000293e-01,5.822310000000000541e-01,-4.888379999999999947e-01,-5.398410000000000153e-01,4.669600000000000140e-02,1.296276999999999902e+00,-9.478670000000000151e-01,-1.318149999999999877e-01,3.017130000000000090e-01,8.372469999999999635e-01,1.997059999999999946e-01,-2.593230000000000257e-01,7.607420000000000293e-01,-4.307000000000000065e-03,3.782179999999999986e-01,3.272140000000000049e-01,-4.307000000000000065e-03,-1.304890000000000105e+00,1.066761999999999988e+00,8.372469999999999635e-01,-8.081199999999999495e-02,-5.530999999999999805e-02,-3.103259999999999907e-01,-1.573170000000000124e-01,4.547229999999999883e-01,6.587359999999999882e-01,9.647550000000000292e-01,-2.848249999999999948e-01,-1.318149999999999877e-01,-3.358280000000000154e-01,2.252079999999999915e-01,7.097390000000000088e-01,-3.103259999999999907e-01,4.292210000000000192e-01,-4.378349999999999742e-01,4.802239999999999842e-01,2.119499999999999856e-02,-6.673489999999999700e-01,1.997059999999999946e-01,-7.948570000000000357e-01,-8.081199999999999495e-02,1.602295999999999943e+00,1.423785000000000078e+00,2.119499999999999856e-02,1.232010000000000050e-01,1.232010000000000050e-01,2.252079999999999915e-01,-5.908440000000000358e-01,1.487030000000000018e-01,9.769999999999999518e-02,1.232010000000000050e-01,-5.530999999999999805e-02,-5.143389999999999906e-01,-3.103259999999999907e-01,6.332339999999999636e-01,1.232010000000000050e-01,7.607420000000000293e-01,8.882499999999999840e-01,7.097390000000000088e-01,-1.279387999999999970e+00,-3.103259999999999907e-01,1.194269999999999943e+00,-4.378349999999999742e-01,3.782179999999999986e-01,7.352410000000000334e-01,1.232010000000000050e-01,-6.163459999999999495e-01,-1.318149999999999877e-01,4.292210000000000192e-01,-3.613299999999999845e-01,3.017130000000000090e-01,5.312280000000000335e-01,6.842369999999999841e-01,5.822310000000000541e-01,-5.908440000000000358e-01,-3.358280000000000154e-01,7.097390000000000088e-01,-2.593230000000000257e-01,-4.633360000000000256e-01,-2.980800000000000116e-02,8.882499999999999840e-01,1.653299000000000074e+00,5.057260000000000089e-01,-1.483402000000000109e+00,3.272140000000000049e-01,4.037189999999999945e-01,1.487030000000000018e-01,9.769999999999999518e-02,-7.948570000000000357e-01,7.219799999999999829e-02,3.017130000000000090e-01,4.292210000000000192e-01,6.842369999999999841e-01,4.037189999999999945e-01,-5.908440000000000358e-01,-7.438540000000000152e-01,7.219799999999999829e-02,1.194269999999999943e+00,7.862440000000000540e-01,-4.888379999999999947e-01,1.487030000000000018e-01,7.607420000000000293e-01,2.507099999999999884e-01,5.822310000000000541e-01,-3.358280000000000154e-01,2.119499999999999856e-02,4.292210000000000192e-01,3.527159999999999740e-01,1.742049999999999987e-01,-1.330392000000000019e+00,3.527159999999999740e-01,-5.653430000000000399e-01,9.902570000000000539e-01,6.842369999999999841e-01,7.862440000000000540e-01,-1.024372000000000060e+00,-3.358280000000000154e-01,1.194269999999999943e+00,6.332339999999999636e-01,2.507099999999999884e-01,6.332339999999999636e-01,7.352410000000000334e-01,-5.653430000000000399e-01,-5.143389999999999906e-01,1.742049999999999987e-01,-4.307000000000000065e-03,1.742049999999999987e-01,2.119499999999999856e-02,-8.458609999999999740e-01,1.449286000000000074e+00,-2.083200000000000052e-01,-1.075374999999999970e+00,4.547229999999999883e-01,1.500289999999999901e+00,1.321777999999999897e+00,-1.063130000000000047e-01,-4.888379999999999947e-01,-3.358280000000000154e-01,-4.888379999999999947e-01,4.802239999999999842e-01,2.119499999999999856e-02,-1.063130000000000047e-01,4.802239999999999842e-01,5.057260000000000089e-01,-1.063130000000000047e-01,-4.123330000000000051e-01,-7.183530000000000193e-01,-6.163459999999999495e-01,6.842369999999999841e-01,1.742049999999999987e-01,1.296276999999999902e+00,5.567290000000000294e-01,2.507099999999999884e-01,-1.063130000000000047e-01,3.527159999999999740e-01,-2.980800000000000116e-02,2.119499999999999856e-02,9.769999999999999518e-02,-1.063130000000000047e-01,1.041260000000000074e+00,4.292210000000000192e-01,-2.980800000000000116e-02,5.312280000000000335e-01,-1.381394999999999929e+00,-1.075374999999999970e+00,6.842369999999999841e-01,1.143267000000000033e+00,8.117459999999999676e-01,1.487030000000000018e-01,4.292210000000000192e-01,8.627489999999999881e-01,6.077320000000000499e-01,-5.908440000000000358e-01,-7.438540000000000152e-01,-3.358280000000000154e-01,-2.338210000000000011e-01,7.352410000000000334e-01,1.143267000000000033e+00,4.292210000000000192e-01,-3.103259999999999907e-01,5.567290000000000294e-01,-1.457899999999999974e+00,-1.049873999999999974e+00,8.372469999999999635e-01,-2.848249999999999948e-01,6.587359999999999882e-01,-3.358280000000000154e-01,2.762109999999999843e-01,1.117764999999999898e+00,1.474787999999999988e+00,7.862440000000000540e-01,-8.458609999999999740e-01,1.232010000000000050e-01,7.097390000000000088e-01,-8.713619999999999699e-01,-5.530999999999999805e-02,2.507099999999999884e-01,2.119499999999999856e-02,-8.458609999999999740e-01,1.232010000000000050e-01,-2.018936000000000064e+00,9.902570000000000539e-01,1.551293000000000033e+00,1.015759000000000079e+00,-4.307000000000000065e-03,5.567290000000000294e-01,5.822310000000000541e-01,4.802239999999999842e-01,2.119499999999999856e-02,1.742049999999999987e-01,-7.693560000000000398e-01,-1.063130000000000047e-01,9.769999999999999518e-02,6.332339999999999636e-01,-4.633360000000000256e-01,-2.083200000000000052e-01,9.769999999999999518e-02,-5.530999999999999805e-02,9.769999999999999518e-02,9.137520000000000087e-01,-4.307000000000000065e-03,3.527159999999999740e-01,7.352410000000000334e-01,8.627489999999999881e-01,-3.868309999999999804e-01,-8.081199999999999495e-02,5.312280000000000335e-01,-3.868309999999999804e-01,-1.318149999999999877e-01,7.607420000000000293e-01,5.567290000000000294e-01,7.219799999999999829e-02,6.077320000000000499e-01,7.862440000000000540e-01,-1.100877000000000105e+00,7.219799999999999829e-02,-1.024372000000000060e+00,7.219799999999999829e-02,-2.980800000000000116e-02,1.398282999999999943e+00,2.762109999999999843e-01,6.587359999999999882e-01,-3.103259999999999907e-01,-1.573170000000000124e-01,9.647550000000000292e-01,2.119499999999999856e-02,-1.865925999999999974e+00,4.292210000000000192e-01,1.245273000000000074e+00,1.602295999999999943e+00,-2.848249999999999948e-01,-1.432398000000000060e+00,7.352410000000000334e-01,9.392540000000000333e-01,-5.908440000000000358e-01,-4.378349999999999742e-01,7.862440000000000540e-01,-3.613299999999999845e-01,1.997059999999999946e-01,8.882499999999999840e-01,-4.888379999999999947e-01,-7.183530000000000193e-01,4.802239999999999842e-01,1.194269999999999943e+00,7.352410000000000334e-01,1.755306000000000033e+00,-1.318149999999999877e-01,-9.733690000000000397e-01,1.997059999999999946e-01,7.097390000000000088e-01,-7.183530000000000193e-01,3.527159999999999740e-01,-5.908440000000000358e-01,-2.848249999999999948e-01,1.015759000000000079e+00,-3.358280000000000154e-01,5.057260000000000089e-01,1.245273000000000074e+00,-1.828180000000000083e-01,-9.733690000000000397e-01,-8.081199999999999495e-02,1.742049999999999987e-01,4.802239999999999842e-01,7.607420000000000293e-01,1.194269999999999943e+00,2.119499999999999856e-02,-1.228385000000000060e+00,2.119499999999999856e-02,5.567290000000000294e-01,3.017130000000000090e-01,7.097390000000000088e-01,6.842369999999999841e-01,4.037189999999999945e-01,-4.378349999999999742e-01,-4.123330000000000051e-01,4.669600000000000140e-02,7.219799999999999829e-02,-2.338210000000000011e-01,2.252079999999999915e-01,4.037189999999999945e-01,2.507099999999999884e-01,2.119499999999999856e-02,1.997059999999999946e-01,7.352410000000000334e-01,-1.406897000000000064e+00,5.312280000000000335e-01,6.842369999999999841e-01,8.372469999999999635e-01,-7.693560000000000398e-01,9.647550000000000292e-01,2.252079999999999915e-01,5.822310000000000541e-01,1.742049999999999987e-01,-1.100877000000000105e+00,-4.123330000000000051e-01,9.392540000000000333e-01,-2.593230000000000257e-01,-1.063130000000000047e-01,1.232010000000000050e-01,-2.980800000000000116e-02,8.372469999999999635e-01,7.219799999999999829e-02,6.842369999999999841e-01,-4.378349999999999742e-01,-2.980800000000000116e-02,2.252079999999999915e-01,4.292210000000000192e-01,-1.318149999999999877e-01,7.219799999999999829e-02,6.077320000000000499e-01,7.097390000000000088e-01,-8.081199999999999495e-02,-8.458609999999999740e-01,2.119499999999999856e-02,2.762109999999999843e-01,-2.338210000000000011e-01,9.769999999999999518e-02,3.272140000000000049e-01,3.527159999999999740e-01,3.782179999999999986e-01,5.822310000000000541e-01,9.392540000000000333e-01,-7.948570000000000357e-01,-1.840424000000000060e+00,4.292210000000000192e-01,4.292210000000000192e-01,9.647550000000000292e-01,1.576794999999999947e+00,-2.848249999999999948e-01,-2.338210000000000011e-01,3.272140000000000049e-01,3.272140000000000049e-01,3.017130000000000090e-01,3.017130000000000090e-01,7.219799999999999829e-02,-8.968639999999999946e-01,6.842369999999999841e-01,1.487030000000000018e-01,-8.203589999999999494e-01,3.527159999999999740e-01,5.822310000000000541e-01,4.037189999999999945e-01,-2.848249999999999948e-01,6.077320000000000499e-01,-1.573170000000000124e-01,4.802239999999999842e-01,6.587359999999999882e-01,-2.083200000000000052e-01,-8.968639999999999946e-01,6.842369999999999841e-01,6.332339999999999636e-01,1.742049999999999987e-01,3.782179999999999986e-01,-4.307000000000000065e-03,7.219799999999999829e-02,5.822310000000000541e-01,1.232010000000000050e-01,-9.988700000000000356e-01,5.567290000000000294e-01,3.017130000000000090e-01,-3.358280000000000154e-01,9.647550000000000292e-01,-1.573170000000000124e-01,-5.908440000000000358e-01,6.842369999999999841e-01,-1.063130000000000047e-01,4.802239999999999842e-01,3.272140000000000049e-01,-4.888379999999999947e-01,2.507099999999999884e-01,5.312280000000000335e-01,6.842369999999999841e-01,4.292210000000000192e-01,-7.693560000000000398e-01,-1.202884000000000064e+00,3.017130000000000090e-01,4.037189999999999945e-01,1.066761999999999988e+00,4.669600000000000140e-02,-9.988700000000000356e-01,9.647550000000000292e-01,6.587359999999999882e-01,-8.458609999999999740e-01,8.627489999999999881e-01,-5.143389999999999906e-01,-1.228385000000000060e+00,1.143267000000000033e+00,1.041260000000000074e+00,-3.868309999999999804e-01,9.769999999999999518e-02,8.117459999999999676e-01,1.194269999999999943e+00,-1.534405000000000019e+00,-8.081199999999999495e-02,8.372469999999999635e-01,-1.573170000000000124e-01,-1.381394999999999929e+00,4.037189999999999945e-01,7.862440000000000540e-01,-2.848249999999999948e-01,5.312280000000000335e-01,6.842369999999999841e-01,1.232010000000000050e-01,4.547229999999999883e-01,1.742049999999999987e-01,-2.980800000000000116e-02,-2.338210000000000011e-01,1.232010000000000050e-01,3.017130000000000090e-01,2.119499999999999856e-02,-8.458609999999999740e-01,3.527159999999999740e-01,5.312280000000000335e-01,5.312280000000000335e-01,-4.378349999999999742e-01,2.507099999999999884e-01,-2.338210000000000011e-01,-4.633360000000000256e-01,4.547229999999999883e-01,3.272140000000000049e-01,5.312280000000000335e-01,7.352410000000000334e-01,7.097390000000000088e-01,-6.163459999999999495e-01,-9.988700000000000356e-01,4.292210000000000192e-01,2.762109999999999843e-01,4.802239999999999842e-01,1.270774999999999988e+00,-7.693560000000000398e-01,1.232010000000000050e-01,1.997059999999999946e-01,3.272140000000000049e-01,-1.100877000000000105e+00,2.119499999999999856e-02,6.077320000000000499e-01,6.587359999999999882e-01,-1.318149999999999877e-01,-1.573170000000000124e-01,1.296276999999999902e+00,1.997059999999999946e-01,-1.457899999999999974e+00,-9.733690000000000397e-01,8.372469999999999635e-01,1.117764999999999898e+00,1.232010000000000050e-01,9.902570000000000539e-01,-3.868309999999999804e-01,2.119499999999999856e-02,-5.653430000000000399e-01,-4.888379999999999947e-01,1.041260000000000074e+00,6.587359999999999882e-01,-5.530999999999999805e-02,-4.633360000000000256e-01,-8.081199999999999495e-02,3.272140000000000049e-01,5.312280000000000335e-01,1.232010000000000050e-01,-6.163459999999999495e-01,7.352410000000000334e-01,1.092262999999999984e+00,5.057260000000000089e-01,4.669600000000000140e-02,-1.573170000000000124e-01,3.782179999999999986e-01,-2.338210000000000011e-01,3.272140000000000049e-01,-1.573170000000000124e-01,-5.908440000000000358e-01,-5.398410000000000153e-01,3.272140000000000049e-01,8.882499999999999840e-01,1.232010000000000050e-01,1.487030000000000018e-01,2.762109999999999843e-01,-4.307000000000000065e-03,5.312280000000000335e-01,4.669600000000000140e-02,2.252079999999999915e-01,9.647550000000000292e-01,2.762109999999999843e-01,-2.980800000000000116e-02,1.232010000000000050e-01,-5.908440000000000358e-01,2.507099999999999884e-01,7.219799999999999829e-02,-9.223660000000000192e-01,3.527159999999999740e-01,1.474787999999999988e+00,-4.888379999999999947e-01,9.769999999999999518e-02,5.822310000000000541e-01,-1.063130000000000047e-01,3.527159999999999740e-01,6.077320000000000499e-01,1.245273000000000074e+00,-4.888379999999999947e-01,9.769999999999999518e-02,3.272140000000000049e-01,-1.063130000000000047e-01,1.066761999999999988e+00,-2.593230000000000257e-01,-9.223660000000000192e-01,-4.307000000000000065e-03,-6.163459999999999495e-01,5.057260000000000089e-01,-1.828180000000000083e-01,9.392540000000000333e-01,9.902570000000000539e-01,6.842369999999999841e-01,-1.100877000000000105e+00,1.742049999999999987e-01,4.292210000000000192e-01,2.507099999999999884e-01,-2.980800000000000116e-02,7.219799999999999829e-02,7.097390000000000088e-01,7.862440000000000540e-01,-4.378349999999999742e-01,-8.968639999999999946e-01,4.037189999999999945e-01,5.057260000000000089e-01,1.232010000000000050e-01,6.332339999999999636e-01,-3.868309999999999804e-01,-6.418479999999999741e-01,2.252079999999999915e-01,-4.888379999999999947e-01,6.077320000000000499e-01,-3.613299999999999845e-01,1.117764999999999898e+00,8.627489999999999881e-01,5.312280000000000335e-01,3.017130000000000090e-01,3.527159999999999740e-01,-1.432398000000000060e+00,-8.968639999999999946e-01,1.321777999999999897e+00,7.862440000000000540e-01,-7.183530000000000193e-01,3.272140000000000049e-01,5.312280000000000335e-01,2.507099999999999884e-01,4.669600000000000140e-02,7.219799999999999829e-02,1.487030000000000018e-01,-1.610910000000000064e+00,5.567290000000000294e-01,8.372469999999999635e-01,1.997059999999999946e-01,8.117459999999999676e-01,3.782179999999999986e-01,-1.063130000000000047e-01,4.802239999999999842e-01,-1.253886999999999974e+00,6.077320000000000499e-01,2.252079999999999915e-01,-2.593230000000000257e-01,5.567290000000000294e-01,7.607420000000000293e-01,-2.848249999999999948e-01,1.487030000000000018e-01,-3.358280000000000154e-01,-2.083200000000000052e-01,-6.418479999999999741e-01,5.822310000000000541e-01,7.862440000000000540e-01,-1.573170000000000124e-01,3.527159999999999740e-01,5.312280000000000335e-01,-4.123330000000000051e-01,1.602295999999999943e+00,-2.848249999999999948e-01,-5.143389999999999906e-01,1.041260000000000074e+00,-5.143389999999999906e-01,4.802239999999999842e-01,1.232010000000000050e-01,-3.103259999999999907e-01,2.119499999999999856e-02,6.332339999999999636e-01,3.017130000000000090e-01,3.272140000000000049e-01,-5.398410000000000153e-01,4.037189999999999945e-01,-1.228385000000000060e+00,-5.143389999999999906e-01,6.077320000000000499e-01,8.882499999999999840e-01,1.347280000000000033e+00,8.882499999999999840e-01,-1.304890000000000105e+00,-9.733690000000000397e-01,6.587359999999999882e-01,5.312280000000000335e-01,4.669600000000000140e-02,6.332339999999999636e-01,7.352410000000000334e-01,6.842369999999999841e-01,1.232010000000000050e-01,-9.223660000000000192e-01,-2.350457000000000019e+00,1.232010000000000050e-01,1.092262999999999984e+00,1.627798000000000078e+00,7.352410000000000334e-01,-7.183530000000000193e-01,-8.081199999999999495e-02,1.232010000000000050e-01,1.092262999999999984e+00,2.119499999999999856e-02,-1.573170000000000124e-01,7.219799999999999829e-02,-4.888379999999999947e-01,-2.848249999999999948e-01,5.057260000000000089e-01,7.097390000000000088e-01,3.272140000000000049e-01,4.037189999999999945e-01,-1.304890000000000105e+00,2.252079999999999915e-01,4.037189999999999945e-01,-1.075374999999999970e+00,7.097390000000000088e-01,1.296276999999999902e+00,1.092262999999999984e+00,1.487030000000000018e-01,2.507099999999999884e-01,-1.024372000000000060e+00,-1.304890000000000105e+00,7.607420000000000293e-01,7.352410000000000334e-01,-4.307000000000000065e-03,4.547229999999999883e-01,1.780807999999999947e+00,-1.330392000000000019e+00,-8.203589999999999494e-01,1.997059999999999946e-01,1.729803999999999897e+00,-9.988700000000000356e-01,-6.163459999999999495e-01,-4.123330000000000051e-01,8.372469999999999635e-01,3.782179999999999986e-01,2.252079999999999915e-01,6.842369999999999841e-01,4.292210000000000192e-01,5.312280000000000335e-01,1.997059999999999946e-01,-3.868309999999999804e-01,-5.908440000000000358e-01,-2.338210000000000011e-01,-2.980800000000000116e-02,3.017130000000000090e-01,1.487030000000000018e-01,1.168768000000000029e+00,7.607420000000000293e-01,-1.151880000000000015e+00,-6.418479999999999741e-01,-8.458609999999999740e-01,1.194269999999999943e+00,1.143267000000000033e+00,9.392540000000000333e-01,1.041260000000000074e+00,4.037189999999999945e-01,-3.613299999999999845e-01,-2.338210000000000011e-01,-8.968639999999999946e-01,-2.593230000000000257e-01,9.769999999999999518e-02,4.802239999999999842e-01,9.769999999999999518e-02,-8.968639999999999946e-01,7.352410000000000334e-01,5.312280000000000335e-01,-4.123330000000000051e-01,-1.228385000000000060e+00,1.984820999999999946e+00,4.802239999999999842e-01,-2.980800000000000116e-02,4.037189999999999945e-01,-1.828180000000000083e-01,5.822310000000000541e-01,6.332339999999999636e-01,-2.980800000000000116e-02,2.762109999999999843e-01,-6.418479999999999741e-01,-1.828180000000000083e-01,-1.063130000000000047e-01,4.802239999999999842e-01,4.547229999999999883e-01,-2.044436999999999838e+00,4.037189999999999945e-01,4.802239999999999842e-01,1.143267000000000033e+00,8.627489999999999881e-01,-4.633360000000000256e-01,-1.828180000000000083e-01,4.547229999999999883e-01,5.822310000000000541e-01,5.312280000000000335e-01,-6.163459999999999495e-01,-3.103259999999999907e-01,1.487030000000000018e-01,3.272140000000000049e-01,-3.613299999999999845e-01,6.332339999999999636e-01,-4.633360000000000256e-01,-5.530999999999999805e-02,-4.307000000000000065e-03,6.077320000000000499e-01,4.037189999999999945e-01,6.332339999999999636e-01,1.347280000000000033e+00,9.769999999999999518e-02,-1.355893000000000015e+00,-1.228385000000000060e+00,2.316342000000000123e+00,-1.828180000000000083e-01,-2.848249999999999948e-01,-4.123330000000000051e-01,5.567290000000000294e-01,6.332339999999999636e-01,1.066761999999999988e+00,-1.828180000000000083e-01,-1.406897000000000064e+00,-6.673489999999999700e-01,-3.868309999999999804e-01,7.862440000000000540e-01,4.802239999999999842e-01,8.882499999999999840e-01,6.077320000000000499e-01,8.372469999999999635e-01,-1.865925999999999974e+00,-1.279387999999999970e+00,1.092262999999999984e+00,1.092262999999999984e+00,9.137520000000000087e-01,3.527159999999999740e-01,3.527159999999999740e-01,5.312280000000000335e-01,2.119499999999999856e-02,-9.478670000000000151e-01,-4.888379999999999947e-01,-1.024372000000000060e+00,4.292210000000000192e-01,1.321777999999999897e+00,3.017130000000000090e-01,-2.848249999999999948e-01,7.607420000000000293e-01,-2.083200000000000052e-01,-1.573170000000000124e-01,-4.378349999999999742e-01,-5.143389999999999906e-01,1.066761999999999988e+00,9.902570000000000539e-01,-1.573170000000000124e-01,-5.908440000000000358e-01,3.782179999999999986e-01,2.163332000000000033e+00,1.423785000000000078e+00,-8.081199999999999495e-02,-1.738418000000000019e+00,-1.508903000000000105e+00,-2.980800000000000116e-02,-2.980800000000000116e-02,9.902570000000000539e-01,1.780807999999999947e+00,7.352410000000000334e-01,-6.928509999999999946e-01,-5.398410000000000153e-01,5.312280000000000335e-01,4.292210000000000192e-01,3.272140000000000049e-01,-4.378349999999999742e-01,-2.980800000000000116e-02,1.143267000000000033e+00,-3.103259999999999907e-01,2.507099999999999884e-01,-5.653430000000000399e-01,-5.398410000000000153e-01,4.292210000000000192e-01,6.332339999999999636e-01,-9.733690000000000397e-01,6.587359999999999882e-01,1.092262999999999984e+00,-1.828180000000000083e-01,1.232010000000000050e-01,4.037189999999999945e-01,1.487030000000000018e-01,7.219799999999999829e-02,5.822310000000000541e-01,-8.081199999999999495e-02,-1.075374999999999970e+00,4.037189999999999945e-01,3.017130000000000090e-01,-1.330392000000000019e+00,8.627489999999999881e-01,1.602295999999999943e+00,-4.633360000000000256e-01,4.037189999999999945e-01,1.742049999999999987e-01,-2.083200000000000052e-01,1.232010000000000050e-01,-4.307000000000000065e-03,-1.126379000000000019e+00,-6.163459999999999495e-01,9.137520000000000087e-01,1.232010000000000050e-01,1.245273000000000074e+00,9.392540000000000333e-01,2.507099999999999884e-01,9.902570000000000539e-01,-4.378349999999999742e-01,-1.828180000000000083e-01,3.272140000000000049e-01,-2.083200000000000052e-01,4.669600000000000140e-02,-7.183530000000000193e-01,1.015759000000000079e+00,-6.418479999999999741e-01,7.862440000000000540e-01,1.232010000000000050e-01,-8.203589999999999494e-01,3.782179999999999986e-01,7.097390000000000088e-01,7.352410000000000334e-01,-2.848249999999999948e-01,2.252079999999999915e-01,7.862440000000000540e-01,1.232010000000000050e-01,1.487030000000000018e-01,1.742049999999999987e-01,-5.530999999999999805e-02,4.037189999999999945e-01,-8.081199999999999495e-02,-1.763919000000000015e+00,-8.081199999999999495e-02,4.292210000000000192e-01,4.292210000000000192e-01,6.842369999999999841e-01,8.882499999999999840e-01,-6.673489999999999700e-01,-3.868309999999999804e-01,1.143267000000000033e+00,6.587359999999999882e-01,-8.081199999999999495e-02,-4.307000000000000065e-03,-1.304890000000000105e+00,-4.378349999999999742e-01,9.137520000000000087e-01,5.567290000000000294e-01,9.769999999999999518e-02,9.137520000000000087e-01,7.862440000000000540e-01,-6.673489999999999700e-01,-1.942431000000000019e+00,8.627489999999999881e-01,1.270774999999999988e+00,7.352410000000000334e-01,-3.103259999999999907e-01,1.232010000000000050e-01,-4.378349999999999742e-01,5.567290000000000294e-01,9.769999999999999518e-02,-7.438540000000000152e-01,3.782179999999999986e-01,5.567290000000000294e-01,1.372781000000000029e+00,5.312280000000000335e-01,-9.733690000000000397e-01,3.272140000000000049e-01,-3.358280000000000154e-01,1.997059999999999946e-01,1.487030000000000018e-01,-7.183530000000000193e-01,9.647550000000000292e-01,-8.081199999999999495e-02,-5.143389999999999906e-01,4.547229999999999883e-01,1.066761999999999988e+00,6.587359999999999882e-01,4.292210000000000192e-01,-3.103259999999999907e-01,-1.573170000000000124e-01,2.762109999999999843e-01,1.997059999999999946e-01,-8.081199999999999495e-02,1.997059999999999946e-01,-1.330392000000000019e+00,-2.083200000000000052e-01,1.041260000000000074e+00,5.822310000000000541e-01,4.669600000000000140e-02,4.292210000000000192e-01,1.245273000000000074e+00,6.842369999999999841e-01,-1.024372000000000060e+00,-3.358280000000000154e-01,7.097390000000000088e-01,3.017130000000000090e-01,-7.438540000000000152e-01,4.669600000000000140e-02,3.782179999999999986e-01,3.017130000000000090e-01,-1.828180000000000083e-01,2.507099999999999884e-01,6.077320000000000499e-01,1.041260000000000074e+00,-8.968639999999999946e-01,-1.508903000000000105e+00,-3.868309999999999804e-01,1.015759000000000079e+00,1.627798000000000078e+00,7.097390000000000088e-01,6.842369999999999841e-01,-2.593230000000000257e-01,-1.508903000000000105e+00,-4.633360000000000256e-01,2.762109999999999843e-01,1.168768000000000029e+00,6.587359999999999882e-01,-2.338210000000000011e-01,-1.432398000000000060e+00,7.219799999999999829e-02,8.117459999999999676e-01,1.245273000000000074e+00,-2.593230000000000257e-01,2.252079999999999915e-01,-4.307000000000000065e-03,1.347280000000000033e+00,4.802239999999999842e-01,2.762109999999999843e-01,2.252079999999999915e-01,-2.848249999999999948e-01,-8.713619999999999699e-01,2.119499999999999856e-02,2.119499999999999856e-02,-4.633360000000000256e-01,4.037189999999999945e-01,3.272140000000000049e-01,3.782179999999999986e-01,9.902570000000000539e-01,-1.573170000000000124e-01,-1.126379000000000019e+00,3.782179999999999986e-01,5.567290000000000294e-01,6.077320000000000499e-01,6.077320000000000499e-01,-2.083200000000000052e-01,-8.713619999999999699e-01,1.041260000000000074e+00,6.587359999999999882e-01,-5.530999999999999805e-02,-3.868309999999999804e-01,-1.828180000000000083e-01,-3.358280000000000154e-01,-4.307000000000000065e-03,1.232010000000000050e-01,7.352410000000000334e-01,1.806308999999999942e+00,-4.123330000000000051e-01,3.527159999999999740e-01,6.332339999999999636e-01,-6.928509999999999946e-01,-3.358280000000000154e-01,-1.355893000000000015e+00,4.547229999999999883e-01,5.822310000000000541e-01,8.117459999999999676e-01,1.168768000000000029e+00,9.902570000000000539e-01,2.252079999999999915e-01,-8.968639999999999946e-01,-1.355893000000000015e+00,-2.593230000000000257e-01,4.037189999999999945e-01,7.352410000000000334e-01,1.742049999999999987e-01,9.769999999999999518e-02,9.769999999999999518e-02,-1.573170000000000124e-01,4.292210000000000192e-01,1.232010000000000050e-01,2.762109999999999843e-01,2.252079999999999915e-01,1.997059999999999946e-01,7.219799999999999829e-02,4.292210000000000192e-01,-4.123330000000000051e-01,-5.908440000000000358e-01,3.272140000000000049e-01,7.352410000000000334e-01,-3.613299999999999845e-01,4.037189999999999945e-01,6.587359999999999882e-01,-8.081199999999999495e-02,-1.573170000000000124e-01,4.802239999999999842e-01,9.902570000000000539e-01,7.352410000000000334e-01,-1.355893000000000015e+00,-2.452463999999999977e+00,1.015759000000000079e+00,5.312280000000000335e-01,4.292210000000000192e-01,-8.081199999999999495e-02,7.097390000000000088e-01,1.015759000000000079e+00,7.862440000000000540e-01,4.037189999999999945e-01,-2.083200000000000052e-01,-1.534405000000000019e+00,2.762109999999999843e-01,2.762109999999999843e-01,2.507099999999999884e-01,1.487030000000000018e-01,-4.378349999999999742e-01,1.487030000000000018e-01,6.077320000000000499e-01,8.627489999999999881e-01,-7.948570000000000357e-01,-4.307000000000000065e-03,-5.653430000000000399e-01,7.862440000000000540e-01,2.507099999999999884e-01,-1.318149999999999877e-01,4.292210000000000192e-01,2.119499999999999856e-02,2.252079999999999915e-01,9.392540000000000333e-01,1.219772000000000078e+00,4.669600000000000140e-02,-4.633360000000000256e-01,7.219799999999999829e-02,-1.063130000000000047e-01,-3.613299999999999845e-01,-2.338210000000000011e-01,6.332339999999999636e-01,-4.307000000000000065e-03,2.163332000000000033e+00,4.802239999999999842e-01,-1.840424000000000060e+00,-1.508903000000000105e+00,4.292210000000000192e-01,7.862440000000000540e-01,1.742049999999999987e-01,1.041260000000000074e+00,8.117459999999999676e-01,-3.358280000000000154e-01,4.547229999999999883e-01,1.232010000000000050e-01,4.669600000000000140e-02,1.742049999999999987e-01,-2.848249999999999948e-01,-1.304890000000000105e+00,9.137520000000000087e-01,-7.693560000000000398e-01,1.143267000000000033e+00,8.882499999999999840e-01,2.119499999999999856e-02,8.627489999999999881e-01,2.762109999999999843e-01,-1.828180000000000083e-01,-2.083200000000000052e-01,-7.948570000000000357e-01,6.332339999999999636e-01,-4.123330000000000051e-01,8.372469999999999635e-01,6.842369999999999841e-01,7.607420000000000293e-01,5.567290000000000294e-01,-4.123330000000000051e-01,-7.948570000000000357e-01,7.219799999999999829e-02,-2.083200000000000052e-01,2.762109999999999843e-01,9.902570000000000539e-01,1.487030000000000018e-01,-1.202884000000000064e+00,-5.530999999999999805e-02,8.882499999999999840e-01,4.292210000000000192e-01,7.862440000000000540e-01,1.487030000000000018e-01,1.232010000000000050e-01,9.392540000000000333e-01,-3.103259999999999907e-01,-1.687415000000000109e+00,8.372469999999999635e-01,7.352410000000000334e-01,-8.968639999999999946e-01,1.742049999999999987e-01,3.782179999999999986e-01,2.252079999999999915e-01,5.057260000000000089e-01,3.527159999999999740e-01,-5.653430000000000399e-01,-2.593230000000000257e-01,6.077320000000000499e-01,-4.123330000000000051e-01,3.782179999999999986e-01,5.567290000000000294e-01,4.292210000000000192e-01,2.252079999999999915e-01,3.272140000000000049e-01,2.762109999999999843e-01,-1.573170000000000124e-01,1.997059999999999946e-01,-2.980800000000000116e-02,9.769999999999999518e-02,1.997059999999999946e-01,3.017130000000000090e-01,-4.888379999999999947e-01,9.902570000000000539e-01,6.587359999999999882e-01,-5.908440000000000358e-01,-3.868309999999999804e-01,-7.438540000000000152e-01,9.647550000000000292e-01,2.252079999999999915e-01,4.669600000000000140e-02,1.742049999999999987e-01,3.782179999999999986e-01,2.762109999999999843e-01,7.607420000000000293e-01,-2.593230000000000257e-01,4.669600000000000140e-02,4.292210000000000192e-01,-5.908440000000000358e-01,1.232010000000000050e-01,6.077320000000000499e-01,4.669600000000000140e-02,-2.848249999999999948e-01,3.017130000000000090e-01,-4.123330000000000051e-01,-8.081199999999999495e-02,4.547229999999999883e-01,5.822310000000000541e-01,5.822310000000000541e-01,-6.418479999999999741e-01,4.547229999999999883e-01,7.352410000000000334e-01,-4.123330000000000051e-01,-1.304890000000000105e+00,8.117459999999999676e-01,1.372781000000000029e+00,1.997059999999999946e-01,-1.687415000000000109e+00,-5.908440000000000358e-01,1.041260000000000074e+00,9.647550000000000292e-01,2.252079999999999915e-01,3.017130000000000090e-01,4.037189999999999945e-01,-2.083200000000000052e-01,-8.203589999999999494e-01,3.782179999999999986e-01,8.117459999999999676e-01,8.627489999999999881e-01,-3.358280000000000154e-01,4.292210000000000192e-01,1.487030000000000018e-01,-7.438540000000000152e-01,-4.888379999999999947e-01,-4.378349999999999742e-01,5.822310000000000541e-01,9.137520000000000087e-01,9.902570000000000539e-01,-6.163459999999999495e-01,1.997059999999999946e-01,5.312280000000000335e-01,7.352410000000000334e-01,-4.307000000000000065e-03,-8.081199999999999495e-02,1.487030000000000018e-01,1.117764999999999898e+00,-1.828180000000000083e-01,-8.203589999999999494e-01,-4.123330000000000051e-01,7.219799999999999829e-02,7.352410000000000334e-01,5.567290000000000294e-01,4.292210000000000192e-01,-8.081199999999999495e-02,6.332339999999999636e-01,3.782179999999999986e-01,-4.378349999999999742e-01,-5.398410000000000153e-01,1.487030000000000018e-01,5.057260000000000089e-01,7.607420000000000293e-01,4.037189999999999945e-01,-2.338210000000000011e-01,-1.573170000000000124e-01,2.762109999999999843e-01,5.567290000000000294e-01,1.997059999999999946e-01,-4.307000000000000065e-03,3.017130000000000090e-01,-1.828180000000000083e-01,5.057260000000000089e-01,-4.888379999999999947e-01,-3.868309999999999804e-01,2.762109999999999843e-01,1.997059999999999946e-01,2.119499999999999856e-02,3.272140000000000049e-01,5.567290000000000294e-01,6.077320000000000499e-01,1.742049999999999987e-01,-2.980800000000000116e-02,4.802239999999999842e-01,2.252079999999999915e-01,-3.613299999999999845e-01,-1.559906000000000015e+00,-1.573170000000000124e-01,1.143267000000000033e+00,7.862440000000000540e-01,1.066761999999999988e+00,-7.183530000000000193e-01,5.822310000000000541e-01,-3.358280000000000154e-01,4.037189999999999945e-01,1.232010000000000050e-01,-2.083200000000000052e-01,9.769999999999999518e-02,5.567290000000000294e-01,2.252079999999999915e-01,3.272140000000000049e-01,3.017130000000000090e-01,1.168768000000000029e+00,-1.100877000000000105e+00,-9.478670000000000151e-01,1.372781000000000029e+00,-8.081199999999999495e-02,-1.573170000000000124e-01,5.312280000000000335e-01,2.252079999999999915e-01,9.769999999999999518e-02,-1.828180000000000083e-01,1.232010000000000050e-01,2.119499999999999856e-02,4.292210000000000192e-01,1.742049999999999987e-01,1.742049999999999987e-01,-1.573170000000000124e-01,3.527159999999999740e-01,6.332339999999999636e-01,-2.338210000000000011e-01,5.312280000000000335e-01,1.742049999999999987e-01,-1.828180000000000083e-01,-4.888379999999999947e-01,-2.083200000000000052e-01,2.252079999999999915e-01,7.352410000000000334e-01,7.607420000000000293e-01,1.487030000000000018e-01,-1.891428000000000109e+00,1.398282999999999943e+00,1.500289999999999901e+00,9.902570000000000539e-01,-2.324955000000000105e+00,-5.653430000000000399e-01,1.015759000000000079e+00,8.882499999999999840e-01,2.119499999999999856e-02,4.292210000000000192e-01,7.607420000000000293e-01,-1.573170000000000124e-01,-1.063130000000000047e-01,2.507099999999999884e-01,-8.968639999999999946e-01,-2.593230000000000257e-01,1.997059999999999946e-01,6.077320000000000499e-01,-1.318149999999999877e-01,5.057260000000000089e-01,3.017130000000000090e-01,1.487030000000000018e-01,-4.378349999999999742e-01,7.607420000000000293e-01,6.332339999999999636e-01,-8.968639999999999946e-01,-6.928509999999999946e-01,3.272140000000000049e-01,5.312280000000000335e-01,6.332339999999999636e-01,1.117764999999999898e+00,3.527159999999999740e-01,-3.358280000000000154e-01,1.742049999999999987e-01,6.077320000000000499e-01,-2.980800000000000116e-02,-6.418479999999999741e-01,-4.307000000000000065e-03,-1.318149999999999877e-01,9.769999999999999518e-02,5.567290000000000294e-01,-4.888379999999999947e-01,1.997059999999999946e-01,1.997059999999999946e-01,1.742049999999999987e-01,3.272140000000000049e-01,6.842369999999999841e-01,6.077320000000000499e-01,-8.081199999999999495e-02,-6.928509999999999946e-01,-8.968639999999999946e-01,4.037189999999999945e-01,1.449286000000000074e+00,7.862440000000000540e-01,1.997059999999999946e-01,-2.593230000000000257e-01,3.272140000000000049e-01,-5.143389999999999906e-01,-8.968639999999999946e-01,5.312280000000000335e-01,7.352410000000000334e-01,3.782179999999999986e-01,5.312280000000000335e-01,-4.307000000000000065e-03,2.507099999999999884e-01,-2.980800000000000116e-02,-2.593230000000000257e-01,-7.693560000000000398e-01,7.097390000000000088e-01,3.272140000000000049e-01,2.762109999999999843e-01,7.219799999999999829e-02,2.252079999999999915e-01,2.252079999999999915e-01,4.802239999999999842e-01,-3.103259999999999907e-01,4.037189999999999945e-01,1.997059999999999946e-01,3.272140000000000049e-01,-5.908440000000000358e-01,4.547229999999999883e-01,7.607420000000000293e-01,4.037189999999999945e-01,4.669600000000000140e-02,-2.848249999999999948e-01,9.769999999999999518e-02,2.252079999999999915e-01,4.037189999999999945e-01,5.057260000000000089e-01,-6.673489999999999700e-01,-1.828180000000000083e-01,1.232010000000000050e-01,1.806308999999999942e+00,7.607420000000000293e-01,-1.865925999999999974e+00,-1.151880000000000015e+00,-5.530999999999999805e-02,1.041260000000000074e+00,1.168768000000000029e+00,8.372469999999999635e-01,4.547229999999999883e-01,4.292210000000000192e-01,1.487030000000000018e-01,-8.968639999999999946e-01,-2.848249999999999948e-01,-1.318149999999999877e-01,-8.081199999999999495e-02,7.097390000000000088e-01,2.252079999999999915e-01,-3.358280000000000154e-01,9.392540000000000333e-01,3.782179999999999986e-01,5.312280000000000335e-01,3.272140000000000049e-01,-1.228385000000000060e+00,-2.848249999999999948e-01,5.567290000000000294e-01,7.607420000000000293e-01,2.252079999999999915e-01,-3.868309999999999804e-01,9.137520000000000087e-01,-1.318149999999999877e-01,-1.828180000000000083e-01,6.077320000000000499e-01,3.527159999999999740e-01,-2.338210000000000011e-01,-4.633360000000000256e-01,4.802239999999999842e-01,2.762109999999999843e-01,-6.163459999999999495e-01,-1.075374999999999970e+00,1.729803999999999897e+00,8.117459999999999676e-01,-1.049873999999999974e+00,-7.948570000000000357e-01,3.272140000000000049e-01,8.372469999999999635e-01,7.097390000000000088e-01,5.822310000000000541e-01,4.037189999999999945e-01,1.997059999999999946e-01,5.057260000000000089e-01,4.292210000000000192e-01,-4.633360000000000256e-01,-1.202884000000000064e+00,2.119499999999999856e-02,4.037189999999999945e-01,4.292210000000000192e-01,4.292210000000000192e-01,6.587359999999999882e-01,-1.100877000000000105e+00,-3.868309999999999804e-01,6.332339999999999636e-01,6.332339999999999636e-01,1.742049999999999987e-01,3.527159999999999740e-01,4.037189999999999945e-01,3.782179999999999986e-01,1.487030000000000018e-01,2.507099999999999884e-01,3.527159999999999740e-01,-8.081199999999999495e-02,-7.183530000000000193e-01,3.017130000000000090e-01,4.669600000000000140e-02,-1.049873999999999974e+00,5.312280000000000335e-01,9.137520000000000087e-01,-8.081199999999999495e-02,5.312280000000000335e-01,5.822310000000000541e-01,-6.163459999999999495e-01,1.232010000000000050e-01,9.137520000000000087e-01,6.587359999999999882e-01,-4.888379999999999947e-01,-3.103259999999999907e-01,-4.307000000000000065e-03,4.292210000000000192e-01,5.057260000000000089e-01,1.219772000000000078e+00,-2.593230000000000257e-01,-1.636411000000000060e+00,-8.081199999999999495e-02,4.802239999999999842e-01,7.607420000000000293e-01,1.997059999999999946e-01,-6.928509999999999946e-01,-4.123330000000000051e-01,6.842369999999999841e-01,1.015759000000000079e+00,7.097390000000000088e-01,-9.478670000000000151e-01,6.332339999999999636e-01,4.669600000000000140e-02,7.219799999999999829e-02,-8.081199999999999495e-02,-8.081199999999999495e-02,2.762109999999999843e-01,4.037189999999999945e-01,3.527159999999999740e-01,1.232010000000000050e-01,1.997059999999999946e-01,-2.848249999999999948e-01,-7.948570000000000357e-01,3.272140000000000049e-01,-5.530999999999999805e-02,1.232010000000000050e-01,4.669600000000000140e-02,7.607420000000000293e-01,1.092262999999999984e+00,3.017130000000000090e-01,7.352410000000000334e-01,5.312280000000000335e-01,-1.432398000000000060e+00,2.119499999999999856e-02,7.352410000000000334e-01,-2.248451000000000199e+00,-1.828180000000000083e-01,1.066761999999999988e+00,8.882499999999999840e-01,1.168768000000000029e+00,1.041260000000000074e+00,-2.848249999999999948e-01,-5.653430000000000399e-01,-2.980800000000000116e-02,5.312280000000000335e-01,1.232010000000000050e-01,-2.338210000000000011e-01,5.312280000000000335e-01,6.587359999999999882e-01,-6.673489999999999700e-01,3.527159999999999740e-01,-1.865925999999999974e+00,-4.123330000000000051e-01,9.137520000000000087e-01,7.607420000000000293e-01,2.762109999999999843e-01,6.587359999999999882e-01,9.392540000000000333e-01,8.627489999999999881e-01,-2.848249999999999948e-01,-1.457899999999999974e+00,-1.318149999999999877e-01,3.527159999999999740e-01,5.567290000000000294e-01,4.669600000000000140e-02,9.769999999999999518e-02,-6.928509999999999946e-01,1.092262999999999984e+00,9.392540000000000333e-01,4.292210000000000192e-01,-2.338210000000000011e-01,-1.828180000000000083e-01,-2.593230000000000257e-01,8.627489999999999881e-01,-1.318149999999999877e-01,-4.123330000000000051e-01,3.017130000000000090e-01,-8.081199999999999495e-02,3.782179999999999986e-01,1.041260000000000074e+00,-2.338210000000000011e-01,-1.573170000000000124e-01,4.669600000000000140e-02,6.332339999999999636e-01,6.587359999999999882e-01,2.119499999999999856e-02,5.057260000000000089e-01,1.041260000000000074e+00,-3.868309999999999804e-01,-1.126379000000000019e+00,2.762109999999999843e-01,5.057260000000000089e-01,-1.318149999999999877e-01,-3.103259999999999907e-01,-5.398410000000000153e-01,-5.530999999999999805e-02,2.507099999999999884e-01,1.117764999999999898e+00,8.882499999999999840e-01,-5.143389999999999906e-01,1.487030000000000018e-01,-2.593230000000000257e-01,2.507099999999999884e-01,3.017130000000000090e-01,6.332339999999999636e-01,5.567290000000000294e-01,4.037189999999999945e-01,1.487030000000000018e-01,-4.888379999999999947e-01,-1.318149999999999877e-01,3.017130000000000090e-01,4.037189999999999945e-01,-7.438540000000000152e-01,7.862440000000000540e-01,8.882499999999999840e-01,-7.948570000000000357e-01,5.057260000000000089e-01,9.137520000000000087e-01,-5.398410000000000153e-01,-1.253886999999999974e+00,2.119499999999999856e-02,7.219799999999999829e-02,7.097390000000000088e-01,1.041260000000000074e+00,6.332339999999999636e-01,9.769999999999999518e-02,-5.530999999999999805e-02,3.272140000000000049e-01,2.762109999999999843e-01,-4.307000000000000065e-03,-2.848249999999999948e-01,7.607420000000000293e-01,4.292210000000000192e-01,-1.075374999999999970e+00,-2.848249999999999948e-01,4.037189999999999945e-01,1.041260000000000074e+00,4.037189999999999945e-01,-3.868309999999999804e-01,9.769999999999999518e-02,-5.908440000000000358e-01,1.487030000000000018e-01,7.219799999999999829e-02,3.782179999999999986e-01,-1.063130000000000047e-01,7.352410000000000334e-01,2.252079999999999915e-01,5.057260000000000089e-01,3.527159999999999740e-01,-2.848249999999999948e-01,3.272140000000000049e-01,-8.081199999999999495e-02,-8.081199999999999495e-02,5.567290000000000294e-01,7.352410000000000334e-01,1.742049999999999987e-01,1.997059999999999946e-01,5.057260000000000089e-01,3.017130000000000090e-01,-7.438540000000000152e-01,-1.712916000000000105e+00,-7.948570000000000357e-01,8.882499999999999840e-01,1.576794999999999947e+00,9.902570000000000539e-01,-1.432398000000000060e+00,1.487030000000000018e-01,5.567290000000000294e-01,8.882499999999999840e-01,7.862440000000000540e-01,1.742049999999999987e-01,-1.063130000000000047e-01,4.547229999999999883e-01,1.270774999999999988e+00,-3.613299999999999845e-01,-6.418479999999999741e-01,-1.318149999999999877e-01,-6.163459999999999495e-01,8.627489999999999881e-01,2.762109999999999843e-01,-4.888379999999999947e-01,-1.024372000000000060e+00,-2.593230000000000257e-01,7.097390000000000088e-01,1.270774999999999988e+00,3.782179999999999986e-01,3.017130000000000090e-01,2.762109999999999843e-01,2.252079999999999915e-01,8.372469999999999635e-01,3.782179999999999986e-01,-9.988700000000000356e-01,-4.633360000000000256e-01,-7.693560000000000398e-01,1.487030000000000018e-01,4.547229999999999883e-01,3.782179999999999986e-01,9.647550000000000292e-01,6.077320000000000499e-01,-6.928509999999999946e-01,-1.573170000000000124e-01,6.842369999999999841e-01,3.527159999999999740e-01,-1.063130000000000047e-01,-6.418479999999999741e-01,-5.143389999999999906e-01,-5.530999999999999805e-02,5.057260000000000089e-01,5.312280000000000335e-01,-3.868309999999999804e-01,9.137520000000000087e-01,1.194269999999999943e+00,-3.358280000000000154e-01,-4.307000000000000065e-03,3.017130000000000090e-01,-1.063130000000000047e-01,7.862440000000000540e-01,6.332339999999999636e-01,-8.458609999999999740e-01,1.487030000000000018e-01,3.527159999999999740e-01,4.669600000000000140e-02,5.822310000000000541e-01,9.902570000000000539e-01,-1.534405000000000019e+00,-1.202884000000000064e+00,2.762109999999999843e-01,7.097390000000000088e-01,1.041260000000000074e+00,6.077320000000000499e-01,3.272140000000000049e-01,-2.980800000000000116e-02,-8.081199999999999495e-02,-2.083200000000000052e-01,1.232010000000000050e-01,9.769999999999999518e-02,1.997059999999999946e-01,-4.123330000000000051e-01,-3.103259999999999907e-01,5.567290000000000294e-01,9.392540000000000333e-01,7.862440000000000540e-01,-9.988700000000000356e-01,2.119499999999999856e-02,2.762109999999999843e-01,1.487030000000000018e-01,4.292210000000000192e-01,5.567290000000000294e-01,-6.418479999999999741e-01,4.547229999999999883e-01,6.842369999999999841e-01,-2.848249999999999948e-01,6.332339999999999636e-01,-1.573170000000000124e-01,2.119499999999999856e-02,-3.358280000000000154e-01,3.017130000000000090e-01,5.057260000000000089e-01,4.669600000000000140e-02,5.312280000000000335e-01,1.015759000000000079e+00,-1.318149999999999877e-01,3.272140000000000049e-01,-5.530999999999999805e-02,-5.530999999999999805e-02,-3.613299999999999845e-01,-8.081199999999999495e-02,5.057260000000000089e-01,-2.980800000000000116e-02,6.842369999999999841e-01,-1.828180000000000083e-01,-1.573170000000000124e-01,7.607420000000000293e-01,4.669600000000000140e-02,-2.848249999999999948e-01,2.762109999999999843e-01,7.219799999999999829e-02,-4.307000000000000065e-03,3.272140000000000049e-01,1.487030000000000018e-01,7.352410000000000334e-01,2.252079999999999915e-01,1.487030000000000018e-01,-3.358280000000000154e-01,-2.848249999999999948e-01,6.332339999999999636e-01,2.252079999999999915e-01,2.762109999999999843e-01,2.119499999999999856e-02,7.097390000000000088e-01,7.607420000000000293e-01,-7.183530000000000193e-01,-2.848249999999999948e-01,1.232010000000000050e-01,-4.888379999999999947e-01,5.822310000000000541e-01,2.252079999999999915e-01,-3.103259999999999907e-01,7.097390000000000088e-01,1.296276999999999902e+00,-4.633360000000000256e-01,-1.828180000000000083e-01,2.119499999999999856e-02,2.252079999999999915e-01,-2.848249999999999948e-01,-8.081199999999999495e-02,4.037189999999999945e-01,7.352410000000000334e-01,5.567290000000000294e-01,9.769999999999999518e-02,3.527159999999999740e-01,4.037189999999999945e-01,-4.888379999999999947e-01,-6.418479999999999741e-01,-4.633360000000000256e-01,4.802239999999999842e-01,5.057260000000000089e-01,-2.848249999999999948e-01,1.997059999999999946e-01,3.527159999999999740e-01,5.822310000000000541e-01,5.057260000000000089e-01,-2.083200000000000052e-01,-5.143389999999999906e-01,3.272140000000000049e-01,5.822310000000000541e-01,7.219799999999999829e-02,9.137520000000000087e-01,-7.183530000000000193e-01,-1.318149999999999877e-01,7.607420000000000293e-01,6.587359999999999882e-01,-7.438540000000000152e-01,-7.693560000000000398e-01,3.017130000000000090e-01,1.092262999999999984e+00,7.862440000000000540e-01,-8.968639999999999946e-01,9.137520000000000087e-01,1.997059999999999946e-01,3.017130000000000090e-01,-2.338210000000000011e-01,-8.081199999999999495e-02,-1.318149999999999877e-01,4.802239999999999842e-01,3.272140000000000049e-01,-9.478670000000000151e-01,-5.653430000000000399e-01,1.742049999999999987e-01,6.077320000000000499e-01,5.312280000000000335e-01,1.296276999999999902e+00,4.292210000000000192e-01,-1.177381999999999929e+00,1.742049999999999987e-01,1.997059999999999946e-01,8.372469999999999635e-01,3.782179999999999986e-01,-6.673489999999999700e-01,-5.398410000000000153e-01,9.137520000000000087e-01,3.272140000000000049e-01,-4.307000000000000065e-03,4.547229999999999883e-01,6.587359999999999882e-01,-4.888379999999999947e-01,-1.063130000000000047e-01,1.232010000000000050e-01,5.567290000000000294e-01,-4.307000000000000065e-03,-4.307000000000000065e-03,-8.081199999999999495e-02,4.669600000000000140e-02,6.842369999999999841e-01,2.507099999999999884e-01,4.802239999999999842e-01,-4.307000000000000065e-03,-4.378349999999999742e-01,3.782179999999999986e-01,-6.418479999999999741e-01,8.372469999999999635e-01,7.862440000000000540e-01,-7.438540000000000152e-01,2.119499999999999856e-02,3.017130000000000090e-01,6.587359999999999882e-01,-8.458609999999999740e-01,5.567290000000000294e-01,8.372469999999999635e-01,-2.848249999999999948e-01,2.507099999999999884e-01,3.272140000000000049e-01,9.769999999999999518e-02,-2.593230000000000257e-01,3.527159999999999740e-01,-1.828180000000000083e-01,1.487030000000000018e-01,4.037189999999999945e-01,1.232010000000000050e-01,3.272140000000000049e-01,2.119499999999999856e-02,-1.573170000000000124e-01,-1.063130000000000047e-01,5.057260000000000089e-01,5.057260000000000089e-01,-1.828180000000000083e-01,-1.828180000000000083e-01,7.097390000000000088e-01,1.232010000000000050e-01,2.507099999999999884e-01,1.487030000000000018e-01,6.077320000000000499e-01,3.272140000000000049e-01,-5.530999999999999805e-02,-2.980800000000000116e-02,4.669600000000000140e-02,-1.063130000000000047e-01,-1.573170000000000124e-01,-2.980800000000000116e-02,3.782179999999999986e-01,1.487030000000000018e-01,-3.358280000000000154e-01,1.487030000000000018e-01,4.292210000000000192e-01,3.272140000000000049e-01,3.017130000000000090e-01,8.372469999999999635e-01,-3.103259999999999907e-01,-1.355893000000000015e+00,7.097390000000000088e-01,7.607420000000000293e-01,-1.318149999999999877e-01,4.802239999999999842e-01,4.037189999999999945e-01,1.742049999999999987e-01,-2.980800000000000116e-02,4.669600000000000140e-02,-4.307000000000000065e-03,5.567290000000000294e-01,4.037189999999999945e-01,4.037189999999999945e-01,-6.928509999999999946e-01,1.487030000000000018e-01,-8.081199999999999495e-02,-2.083200000000000052e-01,7.862440000000000540e-01,-1.063130000000000047e-01,-1.024372000000000060e+00,6.077320000000000499e-01,5.057260000000000089e-01,6.077320000000000499e-01,9.902570000000000539e-01,4.292210000000000192e-01,4.802239999999999842e-01,-4.123330000000000051e-01,-2.980800000000000116e-02,1.742049999999999987e-01,4.669600000000000140e-02,1.742049999999999987e-01,4.669600000000000140e-02,3.272140000000000049e-01,-3.613299999999999845e-01,4.037189999999999945e-01,-2.980800000000000116e-02,5.567290000000000294e-01,3.527159999999999740e-01,-8.081199999999999495e-02,-3.868309999999999804e-01,1.232010000000000050e-01,2.507099999999999884e-01,3.017130000000000090e-01,1.232010000000000050e-01,-2.338210000000000011e-01,-2.848249999999999948e-01,5.312280000000000335e-01,7.862440000000000540e-01,7.352410000000000334e-01,-5.530999999999999805e-02,-1.024372000000000060e+00,-3.103259999999999907e-01,1.194269999999999943e+00,5.312280000000000335e-01,5.312280000000000335e-01,1.742049999999999987e-01,-4.888379999999999947e-01,-1.024372000000000060e+00,-2.980800000000000116e-02,7.097390000000000088e-01,2.119499999999999856e-02,-3.103259999999999907e-01,7.352410000000000334e-01,8.882499999999999840e-01,-6.163459999999999495e-01,-4.888379999999999947e-01,2.507099999999999884e-01,1.487030000000000018e-01,8.372469999999999635e-01,1.245273000000000074e+00,-5.398410000000000153e-01,-8.968639999999999946e-01,7.352410000000000334e-01,-1.063130000000000047e-01,2.762109999999999843e-01,5.822310000000000541e-01,9.769999999999999518e-02,4.669600000000000140e-02,-3.358280000000000154e-01,-2.980800000000000116e-02,2.762109999999999843e-01,5.057260000000000089e-01,-8.968639999999999946e-01,-3.868309999999999804e-01,7.097390000000000088e-01,1.143267000000000033e+00,-1.318149999999999877e-01,-5.653430000000000399e-01,2.762109999999999843e-01,5.312280000000000335e-01,1.270774999999999988e+00,-2.848249999999999948e-01,-1.304890000000000105e+00,2.762109999999999843e-01,1.041260000000000074e+00,7.862440000000000540e-01,4.292210000000000192e-01,-4.888379999999999947e-01,1.742049999999999987e-01,3.527159999999999740e-01,-4.123330000000000051e-01,-2.083200000000000052e-01,-2.338210000000000011e-01,-4.307000000000000065e-03,5.567290000000000294e-01,5.567290000000000294e-01,-1.828180000000000083e-01,1.232010000000000050e-01,5.057260000000000089e-01,1.321777999999999897e+00,9.769999999999999518e-02,-2.324955000000000105e+00,6.842369999999999841e-01,1.066761999999999988e+00,4.802239999999999842e-01,1.041260000000000074e+00,2.762109999999999843e-01,-3.358280000000000154e-01,-2.848249999999999948e-01,4.037189999999999945e-01,-4.307000000000000065e-03,-1.318149999999999877e-01,-6.163459999999999495e-01,-6.418479999999999741e-01,6.332339999999999636e-01,4.802239999999999842e-01,5.312280000000000335e-01,2.762109999999999843e-01,1.232010000000000050e-01,2.762109999999999843e-01,6.332339999999999636e-01,8.372469999999999635e-01,7.219799999999999829e-02,-2.338210000000000011e-01,-3.358280000000000154e-01,-8.458609999999999740e-01,2.762109999999999843e-01,1.092262999999999984e+00,-8.203589999999999494e-01,-5.653430000000000399e-01,1.997059999999999946e-01,8.627489999999999881e-01,8.882499999999999840e-01,2.762109999999999843e-01,5.567290000000000294e-01,4.547229999999999883e-01,-8.081199999999999495e-02,-6.673489999999999700e-01,-4.888379999999999947e-01,5.822310000000000541e-01,3.527159999999999740e-01,4.802239999999999842e-01,3.272140000000000049e-01,-2.980800000000000116e-02,4.547229999999999883e-01,4.037189999999999945e-01,4.802239999999999842e-01,-8.203589999999999494e-01,-8.203589999999999494e-01,-3.358280000000000154e-01,1.997059999999999946e-01,5.822310000000000541e-01,4.292210000000000192e-01,4.547229999999999883e-01,7.352410000000000334e-01,5.057260000000000089e-01,-5.653430000000000399e-01,3.272140000000000049e-01,5.567290000000000294e-01,1.997059999999999946e-01,-1.573170000000000124e-01,-2.848249999999999948e-01,5.567290000000000294e-01,5.822310000000000541e-01,9.137520000000000087e-01,-6.928509999999999946e-01,-2.593230000000000257e-01,1.487030000000000018e-01,6.332339999999999636e-01,9.647550000000000292e-01,-1.024372000000000060e+00,2.252079999999999915e-01,1.742049999999999987e-01,-4.307000000000000065e-03,1.997059999999999946e-01,2.252079999999999915e-01,-2.980800000000000116e-02,-1.738418000000000019e+00,-1.063130000000000047e-01,1.015759000000000079e+00,8.117459999999999676e-01,7.097390000000000088e-01,9.769999999999999518e-02,-4.378349999999999742e-01,-2.980800000000000116e-02,5.567290000000000294e-01,4.802239999999999842e-01,-1.828180000000000083e-01,-9.988700000000000356e-01,3.782179999999999986e-01,1.015759000000000079e+00,-5.143389999999999906e-01,1.232010000000000050e-01,-2.338210000000000011e-01,5.822310000000000541e-01,7.607420000000000293e-01,7.219799999999999829e-02,5.312280000000000335e-01,-2.083200000000000052e-01,-8.968639999999999946e-01,-1.063130000000000047e-01,7.352410000000000334e-01,-1.318149999999999877e-01,5.312280000000000335e-01,1.997059999999999946e-01,-1.573170000000000124e-01,-2.980800000000000116e-02,3.017130000000000090e-01,1.997059999999999946e-01,1.742049999999999987e-01,8.372469999999999635e-01,-4.307000000000000065e-03,-7.183530000000000193e-01,1.232010000000000050e-01,1.742049999999999987e-01,-4.307000000000000065e-03,-1.828180000000000083e-01,-2.338210000000000011e-01,5.057260000000000089e-01,2.252079999999999915e-01,-8.081199999999999495e-02,6.332339999999999636e-01,4.802239999999999842e-01,3.272140000000000049e-01,2.762109999999999843e-01,7.219799999999999829e-02,-1.063130000000000047e-01,-4.633360000000000256e-01,7.219799999999999829e-02,1.742049999999999987e-01,5.312280000000000335e-01,3.017130000000000090e-01,7.219799999999999829e-02,-1.063130000000000047e-01,7.219799999999999829e-02,1.232010000000000050e-01,1.997059999999999946e-01,3.017130000000000090e-01,-5.530999999999999805e-02,3.527159999999999740e-01,4.547229999999999883e-01,-1.573170000000000124e-01,4.669600000000000140e-02,-1.318149999999999877e-01,-2.593230000000000257e-01,-3.103259999999999907e-01,1.742049999999999987e-01,7.352410000000000334e-01,6.332339999999999636e-01,4.669600000000000140e-02,1.997059999999999946e-01,3.272140000000000049e-01,4.037189999999999945e-01,1.487030000000000018e-01,-8.081199999999999495e-02,-1.828180000000000083e-01,4.669600000000000140e-02,1.487030000000000018e-01,4.669600000000000140e-02,1.232010000000000050e-01,-5.530999999999999805e-02,4.802239999999999842e-01,1.742049999999999987e-01,2.252079999999999915e-01,2.507099999999999884e-01,2.119499999999999856e-02,4.669600000000000140e-02,-4.307000000000000065e-03,1.232010000000000050e-01,3.272140000000000049e-01,4.547229999999999883e-01,4.669600000000000140e-02,-4.307000000000000065e-03,2.119499999999999856e-02,9.769999999999999518e-02,1.232010000000000050e-01,1.997059999999999946e-01,1.742049999999999987e-01,1.232010000000000050e-01,-4.307000000000000065e-03,-2.980800000000000116e-02,3.527159999999999740e-01,2.507099999999999884e-01,2.252079999999999915e-01,1.232010000000000050e-01,-2.980800000000000116e-02,9.769999999999999518e-02,1.997059999999999946e-01,1.742049999999999987e-01,4.669600000000000140e-02,9.769999999999999518e-02,4.037189999999999945e-01,5.312280000000000335e-01,9.769999999999999518e-02,1.232010000000000050e-01,4.669600000000000140e-02,-1.063130000000000047e-01,-8.081199999999999495e-02,2.119499999999999856e-02,7.219799999999999829e-02,1.997059999999999946e-01,1.742049999999999987e-01,-5.530999999999999805e-02,2.252079999999999915e-01,7.862440000000000540e-01,6.842369999999999841e-01,9.769999999999999518e-02,-7.438540000000000152e-01,-1.828180000000000083e-01,-2.593230000000000257e-01,2.119499999999999856e-02,8.627489999999999881e-01,5.057260000000000089e-01,-1.828180000000000083e-01,7.219799999999999829e-02,-8.081199999999999495e-02,1.997059999999999946e-01,1.997059999999999946e-01,-4.307000000000000065e-03,1.232010000000000050e-01,3.017130000000000090e-01,2.762109999999999843e-01,1.742049999999999987e-01,7.219799999999999829e-02,9.769999999999999518e-02,1.232010000000000050e-01,1.232010000000000050e-01,2.119499999999999856e-02,1.487030000000000018e-01,3.017130000000000090e-01,2.252079999999999915e-01,7.219799999999999829e-02,1.232010000000000050e-01,7.219799999999999829e-02,1.232010000000000050e-01,2.119499999999999856e-02,4.669600000000000140e-02,2.252079999999999915e-01,1.997059999999999946e-01,3.017130000000000090e-01,2.252079999999999915e-01,1.232010000000000050e-01,9.769999999999999518e-02,7.219799999999999829e-02,7.219799999999999829e-02,2.119499999999999856e-02,1.232010000000000050e-01,2.252079999999999915e-01,2.252079999999999915e-01,2.762109999999999843e-01,3.017130000000000090e-01,4.292210000000000192e-01,3.272140000000000049e-01,-4.307000000000000065e-03,-8.081199999999999495e-02,-1.318149999999999877e-01,4.669600000000000140e-02,2.119499999999999856e-02,2.119499999999999856e-02,2.252079999999999915e-01,4.547229999999999883e-01,4.037189999999999945e-01,2.252079999999999915e-01,1.232010000000000050e-01,1.232010000000000050e-01,-8.081199999999999495e-02,-2.980800000000000116e-02,1.232010000000000050e-01,2.507099999999999884e-01,2.762109999999999843e-01,1.742049999999999987e-01,3.527159999999999740e-01,1.997059999999999946e-01,-5.530999999999999805e-02,-5.530999999999999805e-02,-4.307000000000000065e-03,1.232010000000000050e-01,2.119499999999999856e-02,9.769999999999999518e-02,1.742049999999999987e-01,2.507099999999999884e-01,3.272140000000000049e-01,3.272140000000000049e-01,2.762109999999999843e-01,2.119499999999999856e-02,-2.980800000000000116e-02,1.232010000000000050e-01,1.487030000000000018e-01,1.232010000000000050e-01,7.219799999999999829e-02,2.507099999999999884e-01,2.762109999999999843e-01,2.762109999999999843e-01,1.742049999999999987e-01,4.669600000000000140e-02,9.769999999999999518e-02,7.219799999999999829e-02,9.769999999999999518e-02,2.119499999999999856e-02,1.997059999999999946e-01
3.272140000000000049e-01,1.742049999999999987e-01,3.272140000000000049e-01,3.272140000000000049e-01,2.762109999999999843e-01,1.742049999999999987e-01,-2.083200000000000052e-01,-1.318149999999999877e-01,1.232010000000000050e-01,1.487030000000000018e-01,2.762109999999999843e-01,2.507099999999999884e-01,2.119499999999999856e-02,3.782179999999999986e-01,2.252079999999999915e-01,9.769999999999999518e-02,2.119499999999999856e-02,2.252079999999999915e-01,1.232010000000000050e-01,1.487030000000000018e-01,1.997059999999999946e-01,-1.063130000000000047e-01,-8.081199999999999495e-02,2.507099999999999884e-01,3.272140000000000049e-01,3.017130000000000090e-01,1.487030000000000018e-01,2.119499999999999856e-02,1.487030000000000018e-01,1.232010000000000050e-01,4.669600000000000140e-02,7.219799999999999829e-02,2.762109999999999843e-01,1.997059999999999946e-01,4.669600000000000140e-02,2.119499999999999856e-02,1.487030000000000018e-01,1.232010000000000050e-01,2.119499999999999856e-02,1.997059999999999946e-01,2.119499999999999856e-02,1.487030000000000018e-01,4.802239999999999842e-01,4.292210000000000192e-01,2.119499999999999856e-02,4.669600000000000140e-02,-8.081199999999999495e-02,-5.530999999999999805e-02,7.219799999999999829e-02,2.507099999999999884e-01,2.252079999999999915e-01,1.742049999999999987e-01,1.232010000000000050e-01,1.232010000000000050e-01,2.252079999999999915e-01,1.742049999999999987e-01,1.997059999999999946e-01,7.219799999999999829e-02,4.669600000000000140e-02,4.669600000000000140e-02,4.669600000000000140e-02,1.997059999999999946e-01,1.997059999999999946e-01,2.252079999999999915e-01,2.252079999999999915e-01,-1.063130000000000047e-01,3.272140000000000049e-01,1.742049999999999987e-01,7.219799999999999829e-02,2.119499999999999856e-02,-2.980800000000000116e-02,2.507099999999999884e-01,3.272140000000000049e-01,2.252079999999999915e-01,1.997059999999999946e-01,-4.307000000000000065e-03,-4.307000000000000065e-03,-2.980800000000000116e-02,1.742049999999999987e-01,4.292210000000000192e-01,1.997059999999999946e-01,3.272140000000000049e-01,3.272140000000000049e-01,3.017130000000000090e-01,-1.573170000000000124e-01,-5.530999999999999805e-02,-3.358280000000000154e-01,-1.318149999999999877e-01,2.252079999999999915e-01,3.272140000000000049e-01,3.272140000000000049e-01,4.037189999999999945e-01,3.272140000000000049e-01,3.017130000000000090e-01,1.742049999999999987e-01,4.669600000000000140e-02,-1.063130000000000047e-01,-1.318149999999999877e-01,2.762109999999999843e-01,1.742049999999999987e-01,-4.307000000000000065e-03,9.769999999999999518e-02,1.232010000000000050e-01,3.527159999999999740e-01,3.272140000000000049e-01,9.769999999999999518e-02,7.219799999999999829e-02,2.119499999999999856e-02,1.742049999999999987e-01,3.017130000000000090e-01,2.507099999999999884e-01,2.252079999999999915e-01,1.997059999999999946e-01,4.547229999999999883e-01,4.669600000000000140e-02,-1.828180000000000083e-01,-3.358280000000000154e-01,-4.378349999999999742e-01,9.769999999999999518e-02,4.547229999999999883e-01,5.057260000000000089e-01,1.232010000000000050e-01,4.037189999999999945e-01,3.527159999999999740e-01,5.567290000000000294e-01,4.547229999999999883e-01,-3.103259999999999907e-01,-2.338210000000000011e-01,-1.828180000000000083e-01,9.769999999999999518e-02,1.232010000000000050e-01,2.762109999999999843e-01,1.487030000000000018e-01,1.742049999999999987e-01,1.997059999999999946e-01,1.997059999999999946e-01,2.252079999999999915e-01,1.742049999999999987e-01,2.252079999999999915e-01,1.487030000000000018e-01,2.507099999999999884e-01,1.487030000000000018e-01,7.219799999999999829e-02,1.487030000000000018e-01,1.232010000000000050e-01,1.232010000000000050e-01,9.769999999999999518e-02,4.669600000000000140e-02,1.232010000000000050e-01,7.219799999999999829e-02,1.742049999999999987e-01,3.017130000000000090e-01,3.527159999999999740e-01,2.762109999999999843e-01,2.119499999999999856e-02,-1.318149999999999877e-01,-1.063130000000000047e-01,-1.063130000000000047e-01,1.742049999999999987e-01,2.762109999999999843e-01,3.272140000000000049e-01,1.742049999999999987e-01,3.272140000000000049e-01,3.272140000000000049e-01,4.292210000000000192e-01,1.232010000000000050e-01,-1.318149999999999877e-01,-5.530999999999999805e-02,-1.828180000000000083e-01,1.742049999999999987e-01,1.997059999999999946e-01,1.232010000000000050e-01,3.782179999999999986e-01,2.762109999999999843e-01,1.487030000000000018e-01,-2.980800000000000116e-02,1.232010000000000050e-01,1.997059999999999946e-01,-2.980800000000000116e-02,3.017130000000000090e-01,2.762109999999999843e-01,-8.081199999999999495e-02,3.017130000000000090e-01,3.527159999999999740e-01,-8.081199999999999495e-02,-1.318149999999999877e-01,-1.318149999999999877e-01,9.769999999999999518e-02,2.252079999999999915e-01,3.527159999999999740e-01,1.997059999999999946e-01,2.507099999999999884e-01,1.742049999999999987e-01,1.232010000000000050e-01,2.119499999999999856e-02,2.119499999999999856e-02,7.219799999999999829e-02,7.219799999999999829e-02,1.997059999999999946e-01,2.507099999999999884e-01,2.507099999999999884e-01,2.507099999999999884e-01,2.507099999999999884e-01,1.232010000000000050e-01,1.742049999999999987e-01,-1.063130000000000047e-01,2.119499999999999856e-02,-4.307000000000000065e-03,4.292210000000000192e-01,1.232010000000000050e-01,7.219799999999999829e-02,-2.980800000000000116e-02,7.219799999999999829e-02,1.742049999999999987e-01,1.232010000000000050e-01,1.232010000000000050e-01,2.119499999999999856e-02,7.219799999999999829e-02,5.312280000000000335e-01,8.627489999999999881e-01,1.487030000000000018e-01,-1.573170000000000124e-01,2.119499999999999856e-02,-2.980800000000000116e-02,1.997059999999999946e-01,9.769999999999999518e-02,7.219799999999999829e-02,-1.063130000000000047e-01,-4.307000000000000065e-03,2.507099999999999884e-01,3.017130000000000090e-01,3.782179999999999986e-01,1.997059999999999946e-01,-5.530999999999999805e-02,2.119499999999999856e-02,5.567290000000000294e-01,3.782179999999999986e-01,1.232010000000000050e-01,-1.063130000000000047e-01,-2.980800000000000116e-02,-1.063130000000000047e-01,7.219799999999999829e-02,4.037189999999999945e-01,1.487030000000000018e-01,1.997059999999999946e-01,3.017130000000000090e-01,2.507099999999999884e-01,1.997059999999999946e-01,-4.307000000000000065e-03,1.997059999999999946e-01,-3.103259999999999907e-01,2.762109999999999843e-01,3.527159999999999740e-01,6.077320000000000499e-01,1.232010000000000050e-01,3.272140000000000049e-01,2.762109999999999843e-01,-4.307000000000000065e-03,-5.530999999999999805e-02,-2.848249999999999948e-01,-4.633360000000000256e-01,4.669600000000000140e-02,4.292210000000000192e-01,3.527159999999999740e-01,1.487030000000000018e-01,3.272140000000000049e-01,4.037189999999999945e-01,3.017130000000000090e-01,1.232010000000000050e-01,-8.081199999999999495e-02,4.669600000000000140e-02,4.802239999999999842e-01,1.487030000000000018e-01,-5.398410000000000153e-01,-5.908440000000000358e-01,5.057260000000000089e-01,7.097390000000000088e-01,7.219799999999999829e-02,3.782179999999999986e-01,3.272140000000000049e-01,2.507099999999999884e-01,9.769999999999999518e-02,3.782179999999999986e-01,8.117459999999999676e-01,2.252079999999999915e-01,-5.908440000000000358e-01,-5.908440000000000358e-01,-5.530999999999999805e-02,-5.143389999999999906e-01,7.219799999999999829e-02,4.292210000000000192e-01,9.769999999999999518e-02,3.782179999999999986e-01,9.902570000000000539e-01,1.117764999999999898e+00,9.392540000000000333e-01,-1.253886999999999974e+00,-8.458609999999999740e-01,2.252079999999999915e-01,-7.438540000000000152e-01,5.312280000000000335e-01,8.882499999999999840e-01,2.119499999999999856e-02,-3.103259999999999907e-01,5.567290000000000294e-01,1.321777999999999897e+00,6.587359999999999882e-01,-6.928509999999999946e-01,-4.888379999999999947e-01,-3.358280000000000154e-01,4.037189999999999945e-01,3.272140000000000049e-01,4.547229999999999883e-01,-1.828180000000000083e-01,1.143267000000000033e+00,-8.203589999999999494e-01,-8.968639999999999946e-01,4.292210000000000192e-01,-5.530999999999999805e-02,7.607420000000000293e-01,7.607420000000000293e-01,-1.318149999999999877e-01,-1.318149999999999877e-01,5.822310000000000541e-01,5.057260000000000089e-01,-5.653430000000000399e-01,-6.928509999999999946e-01,-3.613299999999999845e-01,8.372469999999999635e-01,1.143267000000000033e+00,4.669600000000000140e-02,-2.848249999999999948e-01,5.567290000000000294e-01,4.292210000000000192e-01,9.647550000000000292e-01,-7.693560000000000398e-01,-1.049873999999999974e+00,7.352410000000000334e-01,9.392540000000000333e-01,-1.355893000000000015e+00,-3.103259999999999907e-01,1.933816999999999897e+00,1.576794999999999947e+00,1.232010000000000050e-01,2.762109999999999843e-01,-8.968639999999999946e-01,-1.508903000000000105e+00,4.547229999999999883e-01,-1.828180000000000083e-01,1.487030000000000018e-01,-2.593230000000000257e-01,1.347280000000000033e+00,5.822310000000000541e-01,9.137520000000000087e-01,-5.143389999999999906e-01,-1.406897000000000064e+00,-1.712916000000000105e+00,6.077320000000000499e-01,1.653299000000000074e+00,1.423785000000000078e+00,-6.673489999999999700e-01,1.296276999999999902e+00,-9.988700000000000356e-01,-2.338210000000000011e-01,1.219772000000000078e+00,5.312280000000000335e-01,1.742049999999999987e-01,-7.948570000000000357e-01,1.143267000000000033e+00,-7.438540000000000152e-01,-1.814923000000000064e+00,1.015759000000000079e+00,1.092262999999999984e+00,2.762109999999999843e-01,1.423785000000000078e+00,1.423785000000000078e+00,-9.478670000000000151e-01,-3.549033999999999800e+00,-1.126379000000000019e+00,1.755306000000000033e+00,3.132394000000000123e+00,9.392540000000000333e-01,-1.891428000000000109e+00,-3.447026999999999841e+00,8.627489999999999881e-01,2.367344999999999811e+00,3.285404000000000213e+00,6.332339999999999636e-01,-7.948570000000000357e-01,-1.355893000000000015e+00,-6.928509999999999946e-01,1.551293000000000033e+00,4.547229999999999883e-01,7.862440000000000540e-01,-6.418479999999999741e-01,-1.763919000000000015e+00,-1.318149999999999877e-01,-7.438540000000000152e-01,1.997059999999999946e-01,7.097390000000000088e-01,7.352410000000000334e-01,2.316342000000000123e+00,-3.103259999999999907e-01,-7.948570000000000357e-01,-6.673489999999999700e-01,-3.613299999999999845e-01,1.232010000000000050e-01,1.321777999999999897e+00,-2.980800000000000116e-02,8.882499999999999840e-01,4.547229999999999883e-01,-7.438540000000000152e-01,7.607420000000000293e-01,8.627489999999999881e-01,-1.534405000000000019e+00,-3.613299999999999845e-01,9.392540000000000333e-01,4.669600000000000140e-02,-6.928509999999999946e-01,-3.358280000000000154e-01,1.653299000000000074e+00,1.245273000000000074e+00,-1.049873999999999974e+00,-7.948570000000000357e-01,-1.177381999999999929e+00,8.882499999999999840e-01,-3.103259999999999907e-01,7.352410000000000334e-01,9.137520000000000087e-01,1.525790999999999897e+00,6.332339999999999636e-01,-1.585407999999999928e+00,2.762109999999999843e-01,4.037189999999999945e-01,-3.370521999999999796e+00,9.769999999999999518e-02,1.347280000000000033e+00,9.392540000000000333e-01,1.602295999999999943e+00,2.112328999999999901e+00,-2.083200000000000052e-01,-2.860489999999999977e+00,8.627489999999999881e-01,9.647550000000000292e-01,-4.633360000000000256e-01,-1.049873999999999974e+00,6.332339999999999636e-01,4.292210000000000192e-01,-1.151880000000000015e+00,7.862440000000000540e-01,1.092262999999999984e+00,-7.183530000000000193e-01,5.567290000000000294e-01,9.137520000000000087e-01,-3.868309999999999804e-01,-8.968639999999999946e-01,1.474787999999999988e+00,9.137520000000000087e-01,-4.888379999999999947e-01,6.587359999999999882e-01,2.163332000000000033e+00,-4.888379999999999947e-01,-2.069939000000000195e+00,-8.081199999999999495e-02,9.137520000000000087e-01,8.882499999999999840e-01,4.292210000000000192e-01,-2.083200000000000052e-01,-1.508903000000000105e+00,-8.713619999999999699e-01,9.392540000000000333e-01,1.143267000000000033e+00,2.507099999999999884e-01,1.232010000000000050e-01,-1.573170000000000124e-01,-2.848249999999999948e-01,9.647550000000000292e-01,-5.653430000000000399e-01,-1.406897000000000064e+00,7.352410000000000334e-01,1.372781000000000029e+00,7.097390000000000088e-01,8.882499999999999840e-01,8.627489999999999881e-01,9.769999999999999518e-02,-1.573170000000000124e-01,-6.418479999999999741e-01,-1.100877000000000105e+00,-8.203589999999999494e-01,3.527159999999999740e-01,-2.593230000000000257e-01,4.669600000000000140e-02,5.057260000000000089e-01,9.902570000000000539e-01,4.802239999999999842e-01,1.117764999999999898e+00,-2.146443999999999797e+00,-5.908440000000000358e-01,-6.928509999999999946e-01,1.449286000000000074e+00,2.061326000000000214e+00,-2.848249999999999948e-01,2.252079999999999915e-01,-4.123330000000000051e-01,-2.980800000000000116e-02,1.296276999999999902e+00,5.822310000000000541e-01,-7.948570000000000357e-01,-1.100877000000000105e+00,-3.103259999999999907e-01,-1.573170000000000124e-01,9.137520000000000087e-01,8.882499999999999840e-01,1.117764999999999898e+00,5.312280000000000335e-01,8.372469999999999635e-01,-2.338210000000000011e-01,-3.090003999999999973e+00,-7.948570000000000357e-01,1.500289999999999901e+00,1.168768000000000029e+00,3.782179999999999986e-01,8.882499999999999840e-01,1.857312000000000074e+00,-2.338210000000000011e-01,-3.103259999999999907e-01,-1.318149999999999877e-01,-2.095441000000000109e+00,-5.398410000000000153e-01,1.092262999999999984e+00,-1.100877000000000105e+00,1.321777999999999897e+00,8.372469999999999635e-01,7.352410000000000334e-01,2.698866000000000209e+00,-5.908440000000000358e-01,-1.763919000000000015e+00,1.143267000000000033e+00,-2.248451000000000199e+00,-7.438540000000000152e-01,2.061326000000000214e+00,2.239837000000000078e+00,-7.948570000000000357e-01,-1.763919000000000015e+00,-3.868309999999999804e-01,1.015759000000000079e+00,2.252079999999999915e-01,4.802239999999999842e-01,4.037189999999999945e-01,9.392540000000000333e-01,-4.888379999999999947e-01,1.997059999999999946e-01,7.352410000000000334e-01,-1.279387999999999970e+00,2.507099999999999884e-01,-6.673489999999999700e-01,3.782179999999999986e-01,3.527159999999999740e-01,-7.183530000000000193e-01,3.272140000000000049e-01,1.908315999999999901e+00,7.862440000000000540e-01,2.119499999999999856e-02,-1.177381999999999929e+00,7.607420000000000293e-01,-8.458609999999999740e-01,4.669600000000000140e-02,-5.530999999999999805e-02,-2.044436999999999838e+00,9.392540000000000333e-01,2.673364999999999991e+00,6.587359999999999882e-01,-9.988700000000000356e-01,-1.318149999999999877e-01,-4.307000000000000065e-03,3.527159999999999740e-01,1.882813999999999988e+00,1.449286000000000074e+00,-2.350457000000000019e+00,-4.033565000000000289e+00,1.041260000000000074e+00,8.117459999999999676e-01,3.527159999999999740e-01,1.117764999999999898e+00,7.352410000000000334e-01,5.057260000000000089e-01,-1.573170000000000124e-01,-6.928509999999999946e-01,-8.081199999999999495e-02,1.398282999999999943e+00,2.119499999999999856e-02,-1.151880000000000015e+00,-1.828180000000000083e-01,1.551293000000000033e+00,2.061326000000000214e+00,1.742049999999999987e-01,-5.589164000000000243e+00,-1.573170000000000124e-01,1.602295999999999943e+00,2.252079999999999915e-01,1.755306000000000033e+00,1.194269999999999943e+00,1.232010000000000050e-01,-2.338210000000000011e-01,1.194269999999999943e+00,9.392540000000000333e-01,-9.223660000000000192e-01,-1.840424000000000060e+00,-1.063130000000000047e-01,1.398282999999999943e+00,6.332339999999999636e-01,-2.980800000000000116e-02,-1.202884000000000064e+00,4.292210000000000192e-01,-9.223660000000000192e-01,2.507099999999999884e-01,1.449286000000000074e+00,1.653299000000000074e+00,1.066761999999999988e+00,1.487030000000000018e-01,-6.928509999999999946e-01,1.232010000000000050e-01,-2.593230000000000257e-01,-4.123330000000000051e-01,4.292210000000000192e-01,9.647550000000000292e-01,-4.888379999999999947e-01,-1.916929000000000105e+00,-1.942431000000000019e+00,1.602295999999999943e+00,5.567290000000000294e-01,-2.980800000000000116e-02,4.292210000000000192e-01,9.902570000000000539e-01,7.607420000000000293e-01,6.842369999999999841e-01,9.137520000000000087e-01,7.219799999999999829e-02,1.653299000000000074e+00,-6.163459999999999495e-01,-2.987998000000000154e+00,-4.123330000000000051e-01,1.143267000000000033e+00,4.292210000000000192e-01,-1.126379000000000019e+00,-1.840424000000000060e+00,1.398282999999999943e+00,1.219772000000000078e+00,1.168768000000000029e+00,-1.636411000000000060e+00,4.292210000000000192e-01,2.035823999999999856e+00,7.352410000000000334e-01,1.194269999999999943e+00,7.352410000000000334e-01,-4.378349999999999742e-01,-6.163459999999999495e-01,4.669600000000000140e-02,-8.081199999999999495e-02,-5.653430000000000399e-01,-1.049873999999999974e+00,-5.398410000000000153e-01,-1.126379000000000019e+00,1.602295999999999943e+00,1.423785000000000078e+00,3.030387999999999860e+00,2.507099999999999884e-01,-3.294017000000000195e+00,8.117459999999999676e-01,1.041260000000000074e+00,6.332339999999999636e-01,-4.633360000000000256e-01,-6.673489999999999700e-01,1.143267000000000033e+00,2.239837000000000078e+00,1.449286000000000074e+00,-1.865925999999999974e+00,-1.942431000000000019e+00,7.607420000000000293e-01,3.272140000000000049e-01,-1.177381999999999929e+00,6.332339999999999636e-01,7.352410000000000334e-01,1.984820999999999946e+00,9.647550000000000292e-01,4.292210000000000192e-01,-1.100877000000000105e+00,-4.123330000000000051e-01,-2.018936000000000064e+00,-1.126379000000000019e+00,9.392540000000000333e-01,2.252079999999999915e-01,1.321777999999999897e+00,9.647550000000000292e-01,4.292210000000000192e-01,5.567290000000000294e-01,1.245273000000000074e+00,-1.636411000000000060e+00,-3.472529000000000199e+00,-3.358280000000000154e-01,1.041260000000000074e+00,1.704302999999999901e+00,3.272140000000000049e-01,2.252079999999999915e-01,7.607420000000000293e-01,1.551293000000000033e+00,-3.103259999999999907e-01,-2.426962000000000064e+00,-1.916929000000000105e+00,4.037189999999999945e-01,2.163332000000000033e+00,1.143267000000000033e+00,8.372469999999999635e-01,3.782179999999999986e-01,1.984820999999999946e+00,-1.304890000000000105e+00,-5.359650000000000247e+00,-2.980800000000000116e-02,2.545856999999999815e+00,3.017130000000000090e-01,1.041260000000000074e+00,1.449286000000000074e+00,8.627489999999999881e-01,4.292210000000000192e-01,6.587359999999999882e-01,2.507099999999999884e-01,-1.381394999999999929e+00,-6.163459999999999495e-01,-5.908440000000000358e-01,3.017130000000000090e-01,4.802239999999999842e-01,4.547229999999999883e-01,7.352410000000000334e-01,1.041260000000000074e+00,-7.948570000000000357e-01,-6.418479999999999741e-01,5.822310000000000541e-01,1.041260000000000074e+00,-5.143389999999999906e-01,-2.083200000000000052e-01,1.117764999999999898e+00,9.769999999999999518e-02,-1.024372000000000060e+00,-1.063130000000000047e-01,9.769999999999999518e-02,1.704302999999999901e+00,3.527159999999999740e-01,1.092262999999999984e+00,4.292210000000000192e-01,-2.426962000000000064e+00,-1.814923000000000064e+00,3.272140000000000049e-01,1.245273000000000074e+00,4.669600000000000140e-02,1.933816999999999897e+00,4.432977000000000167e+00,1.729803999999999897e+00,-4.492594000000000420e+00,-3.370521999999999796e+00,6.332339999999999636e-01,7.607420000000000293e-01,6.077320000000000499e-01,3.017130000000000090e-01,5.312280000000000335e-01,7.862440000000000540e-01,-2.848249999999999948e-01,4.292210000000000192e-01,-8.458609999999999740e-01,2.119499999999999856e-02,-1.100877000000000105e+00,7.607420000000000293e-01,1.092262999999999984e+00,5.057260000000000089e-01,2.418347999999999942e+00,2.188833999999999946e+00,-2.554469999999999796e+00,-1.610910000000000064e+00,1.742049999999999987e-01,5.312280000000000335e-01,-8.458609999999999740e-01,-1.100877000000000105e+00,7.097390000000000088e-01,2.507099999999999884e-01,1.857312000000000074e+00,1.500289999999999901e+00,5.822310000000000541e-01,2.252079999999999915e-01,-3.868309999999999804e-01,-8.081199999999999495e-02,2.252079999999999915e-01,-2.593230000000000257e-01,-2.809486000000000150e+00,8.372469999999999635e-01,1.576794999999999947e+00,-1.318149999999999877e-01,-6.163459999999999495e-01,-4.307000000000000065e-03,1.347280000000000033e+00,4.547229999999999883e-01,-1.573170000000000124e-01,1.627798000000000078e+00,-9.223660000000000192e-01,-1.573170000000000124e-01,1.194269999999999943e+00,3.272140000000000049e-01,7.097390000000000088e-01,5.312280000000000335e-01,-1.763919000000000015e+00,1.551293000000000033e+00,-1.610910000000000064e+00,-6.673489999999999700e-01,-3.103259999999999907e-01,-8.081199999999999495e-02,1.232010000000000050e-01,8.627489999999999881e-01,1.041260000000000074e+00,1.015759000000000079e+00,-5.398410000000000153e-01,-8.968639999999999946e-01,5.567290000000000294e-01,1.551293000000000033e+00,1.487030000000000018e-01,3.272140000000000049e-01,-3.141007999999999800e+00,-7.183530000000000193e-01,2.137830000000000119e+00,1.168768000000000029e+00,1.653299000000000074e+00,1.041260000000000074e+00,-3.103259999999999907e-01,-8.968639999999999946e-01,4.669600000000000140e-02,-3.868309999999999804e-01,3.527159999999999740e-01,3.527159999999999740e-01,3.272140000000000049e-01,9.647550000000000292e-01,7.219799999999999829e-02,-2.605472999999999928e+00,5.312280000000000335e-01,1.347280000000000033e+00,-2.593230000000000257e-01,-6.163459999999999495e-01,2.112328999999999901e+00,7.862440000000000540e-01,-8.968639999999999946e-01,-3.358280000000000154e-01,-3.868309999999999804e-01,1.219772000000000078e+00,1.168768000000000029e+00,-1.457899999999999974e+00,-4.633360000000000256e-01,2.762109999999999843e-01,-6.163459999999999495e-01,9.902570000000000539e-01,1.423785000000000078e+00,1.729803999999999897e+00,1.602295999999999943e+00,-2.528967999999999883e+00,-1.126379000000000019e+00,4.037189999999999945e-01,-7.693560000000000398e-01,6.587359999999999882e-01,3.272140000000000049e-01,-8.081199999999999495e-02,3.017130000000000090e-01,1.398282999999999943e+00,-5.398410000000000153e-01,-1.687415000000000109e+00,1.066761999999999988e+00,4.547229999999999883e-01,3.272140000000000049e-01,-3.868309999999999804e-01,3.017130000000000090e-01,2.392847000000000168e+00,4.547229999999999883e-01,-3.319519000000000108e+00,-6.673489999999999700e-01,-2.980800000000000116e-02,1.219772000000000078e+00,-3.103259999999999907e-01,3.272140000000000049e-01,2.214335000000000164e+00,1.296276999999999902e+00,3.782179999999999986e-01,1.487030000000000018e-01,-1.063130000000000047e-01,-1.942431000000000019e+00,8.882499999999999840e-01,5.822310000000000541e-01,-3.472529000000000199e+00,-2.338210000000000011e-01,1.347280000000000033e+00,9.392540000000000333e-01,-1.063130000000000047e-01,1.219772000000000078e+00,1.857312000000000074e+00,9.769999999999999518e-02,-1.304890000000000105e+00,3.272140000000000049e-01,6.587359999999999882e-01,-8.081199999999999495e-02,-1.063130000000000047e-01,5.567290000000000294e-01,-4.378349999999999742e-01,-7.438540000000000152e-01,-6.928509999999999946e-01,5.822310000000000541e-01,-4.633360000000000256e-01,-2.338210000000000011e-01,2.163332000000000033e+00,-8.203589999999999494e-01,3.782179999999999986e-01,8.372469999999999635e-01,6.332339999999999636e-01,-6.418479999999999741e-01,9.647550000000000292e-01,-1.828180000000000083e-01,-5.530999999999999805e-02,-4.307000000000000065e-03,3.272140000000000049e-01,7.607420000000000293e-01,-4.307000000000000065e-03,-2.848249999999999948e-01,-8.713619999999999699e-01,-5.143389999999999906e-01,1.423785000000000078e+00,2.061326000000000214e+00,-2.095441000000000109e+00,-1.253886999999999974e+00,2.119499999999999856e-02,2.112328999999999901e+00,1.780807999999999947e+00,9.137520000000000087e-01,-1.100877000000000105e+00,-1.075374999999999970e+00,1.041260000000000074e+00,-5.398410000000000153e-01,-8.081199999999999495e-02,4.669600000000000140e-02,1.347280000000000033e+00,-9.223660000000000192e-01,-1.432398000000000060e+00,1.168768000000000029e+00,1.041260000000000074e+00,-8.458609999999999740e-01,8.627489999999999881e-01,8.117459999999999676e-01,-2.980800000000000116e-02,5.057260000000000089e-01,-4.633360000000000256e-01,-2.083200000000000052e-01,-8.458609999999999740e-01,1.245273000000000074e+00,2.188833999999999946e+00,9.392540000000000333e-01,7.219799999999999829e-02,-9.223660000000000192e-01,-1.100877000000000105e+00,-4.123330000000000051e-01,7.607420000000000293e-01,-1.828180000000000083e-01,5.822310000000000541e-01,1.500289999999999901e+00,-1.100877000000000105e+00,-2.299453999999999887e+00,9.902570000000000539e-01,1.984820999999999946e+00,-5.398410000000000153e-01,-8.081199999999999495e-02,1.487030000000000018e-01,5.057260000000000089e-01,-5.530999999999999805e-02,-1.063130000000000047e-01,4.292210000000000192e-01,1.997059999999999946e-01,-7.438540000000000152e-01,8.372469999999999635e-01,1.423785000000000078e+00,-1.355893000000000015e+00,1.997059999999999946e-01,-5.398410000000000153e-01,6.332339999999999636e-01,8.627489999999999881e-01,5.312280000000000335e-01,-4.084567999999999977e+00,7.607420000000000293e-01,9.902570000000000539e-01,1.487030000000000018e-01,6.587359999999999882e-01,2.443849999999999856e+00,-4.378349999999999742e-01,-8.458609999999999740e-01,7.607420000000000293e-01,-5.143389999999999906e-01,2.119499999999999856e-02,1.232010000000000050e-01,-9.223660000000000192e-01,-5.143389999999999906e-01,7.352410000000000334e-01,-5.530999999999999805e-02,1.997059999999999946e-01,6.587359999999999882e-01,4.669600000000000140e-02,-4.307000000000000065e-03,4.547229999999999883e-01,6.587359999999999882e-01,-1.828180000000000083e-01,1.997059999999999946e-01,6.842369999999999841e-01,3.527159999999999740e-01,-1.712916000000000105e+00,-6.418479999999999741e-01,4.547229999999999883e-01,1.984820999999999946e+00,9.392540000000000333e-01,1.219772000000000078e+00,-1.840424000000000060e+00,-2.299453999999999887e+00,-6.418479999999999741e-01,3.017130000000000090e-01,1.041260000000000074e+00,2.112328999999999901e+00,9.392540000000000333e-01,-6.163459999999999495e-01,5.822310000000000541e-01,-3.358280000000000154e-01,-5.143389999999999906e-01,4.292210000000000192e-01,-4.307000000000000065e-03,-1.789420999999999928e+00,8.372469999999999635e-01,2.061326000000000214e+00,5.822310000000000541e-01,-3.013500000000000068e+00,6.332339999999999636e-01,5.312280000000000335e-01,-1.063130000000000047e-01,8.117459999999999676e-01,6.077320000000000499e-01,3.272140000000000049e-01,3.272140000000000049e-01,-2.980800000000000116e-02,-2.593230000000000257e-01,-6.928509999999999946e-01,9.137520000000000087e-01,1.755306000000000033e+00,-1.508903000000000105e+00,1.232010000000000050e-01,-1.075374999999999970e+00,1.245273000000000074e+00,4.802239999999999842e-01,6.077320000000000499e-01,-1.075374999999999970e+00,-7.183530000000000193e-01,9.647550000000000292e-01,-4.307000000000000065e-03,1.551293000000000033e+00,-2.593230000000000257e-01,-8.713619999999999699e-01,-8.968639999999999946e-01,1.015759000000000079e+00,4.037189999999999945e-01,-2.083200000000000052e-01,4.802239999999999842e-01,1.653299000000000074e+00,1.653299000000000074e+00,-2.848249999999999948e-01,-8.203589999999999494e-01,-4.888379999999999947e-01,1.232010000000000050e-01,-3.103259999999999907e-01,-3.613299999999999845e-01,7.352410000000000334e-01,-6.673489999999999700e-01,9.137520000000000087e-01,5.567290000000000294e-01,-1.828180000000000083e-01,-3.103259999999999907e-01,-8.081199999999999495e-02,1.092262999999999984e+00,-8.081199999999999495e-02,-1.049873999999999974e+00,1.398282999999999943e+00,9.137520000000000087e-01,-6.928509999999999946e-01,7.097390000000000088e-01,-4.633360000000000256e-01,-3.613299999999999845e-01,4.037189999999999945e-01,-5.398410000000000153e-01,-2.338210000000000011e-01,1.653299000000000074e+00,-2.338210000000000011e-01,8.627489999999999881e-01,1.015759000000000079e+00,-3.868309999999999804e-01,-1.712916000000000105e+00,-2.083200000000000052e-01,3.782179999999999986e-01,1.704302999999999901e+00,5.567290000000000294e-01,-3.868309999999999804e-01,2.119499999999999856e-02,3.017130000000000090e-01,1.092262999999999984e+00,-2.426962000000000064e+00,-4.123330000000000051e-01,1.092262999999999984e+00,1.296276999999999902e+00,2.252079999999999915e-01,1.347280000000000033e+00,6.587359999999999882e-01,-7.948570000000000357e-01,-2.338210000000000011e-01,-5.530999999999999805e-02,-8.203589999999999494e-01,-2.848249999999999948e-01,5.312280000000000335e-01,-5.653430000000000399e-01,6.842369999999999841e-01,-2.848249999999999948e-01,1.194269999999999943e+00,2.035823999999999856e+00,-4.888379999999999947e-01,-1.891428000000000109e+00,-5.398410000000000153e-01,-1.126379000000000019e+00,1.372781000000000029e+00,1.296276999999999902e+00,2.507099999999999884e-01,1.742049999999999987e-01,-3.103259999999999907e-01,1.755306000000000033e+00,-5.530999999999999805e-02,-6.928509999999999946e-01,3.272140000000000049e-01,5.057260000000000089e-01,2.119499999999999856e-02,-5.398410000000000153e-01,-6.928509999999999946e-01,-1.508903000000000105e+00,-2.980800000000000116e-02,9.902570000000000539e-01,9.902570000000000539e-01,3.017130000000000090e-01,1.474787999999999988e+00,5.822310000000000541e-01,-1.100877000000000105e+00,-9.733690000000000397e-01,6.842369999999999841e-01,1.704302999999999901e+00,1.296276999999999902e+00,7.219799999999999829e-02,1.232010000000000050e-01,2.119499999999999856e-02,-9.733690000000000397e-01,9.392540000000000333e-01,7.219799999999999829e-02,3.782179999999999986e-01,-2.630974999999999842e+00,-6.928509999999999946e-01,1.997059999999999946e-01,4.802239999999999842e-01,1.755306000000000033e+00,9.137520000000000087e-01,4.037189999999999945e-01,4.292210000000000192e-01,1.232010000000000050e-01,1.066761999999999988e+00,-2.911493000000000109e+00,-4.123330000000000051e-01,-3.868309999999999804e-01,5.822310000000000541e-01,1.551293000000000033e+00,8.882499999999999840e-01,1.219772000000000078e+00,2.762109999999999843e-01,-2.593230000000000257e-01,3.527159999999999740e-01,-2.593230000000000257e-01,-1.279387999999999970e+00,-5.143389999999999906e-01,5.822310000000000541e-01,3.017130000000000090e-01,1.372781000000000029e+00,2.252079999999999915e-01,-1.457899999999999974e+00,1.487030000000000018e-01,-7.438540000000000152e-01,1.066761999999999988e+00,3.272140000000000049e-01,1.997059999999999946e-01,8.627489999999999881e-01,1.092262999999999984e+00,1.232010000000000050e-01,-4.123330000000000051e-01,-1.318149999999999877e-01,9.392540000000000333e-01,5.312280000000000335e-01,-1.279387999999999970e+00,-7.948570000000000357e-01,-1.559906000000000015e+00,3.272140000000000049e-01,1.245273000000000074e+00,1.449286000000000074e+00,-1.063130000000000047e-01,9.137520000000000087e-01,1.487030000000000018e-01,3.017130000000000090e-01,7.862440000000000540e-01,-1.573170000000000124e-01,-1.202884000000000064e+00,9.769999999999999518e-02,1.321777999999999897e+00,4.292210000000000192e-01,-1.610910000000000064e+00,-3.103259999999999907e-01,-4.307000000000000065e-03,-4.307000000000000065e-03,8.372469999999999635e-01,4.292210000000000192e-01,1.066761999999999988e+00,-6.163459999999999495e-01,-6.928509999999999946e-01,1.576794999999999947e+00,-2.980800000000000116e-02,1.015759000000000079e+00,-7.693560000000000398e-01,-8.968639999999999946e-01,1.398282999999999943e+00,1.500289999999999901e+00,-2.146443999999999797e+00,9.769999999999999518e-02,4.547229999999999883e-01,7.862440000000000540e-01,-3.358280000000000154e-01,2.762109999999999843e-01,2.316342000000000123e+00,-1.304890000000000105e+00,-9.733690000000000397e-01,6.842369999999999841e-01,2.119499999999999856e-02,-7.183530000000000193e-01,-4.123330000000000051e-01,5.312280000000000335e-01,1.041260000000000074e+00,8.372469999999999635e-01,1.092262999999999984e+00,-2.338210000000000011e-01,-1.279387999999999970e+00,7.097390000000000088e-01,5.057260000000000089e-01,1.232010000000000050e-01,-1.318149999999999877e-01,-1.063130000000000047e-01,9.647550000000000292e-01,-9.223660000000000192e-01,9.647550000000000292e-01,-3.358280000000000154e-01,-1.075374999999999970e+00,-3.358280000000000154e-01,-3.868309999999999804e-01,7.607420000000000293e-01,8.882499999999999840e-01,8.882499999999999840e-01,1.066761999999999988e+00,2.762109999999999843e-01,-1.063130000000000047e-01,-4.888379999999999947e-01,-1.381394999999999929e+00,1.423785000000000078e+00,-1.573170000000000124e-01,6.332339999999999636e-01,-2.338210000000000011e-01,-4.888379999999999947e-01,3.017130000000000090e-01,8.117459999999999676e-01,-1.318149999999999877e-01,7.219799999999999829e-02,9.769999999999999518e-02,3.017130000000000090e-01,7.607420000000000293e-01,-4.123330000000000051e-01,-1.573170000000000124e-01,2.507099999999999884e-01,-6.673489999999999700e-01,-8.458609999999999740e-01,2.061326000000000214e+00,1.755306000000000033e+00,-1.610910000000000064e+00,-9.733690000000000397e-01,-9.478670000000000151e-01,7.097390000000000088e-01,1.143267000000000033e+00,1.997059999999999946e-01,1.525790999999999897e+00,-5.908440000000000358e-01,-2.083200000000000052e-01,-6.418479999999999741e-01,2.252079999999999915e-01,9.392540000000000333e-01,4.292210000000000192e-01,3.782179999999999986e-01,-2.848249999999999948e-01,-7.948570000000000357e-01,-1.063130000000000047e-01,-2.593230000000000257e-01,2.252079999999999915e-01,4.037189999999999945e-01,-9.223660000000000192e-01,1.500289999999999901e+00,4.547229999999999883e-01,9.902570000000000539e-01,-1.318149999999999877e-01,-1.228385000000000060e+00,3.017130000000000090e-01,-1.318149999999999877e-01,-4.633360000000000256e-01,7.862440000000000540e-01,2.119499999999999856e-02,9.902570000000000539e-01,1.576794999999999947e+00,-1.151880000000000015e+00,-3.358280000000000154e-01,-1.330392000000000019e+00,1.831811000000000078e+00,1.296276999999999902e+00,-2.605472999999999928e+00,-5.398410000000000153e-01,1.194269999999999943e+00,1.857312000000000074e+00,-1.063130000000000047e-01,-9.988700000000000356e-01,1.232010000000000050e-01,1.143267000000000033e+00,1.245273000000000074e+00,-2.083200000000000052e-01,-6.163459999999999495e-01,6.587359999999999882e-01,3.272140000000000049e-01,-4.633360000000000256e-01,-1.177381999999999929e+00,1.041260000000000074e+00,6.332339999999999636e-01,-9.223660000000000192e-01,6.077320000000000499e-01,4.669600000000000140e-02,2.252079999999999915e-01,1.742049999999999987e-01,2.252079999999999915e-01,9.137520000000000087e-01,-2.980800000000000116e-02,-1.508903000000000105e+00,1.117764999999999898e+00,1.997059999999999946e-01,6.077320000000000499e-01,-4.307000000000000065e-03,-4.307000000000000065e-03,8.627489999999999881e-01,-8.713619999999999699e-01,-4.378349999999999742e-01,8.882499999999999840e-01,-1.151880000000000015e+00,6.332339999999999636e-01,6.332339999999999636e-01,1.347280000000000033e+00,-8.968639999999999946e-01,-2.848249999999999948e-01,8.627489999999999881e-01,6.587359999999999882e-01,5.312280000000000335e-01,-9.733690000000000397e-01,-1.024372000000000060e+00,-2.338210000000000011e-01,2.762109999999999843e-01,3.527159999999999740e-01,1.602295999999999943e+00,8.627489999999999881e-01,-1.573170000000000124e-01,-1.024372000000000060e+00,-1.318149999999999877e-01,-1.573170000000000124e-01,-5.398410000000000153e-01,7.862440000000000540e-01,7.352410000000000334e-01,7.607420000000000293e-01,5.567290000000000294e-01,1.232010000000000050e-01,4.669600000000000140e-02,-2.980800000000000116e-02,7.219799999999999829e-02,1.742049999999999987e-01,7.352410000000000334e-01,-4.633360000000000256e-01,-2.681977999999999973e+00,-4.633360000000000256e-01,3.527159999999999740e-01,1.347280000000000033e+00,1.653299000000000074e+00,-1.202884000000000064e+00,7.862440000000000540e-01,1.857312000000000074e+00,-7.438540000000000152e-01,7.219799999999999829e-02,6.077320000000000499e-01,-2.350457000000000019e+00,7.219799999999999829e-02,4.037189999999999945e-01,6.332339999999999636e-01,4.802239999999999842e-01,1.423785000000000078e+00,-4.633360000000000256e-01,-4.888379999999999947e-01,4.669600000000000140e-02,1.296276999999999902e+00,7.219799999999999829e-02,-1.355893000000000015e+00,-1.063130000000000047e-01,5.567290000000000294e-01,-1.828180000000000083e-01,-5.398410000000000153e-01,2.762109999999999843e-01,1.997059999999999946e-01,1.168768000000000029e+00,1.219772000000000078e+00,1.232010000000000050e-01,-8.081199999999999495e-02,1.487030000000000018e-01,2.507099999999999884e-01,-1.100877000000000105e+00,-2.848249999999999948e-01,6.332339999999999636e-01,1.857312000000000074e+00,-7.948570000000000357e-01,-4.888379999999999947e-01,5.822310000000000541e-01,4.037189999999999945e-01,-1.573170000000000124e-01,-3.103259999999999907e-01,-4.123330000000000051e-01,-1.063130000000000047e-01,2.673364999999999991e+00,2.265338999999999992e+00,-1.610910000000000064e+00,-1.381394999999999929e+00,-4.888379999999999947e-01,1.487030000000000018e-01,1.997059999999999946e-01,8.882499999999999840e-01,1.372781000000000029e+00,9.137520000000000087e-01,-8.081199999999999495e-02,5.057260000000000089e-01,-2.083200000000000052e-01,-2.299453999999999887e+00,-7.693560000000000398e-01,1.066761999999999988e+00,6.587359999999999882e-01,5.312280000000000335e-01,3.272140000000000049e-01,5.312280000000000335e-01,6.842369999999999841e-01,-1.177381999999999929e+00,-4.633360000000000256e-01,2.252079999999999915e-01,3.272140000000000049e-01,1.500289999999999901e+00,-1.828180000000000083e-01,-1.063130000000000047e-01,9.137520000000000087e-01,-5.908440000000000358e-01,6.077320000000000499e-01,-1.573170000000000124e-01,-2.593230000000000257e-01,3.272140000000000049e-01,4.669600000000000140e-02,1.143267000000000033e+00,3.017130000000000090e-01,-1.559906000000000015e+00,1.232010000000000050e-01,-7.183530000000000193e-01,9.137520000000000087e-01,1.041260000000000074e+00,2.762109999999999843e-01,7.219799999999999829e-02,4.547229999999999883e-01,4.292210000000000192e-01,6.077320000000000499e-01,-5.530999999999999805e-02,5.822310000000000541e-01,-1.177381999999999929e+00,-1.024372000000000060e+00,8.882499999999999840e-01,9.137520000000000087e-01,1.219772000000000078e+00,-1.100877000000000105e+00,-8.081199999999999495e-02,7.097390000000000088e-01,3.782179999999999986e-01,-5.398410000000000153e-01,4.802239999999999842e-01,1.232010000000000050e-01,-1.063130000000000047e-01,4.037189999999999945e-01,7.607420000000000293e-01,5.312280000000000335e-01,5.822310000000000541e-01,1.487030000000000018e-01,-1.100877000000000105e+00,1.742049999999999987e-01,-4.888379999999999947e-01,1.997059999999999946e-01,-2.980800000000000116e-02,4.292210000000000192e-01,7.219799999999999829e-02,1.041260000000000074e+00,-2.083200000000000052e-01,-1.024372000000000060e+00,-4.307000000000000065e-03,3.017130000000000090e-01,2.119499999999999856e-02,6.332339999999999636e-01,1.245273000000000074e+00,1.168768000000000029e+00,-1.024372000000000060e+00,-1.661912999999999974e+00,7.862440000000000540e-01,-6.673489999999999700e-01,9.392540000000000333e-01,-2.848249999999999948e-01,-2.083200000000000052e-01,1.041260000000000074e+00,1.168768000000000029e+00,-1.573170000000000124e-01,-2.338210000000000011e-01,9.769999999999999518e-02,2.762109999999999843e-01,5.312280000000000335e-01,-4.123330000000000051e-01,-5.143389999999999906e-01,5.567290000000000294e-01,2.119499999999999856e-02,6.332339999999999636e-01,-5.530999999999999805e-02,5.312280000000000335e-01,-5.398410000000000153e-01,-4.123330000000000051e-01,7.097390000000000088e-01,3.782179999999999986e-01,7.862440000000000540e-01,5.057260000000000089e-01,-9.223660000000000192e-01,-8.081199999999999495e-02,1.474787999999999988e+00,1.168768000000000029e+00,-3.613299999999999845e-01,-8.081199999999999495e-02,7.097390000000000088e-01,1.742049999999999987e-01,-9.733690000000000397e-01,4.669600000000000140e-02,-4.888379999999999947e-01,6.077320000000000499e-01,3.272140000000000049e-01,7.862440000000000540e-01,-4.888379999999999947e-01,-5.530999999999999805e-02,8.372469999999999635e-01,-4.307000000000000065e-03,3.272140000000000049e-01,7.607420000000000293e-01,-5.143389999999999906e-01,1.487030000000000018e-01,9.902570000000000539e-01,-1.100877000000000105e+00,1.997059999999999946e-01,1.372781000000000029e+00,7.219799999999999829e-02,9.137520000000000087e-01,1.066761999999999988e+00,-1.610910000000000064e+00,-1.661912999999999974e+00,1.066761999999999988e+00,1.143267000000000033e+00,-7.438540000000000152e-01,2.119499999999999856e-02,1.997059999999999946e-01,1.041260000000000074e+00,8.882499999999999840e-01,-7.438540000000000152e-01,-1.063130000000000047e-01,7.219799999999999829e-02,-5.530999999999999805e-02,-7.693560000000000398e-01,6.077320000000000499e-01,7.219799999999999829e-02,3.272140000000000049e-01,2.762109999999999843e-01,6.332339999999999636e-01,-6.418479999999999741e-01,-2.083200000000000052e-01,1.474787999999999988e+00,3.527159999999999740e-01,-6.928509999999999946e-01,7.097390000000000088e-01,9.769999999999999518e-02,-5.530999999999999805e-02,-1.318149999999999877e-01,8.372469999999999635e-01,-7.183530000000000193e-01,-1.063130000000000047e-01,-4.378349999999999742e-01,6.332339999999999636e-01,9.137520000000000087e-01,2.507099999999999884e-01,4.037189999999999945e-01,5.567290000000000294e-01,-6.673489999999999700e-01,-4.307000000000000065e-03,1.755306000000000033e+00,-2.044436999999999838e+00,-2.987998000000000154e+00,1.015759000000000079e+00,1.372781000000000029e+00,1.232010000000000050e-01,4.037189999999999945e-01,5.567290000000000294e-01,7.862440000000000540e-01,1.245273000000000074e+00,7.219799999999999829e-02,3.017130000000000090e-01,-1.573170000000000124e-01,-4.888379999999999947e-01,-3.358280000000000154e-01,-3.613299999999999845e-01,-4.888379999999999947e-01,2.762109999999999843e-01,1.729803999999999897e+00,-1.573170000000000124e-01,-1.330392000000000019e+00,6.842369999999999841e-01,8.372469999999999635e-01,7.862440000000000540e-01,1.742049999999999987e-01,-8.081199999999999495e-02,1.232010000000000050e-01,-4.123330000000000051e-01,5.312280000000000335e-01,8.117459999999999676e-01,9.392540000000000333e-01,-1.330392000000000019e+00,-1.508903000000000105e+00,1.015759000000000079e+00,1.168768000000000029e+00,1.041260000000000074e+00,5.057260000000000089e-01,-5.398410000000000153e-01,-4.378349999999999742e-01,1.232010000000000050e-01,1.997059999999999946e-01,1.296276999999999902e+00,6.842369999999999841e-01,-5.398410000000000153e-01,4.669600000000000140e-02,-9.478670000000000151e-01,4.292210000000000192e-01,7.097390000000000088e-01,3.272140000000000049e-01,-2.848249999999999948e-01,-5.398410000000000153e-01,-3.613299999999999845e-01,1.143267000000000033e+00,2.163332000000000033e+00,-8.968639999999999946e-01,-1.828180000000000083e-01,-3.613299999999999845e-01,7.219799999999999829e-02,-4.307000000000000065e-03,-4.633360000000000256e-01,2.252079999999999915e-01,1.347280000000000033e+00,-4.888379999999999947e-01,-9.988700000000000356e-01,1.143267000000000033e+00,5.822310000000000541e-01,-1.330392000000000019e+00,4.037189999999999945e-01,6.332339999999999636e-01,8.372469999999999635e-01,-1.063130000000000047e-01,-2.980800000000000116e-02,9.769999999999999518e-02,6.332339999999999636e-01,-6.928509999999999946e-01,5.567290000000000294e-01,3.272140000000000049e-01,-1.318149999999999877e-01,-5.908440000000000358e-01,-8.081199999999999495e-02,1.372781000000000029e+00,-4.378349999999999742e-01,-1.151880000000000015e+00,8.117459999999999676e-01,6.077320000000000499e-01,1.423785000000000078e+00,-3.358280000000000154e-01,-2.299453999999999887e+00,1.296276999999999902e+00,2.061326000000000214e+00,2.119499999999999856e-02,-8.458609999999999740e-01,-4.307000000000000065e-03,4.547229999999999883e-01,-3.613299999999999845e-01,4.037189999999999945e-01,6.587359999999999882e-01,-6.928509999999999946e-01,-6.418479999999999741e-01,6.842369999999999841e-01,9.137520000000000087e-01,3.272140000000000049e-01,7.862440000000000540e-01,-9.733690000000000397e-01,-1.828180000000000083e-01,2.119499999999999856e-02,1.232010000000000050e-01,4.547229999999999883e-01,1.742049999999999987e-01,-2.083200000000000052e-01,-1.712916000000000105e+00,1.194269999999999943e+00,6.587359999999999882e-01,4.802239999999999842e-01,3.527159999999999740e-01,4.802239999999999842e-01,-6.418479999999999741e-01,4.547229999999999883e-01,3.782179999999999986e-01,-3.613299999999999845e-01,3.017130000000000090e-01,-1.063130000000000047e-01,-4.123330000000000051e-01,-2.848249999999999948e-01,9.647550000000000292e-01,4.037189999999999945e-01,-4.307000000000000065e-03,6.587359999999999882e-01,7.862440000000000540e-01,-9.988700000000000356e-01,-1.406897000000000064e+00,1.232010000000000050e-01,7.862440000000000540e-01,1.219772000000000078e+00,5.822310000000000541e-01,4.547229999999999883e-01,5.567290000000000294e-01,-1.840424000000000060e+00,-4.888379999999999947e-01,-3.868309999999999804e-01,-2.848249999999999948e-01,1.015759000000000079e+00,1.296276999999999902e+00,7.352410000000000334e-01,7.862440000000000540e-01,-5.143389999999999906e-01,-1.202884000000000064e+00,-6.673489999999999700e-01,-3.358280000000000154e-01,8.117459999999999676e-01,8.117459999999999676e-01,9.137520000000000087e-01,-1.828180000000000083e-01,-4.307000000000000065e-03,5.057260000000000089e-01,-1.318149999999999877e-01,4.292210000000000192e-01,-1.573170000000000124e-01,-5.143389999999999906e-01,2.252079999999999915e-01,-1.687415000000000109e+00,6.077320000000000499e-01,9.647550000000000292e-01,8.117459999999999676e-01,1.487030000000000018e-01,-1.063130000000000047e-01,1.347280000000000033e+00,-3.868309999999999804e-01,-5.530999999999999805e-02,-2.848249999999999948e-01,-4.378349999999999742e-01,3.017130000000000090e-01,5.312280000000000335e-01,-2.593230000000000257e-01,6.842369999999999841e-01,-5.530999999999999805e-02,7.352410000000000334e-01,5.822310000000000541e-01,-6.163459999999999495e-01,-5.398410000000000153e-01,-5.530999999999999805e-02,5.312280000000000335e-01,7.607420000000000293e-01,-5.530999999999999805e-02,-4.888379999999999947e-01,-3.868309999999999804e-01,9.902570000000000539e-01,6.077320000000000499e-01,-1.228385000000000060e+00,6.077320000000000499e-01,1.500289999999999901e+00,5.822310000000000541e-01,-1.100877000000000105e+00,-4.307000000000000065e-03,1.742049999999999987e-01,5.822310000000000541e-01,1.232010000000000050e-01,8.372469999999999635e-01,-1.381394999999999929e+00,-5.530999999999999805e-02,1.066761999999999988e+00,-1.063130000000000047e-01,2.507099999999999884e-01,3.782179999999999986e-01,1.742049999999999987e-01,4.037189999999999945e-01,-5.530999999999999805e-02,-5.143389999999999906e-01,-1.865925999999999974e+00,1.041260000000000074e+00,1.168768000000000029e+00,1.092262999999999984e+00,3.782179999999999986e-01,-7.948570000000000357e-01,3.017130000000000090e-01,3.272140000000000049e-01,-1.253886999999999974e+00,5.312280000000000335e-01,9.392540000000000333e-01,5.822310000000000541e-01,2.252079999999999915e-01,3.527159999999999740e-01,3.272140000000000049e-01,-3.613299999999999845e-01,6.077320000000000499e-01,-9.223660000000000192e-01,-3.868309999999999804e-01,1.398282999999999943e+00,-1.585407999999999928e+00,-2.083200000000000052e-01,1.347280000000000033e+00,-4.307000000000000065e-03,7.352410000000000334e-01,-1.828180000000000083e-01,7.352410000000000334e-01,9.902570000000000539e-01,-2.848249999999999948e-01,3.527159999999999740e-01,6.587359999999999882e-01,-5.398410000000000153e-01,-1.330392000000000019e+00,3.017130000000000090e-01,5.822310000000000541e-01,2.762109999999999843e-01,3.527159999999999740e-01,1.487030000000000018e-01,1.015759000000000079e+00,4.547229999999999883e-01,-1.636411000000000060e+00,-1.126379000000000019e+00,6.587359999999999882e-01,8.372469999999999635e-01,9.392540000000000333e-01,8.372469999999999635e-01,6.587359999999999882e-01,4.547229999999999883e-01,3.272140000000000049e-01,-4.378349999999999742e-01,-8.968639999999999946e-01,4.802239999999999842e-01,-5.530999999999999805e-02,-4.633360000000000256e-01,5.822310000000000541e-01,1.041260000000000074e+00,-1.063130000000000047e-01,-2.980800000000000116e-02,7.607420000000000293e-01,4.669600000000000140e-02,3.017130000000000090e-01,-1.063130000000000047e-01,-2.980800000000000116e-02,1.742049999999999987e-01,4.292210000000000192e-01,-3.868309999999999804e-01,-1.063130000000000047e-01,7.607420000000000293e-01,1.219772000000000078e+00,3.527159999999999740e-01,-1.534405000000000019e+00,9.647550000000000292e-01,1.487030000000000018e-01,-1.049873999999999974e+00,5.057260000000000089e-01,9.769999999999999518e-02,9.137520000000000087e-01,-1.432398000000000060e+00,1.487030000000000018e-01,1.143267000000000033e+00,1.576794999999999947e+00,9.769999999999999518e-02,-8.081199999999999495e-02,-7.183530000000000193e-01,1.997059999999999946e-01,-2.338210000000000011e-01,-1.304890000000000105e+00,6.842369999999999841e-01,-2.083200000000000052e-01,5.312280000000000335e-01,4.292210000000000192e-01,5.822310000000000541e-01,4.037189999999999945e-01,2.507099999999999884e-01,7.219799999999999829e-02,7.862440000000000540e-01,9.902570000000000539e-01,-1.508903000000000105e+00,-1.610910000000000064e+00,4.037189999999999945e-01,6.332339999999999636e-01,8.627489999999999881e-01,4.802239999999999842e-01,4.292210000000000192e-01,4.547229999999999883e-01,4.292210000000000192e-01,-3.103259999999999907e-01,-1.318149999999999877e-01,1.194269999999999943e+00,-3.358280000000000154e-01,3.017130000000000090e-01,-1.024372000000000060e+00,-6.418479999999999741e-01,-3.613299999999999845e-01,8.627489999999999881e-01,5.057260000000000089e-01,7.352410000000000334e-01,3.272140000000000049e-01,6.842369999999999841e-01,-5.398410000000000153e-01,-3.358280000000000154e-01,-2.083200000000000052e-01,1.219772000000000078e+00,4.802239999999999842e-01,-3.868309999999999804e-01,7.219799999999999829e-02,4.292210000000000192e-01,5.312280000000000335e-01,-1.828180000000000083e-01,-8.203589999999999494e-01,9.392540000000000333e-01,-4.888379999999999947e-01,-1.573170000000000124e-01,7.097390000000000088e-01,1.270774999999999988e+00,2.762109999999999843e-01,4.669600000000000140e-02,1.232010000000000050e-01,1.997059999999999946e-01,-1.063130000000000047e-01,7.352410000000000334e-01,-2.593230000000000257e-01,-6.163459999999999495e-01,-3.103259999999999907e-01,7.352410000000000334e-01,5.822310000000000541e-01,-2.848249999999999948e-01,4.802239999999999842e-01,-5.143389999999999906e-01,9.137520000000000087e-01,-3.868309999999999804e-01,-4.888379999999999947e-01,-8.081199999999999495e-02,1.232010000000000050e-01,1.092262999999999984e+00,7.607420000000000293e-01,-1.610910000000000064e+00,-6.928509999999999946e-01,-4.123330000000000051e-01,2.316342000000000123e+00,5.312280000000000335e-01,-2.848249999999999948e-01,-7.693560000000000398e-01,1.232010000000000050e-01,2.507099999999999884e-01,6.842369999999999841e-01,9.392540000000000333e-01,-1.024372000000000060e+00,7.219799999999999829e-02,1.997059999999999946e-01,-2.848249999999999948e-01,-5.398410000000000153e-01,-3.868309999999999804e-01,5.312280000000000335e-01,1.347280000000000033e+00,1.143267000000000033e+00,4.669600000000000140e-02,7.219799999999999829e-02,-1.318149999999999877e-01,-8.203589999999999494e-01,3.272140000000000049e-01,2.762109999999999843e-01,8.117459999999999676e-01,-5.908440000000000358e-01,1.232010000000000050e-01,-6.928509999999999946e-01,4.292210000000000192e-01,1.627798000000000078e+00,7.352410000000000334e-01,-6.928509999999999946e-01,-6.418479999999999741e-01,5.822310000000000541e-01,5.057260000000000089e-01,-2.980800000000000116e-02,5.822310000000000541e-01,1.742049999999999987e-01,-8.458609999999999740e-01,1.232010000000000050e-01,8.882499999999999840e-01,7.607420000000000293e-01,-2.018936000000000064e+00,2.507099999999999884e-01,9.902570000000000539e-01,8.117459999999999676e-01,4.292210000000000192e-01,1.219772000000000078e+00,-3.868309999999999804e-01,-2.848249999999999948e-01,4.292210000000000192e-01,4.669600000000000140e-02,-4.633360000000000256e-01,4.037189999999999945e-01,1.232010000000000050e-01,-2.083200000000000052e-01,-6.418479999999999741e-01,2.507099999999999884e-01,4.547229999999999883e-01,-4.888379999999999947e-01,3.782179999999999986e-01,1.219772000000000078e+00,9.902570000000000539e-01,1.742049999999999987e-01,-1.828180000000000083e-01,-2.083200000000000052e-01,-8.081199999999999495e-02,-1.573170000000000124e-01,6.842369999999999841e-01,2.507099999999999884e-01,9.137520000000000087e-01,7.097390000000000088e-01,-1.457899999999999974e+00,-8.458609999999999740e-01,3.527159999999999740e-01,1.742049999999999987e-01,4.669600000000000140e-02,-2.980800000000000116e-02,1.997059999999999946e-01,4.037189999999999945e-01,5.822310000000000541e-01,6.842369999999999841e-01,3.527159999999999740e-01,-1.063130000000000047e-01,5.822310000000000541e-01,9.769999999999999518e-02,-1.636411000000000060e+00,6.842369999999999841e-01,2.252079999999999915e-01,2.507099999999999884e-01,3.017130000000000090e-01,2.252079999999999915e-01,1.997059999999999946e-01,3.272140000000000049e-01,-6.928509999999999946e-01,-1.559906000000000015e+00,1.500289999999999901e+00,1.092262999999999984e+00,-2.980800000000000116e-02,4.669600000000000140e-02,2.252079999999999915e-01,2.119499999999999856e-02,-2.593230000000000257e-01,4.669600000000000140e-02,1.092262999999999984e+00,-2.848249999999999948e-01,5.057260000000000089e-01,1.487030000000000018e-01,-6.928509999999999946e-01,7.219799999999999829e-02,2.252079999999999915e-01,-2.848249999999999948e-01,6.332339999999999636e-01,1.066761999999999988e+00,-1.063130000000000047e-01,-1.049873999999999974e+00,2.119499999999999856e-02,1.143267000000000033e+00,7.097390000000000088e-01,-2.083200000000000052e-01,-3.868309999999999804e-01,3.527159999999999740e-01,7.607420000000000293e-01,1.487030000000000018e-01,-1.457899999999999974e+00,-9.223660000000000192e-01,5.822310000000000541e-01,1.041260000000000074e+00,8.117459999999999676e-01,-2.083200000000000052e-01,4.547229999999999883e-01,6.077320000000000499e-01,2.507099999999999884e-01,1.742049999999999987e-01,-7.948570000000000357e-01,-6.418479999999999741e-01,-3.613299999999999845e-01,3.272140000000000049e-01,8.117459999999999676e-01,8.882499999999999840e-01,5.822310000000000541e-01,-6.163459999999999495e-01,-5.908440000000000358e-01,1.997059999999999946e-01,2.507099999999999884e-01,4.292210000000000192e-01,6.587359999999999882e-01,3.017130000000000090e-01,1.232010000000000050e-01,1.997059999999999946e-01,-4.307000000000000065e-03,2.119499999999999856e-02,-8.081199999999999495e-02,1.232010000000000050e-01,2.507099999999999884e-01,1.487030000000000018e-01,-7.438540000000000152e-01,7.219799999999999829e-02,1.806308999999999942e+00,8.117459999999999676e-01,-1.304890000000000105e+00,-5.143389999999999906e-01,1.487030000000000018e-01,4.547229999999999883e-01,6.332339999999999636e-01,8.117459999999999676e-01,1.232010000000000050e-01,3.272140000000000049e-01,1.232010000000000050e-01,-1.063130000000000047e-01,-2.338210000000000011e-01,2.507099999999999884e-01,-7.183530000000000193e-01,-2.848249999999999948e-01,6.842369999999999841e-01,8.372469999999999635e-01,-3.358280000000000154e-01,4.802239999999999842e-01,6.587359999999999882e-01,4.802239999999999842e-01,1.232010000000000050e-01,-4.888379999999999947e-01,7.219799999999999829e-02,6.332339999999999636e-01,1.742049999999999987e-01,-8.713619999999999699e-01,-1.075374999999999970e+00,2.252079999999999915e-01,7.862440000000000540e-01,6.842369999999999841e-01,7.862440000000000540e-01,9.902570000000000539e-01,5.057260000000000089e-01,-5.908440000000000358e-01,-1.318149999999999877e-01,-3.358280000000000154e-01,4.292210000000000192e-01,5.057260000000000089e-01,-1.063130000000000047e-01,1.487030000000000018e-01,-8.203589999999999494e-01,3.782179999999999986e-01,1.232010000000000050e-01,3.782179999999999986e-01,-8.081199999999999495e-02,4.292210000000000192e-01,3.272140000000000049e-01,3.272140000000000049e-01,-8.081199999999999495e-02,1.997059999999999946e-01,-5.908440000000000358e-01,2.252079999999999915e-01,2.252079999999999915e-01,2.507099999999999884e-01,4.802239999999999842e-01,5.822310000000000541e-01,5.057260000000000089e-01,4.037189999999999945e-01,-6.928509999999999946e-01,9.769999999999999518e-02,-8.081199999999999495e-02,-1.573170000000000124e-01,-9.478670000000000151e-01,6.332339999999999636e-01,1.398282999999999943e+00,1.487030000000000018e-01,7.219799999999999829e-02,-1.075374999999999970e+00,4.669600000000000140e-02,7.607420000000000293e-01,-7.438540000000000152e-01,6.332339999999999636e-01,6.077320000000000499e-01,1.232010000000000050e-01,4.292210000000000192e-01,-1.063130000000000047e-01,-5.398410000000000153e-01,2.252079999999999915e-01,1.232010000000000050e-01,1.232010000000000050e-01,6.332339999999999636e-01,6.842369999999999841e-01,-1.318149999999999877e-01,-1.355893000000000015e+00,1.742049999999999987e-01,4.547229999999999883e-01,3.272140000000000049e-01,5.312280000000000335e-01,7.219799999999999829e-02,1.742049999999999987e-01,3.782179999999999986e-01,6.587359999999999882e-01,-3.103259999999999907e-01,-4.378349999999999742e-01,-1.828180000000000083e-01,5.057260000000000089e-01,3.527159999999999740e-01,1.997059999999999946e-01,-8.203589999999999494e-01,6.332339999999999636e-01,1.015759000000000079e+00,2.119499999999999856e-02,-2.848249999999999948e-01,-3.613299999999999845e-01,-3.103259999999999907e-01,4.547229999999999883e-01,6.587359999999999882e-01,8.882499999999999840e-01,1.742049999999999987e-01,1.997059999999999946e-01,1.997059999999999946e-01,-8.081199999999999495e-02,4.802239999999999842e-01,3.272140000000000049e-01,-1.687415000000000109e+00,4.669600000000000140e-02,3.017130000000000090e-01,3.017130000000000090e-01,4.547229999999999883e-01,1.487030000000000018e-01,1.487030000000000018e-01,4.037189999999999945e-01,-2.083200000000000052e-01,-4.378349999999999742e-01,1.742049999999999987e-01,7.862440000000000540e-01,6.587359999999999882e-01,1.742049999999999987e-01,-3.868309999999999804e-01,2.252079999999999915e-01,-1.063130000000000047e-01,-5.530999999999999805e-02,1.997059999999999946e-01,5.312280000000000335e-01,3.782179999999999986e-01,7.219799999999999829e-02,-5.143389999999999906e-01,-4.888379999999999947e-01,7.097390000000000088e-01,5.567290000000000294e-01,4.037189999999999945e-01,2.119499999999999856e-02,-1.063130000000000047e-01,-4.307000000000000065e-03,7.352410000000000334e-01,2.507099999999999884e-01,-2.848249999999999948e-01,-3.358280000000000154e-01,7.862440000000000540e-01,-1.457899999999999974e+00,-2.980800000000000116e-02,1.117764999999999898e+00,7.352410000000000334e-01,7.097390000000000088e-01,4.669600000000000140e-02,-1.573170000000000124e-01,-2.338210000000000011e-01,-3.358280000000000154e-01,2.119499999999999856e-02,3.527159999999999740e-01,5.057260000000000089e-01,-1.318149999999999877e-01,-1.304890000000000105e+00,4.802239999999999842e-01,9.392540000000000333e-01,7.862440000000000540e-01,-1.828180000000000083e-01,2.507099999999999884e-01,-4.307000000000000065e-03,6.077320000000000499e-01,-5.530999999999999805e-02,-8.968639999999999946e-01,5.057260000000000089e-01,4.292210000000000192e-01,8.117459999999999676e-01,-2.848249999999999948e-01,-5.143389999999999906e-01,1.372781000000000029e+00,1.232010000000000050e-01,9.769999999999999518e-02,-6.673489999999999700e-01,-1.318149999999999877e-01,-1.573170000000000124e-01,1.997059999999999946e-01,7.219799999999999829e-02,9.137520000000000087e-01,1.219772000000000078e+00,-1.151880000000000015e+00,-9.733690000000000397e-01,4.802239999999999842e-01,1.321777999999999897e+00,7.607420000000000293e-01,-8.081199999999999495e-02,-8.081199999999999495e-02,2.252079999999999915e-01,8.627489999999999881e-01,-3.613299999999999845e-01,-5.530999999999999805e-02,7.352410000000000334e-01,2.119499999999999856e-02,-1.636411000000000060e+00,4.802239999999999842e-01,2.507099999999999884e-01,5.567290000000000294e-01,-1.318149999999999877e-01,6.077320000000000499e-01,1.092262999999999984e+00,-1.687415000000000109e+00,5.312280000000000335e-01,1.997059999999999946e-01,5.312280000000000335e-01,7.352410000000000334e-01,4.547229999999999883e-01,6.842369999999999841e-01,9.769999999999999518e-02,-1.828180000000000083e-01,5.822310000000000541e-01,1.232010000000000050e-01,-4.307000000000000065e-03,-1.063130000000000047e-01,-3.868309999999999804e-01,-4.307000000000000065e-03,4.547229999999999883e-01,1.997059999999999946e-01,-3.868309999999999804e-01,-4.307000000000000065e-03,8.882499999999999840e-01,-3.868309999999999804e-01,1.232010000000000050e-01,6.077320000000000499e-01,6.332339999999999636e-01,9.769999999999999518e-02,4.037189999999999945e-01,4.292210000000000192e-01,-1.534405000000000019e+00,9.769999999999999518e-02,9.392540000000000333e-01,6.332339999999999636e-01,-3.103259999999999907e-01,5.057260000000000089e-01,8.882499999999999840e-01,5.312280000000000335e-01,3.272140000000000049e-01,-3.868309999999999804e-01,-4.378349999999999742e-01,4.669600000000000140e-02,4.547229999999999883e-01,-3.358280000000000154e-01,-4.888379999999999947e-01,1.232010000000000050e-01,3.272140000000000049e-01,4.292210000000000192e-01,3.527159999999999740e-01,6.587359999999999882e-01,4.669600000000000140e-02,2.252079999999999915e-01,2.507099999999999884e-01,-2.980800000000000116e-02,7.219799999999999829e-02,-1.573170000000000124e-01,-2.980800000000000116e-02,-5.530999999999999805e-02,-1.573170000000000124e-01,3.017130000000000090e-01,4.292210000000000192e-01,1.245273000000000074e+00,8.117459999999999676e-01,-1.202884000000000064e+00,-9.223660000000000192e-01,1.347280000000000033e+00,3.782179999999999986e-01,-1.330392000000000019e+00,-5.398410000000000153e-01,1.168768000000000029e+00,6.077320000000000499e-01,2.252079999999999915e-01,4.802239999999999842e-01,3.782179999999999986e-01,7.097390000000000088e-01,7.219799999999999829e-02,2.762109999999999843e-01,-4.888379999999999947e-01,-9.733690000000000397e-01,-2.593230000000000257e-01,-2.848249999999999948e-01,1.041260000000000074e+00,7.219799999999999829e-02,2.507099999999999884e-01,7.352410000000000334e-01,4.547229999999999883e-01,2.119499999999999856e-02,3.527159999999999740e-01,2.252079999999999915e-01,-8.968639999999999946e-01,9.769999999999999518e-02,-3.868309999999999804e-01,1.997059999999999946e-01,2.507099999999999884e-01,4.547229999999999883e-01,4.037189999999999945e-01,6.332339999999999636e-01,-4.123330000000000051e-01,-2.593230000000000257e-01,-4.307000000000000065e-03,5.567290000000000294e-01,1.117764999999999898e+00,6.077320000000000499e-01,-1.483402000000000109e+00,1.487030000000000018e-01,-8.458609999999999740e-01,1.487030000000000018e-01,3.527159999999999740e-01,2.252079999999999915e-01,4.292210000000000192e-01,4.547229999999999883e-01,-8.081199999999999495e-02,-7.438540000000000152e-01,4.802239999999999842e-01,2.762109999999999843e-01,9.137520000000000087e-01,1.997059999999999946e-01,-2.338210000000000011e-01,-1.253886999999999974e+00,3.272140000000000049e-01,3.272140000000000049e-01,7.097390000000000088e-01,4.292210000000000192e-01,5.057260000000000089e-01,1.487030000000000018e-01,-1.828180000000000083e-01,1.487030000000000018e-01,-4.307000000000000065e-03,-4.633360000000000256e-01,-2.980800000000000116e-02,4.292210000000000192e-01,8.372469999999999635e-01,7.219799999999999829e-02,-4.378349999999999742e-01,1.742049999999999987e-01,6.332339999999999636e-01,5.057260000000000089e-01,-1.253886999999999974e+00,2.252079999999999915e-01,5.567290000000000294e-01,-5.530999999999999805e-02,4.547229999999999883e-01,1.742049999999999987e-01,9.392540000000000333e-01,-5.530999999999999805e-02,-7.438540000000000152e-01,7.219799999999999829e-02,6.332339999999999636e-01,6.842369999999999841e-01,-8.081199999999999495e-02,-6.163459999999999495e-01,2.119499999999999856e-02,7.607420000000000293e-01,2.119499999999999856e-02,5.312280000000000335e-01,-1.063130000000000047e-01,5.822310000000000541e-01,-6.928509999999999946e-01,3.272140000000000049e-01,9.769999999999999518e-02,9.769999999999999518e-02,-4.123330000000000051e-01,-2.593230000000000257e-01,9.137520000000000087e-01,3.272140000000000049e-01,5.312280000000000335e-01,-4.307000000000000065e-03,-5.143389999999999906e-01,7.219799999999999829e-02,-4.888379999999999947e-01,-2.338210000000000011e-01,3.017130000000000090e-01,1.117764999999999898e+00,5.822310000000000541e-01,-1.075374999999999970e+00,8.117459999999999676e-01,6.587359999999999882e-01,-4.307000000000000065e-03,-6.928509999999999946e-01,3.272140000000000049e-01,3.017130000000000090e-01,3.527159999999999740e-01,3.017130000000000090e-01,-4.888379999999999947e-01,8.117459999999999676e-01,2.119499999999999856e-02,7.352410000000000334e-01,3.017130000000000090e-01,1.232010000000000050e-01,7.219799999999999829e-02,7.219799999999999829e-02,-7.438540000000000152e-01,9.769999999999999518e-02,-7.183530000000000193e-01,7.607420000000000293e-01,4.547229999999999883e-01,1.232010000000000050e-01,7.862440000000000540e-01,4.802239999999999842e-01,5.822310000000000541e-01,-2.593230000000000257e-01,7.219799999999999829e-02,1.066761999999999988e+00,8.627489999999999881e-01,-5.398410000000000153e-01,-1.253886999999999974e+00,-3.358280000000000154e-01,1.742049999999999987e-01,5.312280000000000335e-01,3.272140000000000049e-01,6.842369999999999841e-01,7.097390000000000088e-01,3.017130000000000090e-01,-1.024372000000000060e+00,1.742049999999999987e-01,1.296276999999999902e+00,5.567290000000000294e-01,-1.279387999999999970e+00,-4.307000000000000065e-03,-1.828180000000000083e-01,-1.573170000000000124e-01,5.312280000000000335e-01,-3.103259999999999907e-01,7.352410000000000334e-01,1.831811000000000078e+00,1.270774999999999988e+00,-5.653430000000000399e-01,-7.438540000000000152e-01,7.862440000000000540e-01,-4.633360000000000256e-01,-5.653430000000000399e-01,2.119499999999999856e-02,6.842369999999999841e-01,7.097390000000000088e-01,6.332339999999999636e-01,4.669600000000000140e-02,-5.653430000000000399e-01,-7.438540000000000152e-01,9.647550000000000292e-01,8.117459999999999676e-01,-7.183530000000000193e-01,2.119499999999999856e-02,2.119499999999999856e-02,9.392540000000000333e-01,1.066761999999999988e+00,3.017130000000000090e-01,-3.358280000000000154e-01,-9.988700000000000356e-01,2.762109999999999843e-01,3.527159999999999740e-01,1.997059999999999946e-01,2.762109999999999843e-01,6.332339999999999636e-01,2.507099999999999884e-01,-6.673489999999999700e-01,6.587359999999999882e-01,3.272140000000000049e-01,3.017130000000000090e-01,5.312280000000000335e-01,-4.633360000000000256e-01,-3.868309999999999804e-01,-2.848249999999999948e-01,1.296276999999999902e+00,8.372469999999999635e-01,-6.418479999999999741e-01,-1.024372000000000060e+00,6.332339999999999636e-01,-5.530999999999999805e-02,5.312280000000000335e-01,4.292210000000000192e-01,9.392540000000000333e-01,3.527159999999999740e-01,-1.534405000000000019e+00,-2.848249999999999948e-01,4.292210000000000192e-01,5.822310000000000541e-01,8.882499999999999840e-01,4.669600000000000140e-02,-2.095441000000000109e+00,5.057260000000000089e-01,9.137520000000000087e-01,-1.318149999999999877e-01,1.997059999999999946e-01,1.232010000000000050e-01,9.392540000000000333e-01,7.607420000000000293e-01,9.769999999999999518e-02,-7.693560000000000398e-01,-3.358280000000000154e-01,2.252079999999999915e-01,3.527159999999999740e-01,-4.307000000000000065e-03,2.119499999999999856e-02,3.272140000000000049e-01,8.882499999999999840e-01,2.507099999999999884e-01,-8.713619999999999699e-01,2.252079999999999915e-01,-1.585407999999999928e+00,-4.888379999999999947e-01,1.270774999999999988e+00,9.137520000000000087e-01,5.312280000000000335e-01,1.487030000000000018e-01,4.669600000000000140e-02,1.997059999999999946e-01,4.037189999999999945e-01,2.252079999999999915e-01,-7.948570000000000357e-01,-7.693560000000000398e-01,9.902570000000000539e-01,4.037189999999999945e-01,-7.438540000000000152e-01,9.137520000000000087e-01,7.097390000000000088e-01,3.272140000000000049e-01,7.219799999999999829e-02,-2.044436999999999838e+00,7.219799999999999829e-02,1.321777999999999897e+00,1.143267000000000033e+00,-2.980800000000000116e-02,-1.063130000000000047e-01,8.117459999999999676e-01,2.252079999999999915e-01,-1.828180000000000083e-01,-1.573170000000000124e-01,2.119499999999999856e-02,4.037189999999999945e-01,2.252079999999999915e-01,-5.530999999999999805e-02,-1.063130000000000047e-01,-7.693560000000000398e-01,2.762109999999999843e-01,7.352410000000000334e-01,1.066761999999999988e+00,7.352410000000000334e-01,-1.075374999999999970e+00,-1.406897000000000064e+00,8.882499999999999840e-01,9.769999999999999518e-02,2.507099999999999884e-01,8.372469999999999635e-01,-3.103259999999999907e-01,6.077320000000000499e-01,8.117459999999999676e-01,5.057260000000000089e-01,5.567290000000000294e-01,-6.928509999999999946e-01,-4.633360000000000256e-01,9.769999999999999518e-02,2.119499999999999856e-02,-1.063130000000000047e-01,4.669600000000000140e-02,4.037189999999999945e-01,2.762109999999999843e-01,5.567290000000000294e-01,-1.202884000000000064e+00,-6.418479999999999741e-01,1.372781000000000029e+00,9.647550000000000292e-01,4.292210000000000192e-01,-4.888379999999999947e-01,1.232010000000000050e-01,5.567290000000000294e-01,7.219799999999999829e-02,4.037189999999999945e-01,-1.828180000000000083e-01,3.782179999999999986e-01,-3.613299999999999845e-01,-4.378349999999999742e-01,-5.653430000000000399e-01,9.137520000000000087e-01,8.372469999999999635e-01,1.742049999999999987e-01,2.252079999999999915e-01,7.219799999999999829e-02,1.041260000000000074e+00,1.041260000000000074e+00,-1.967932999999999932e+00,-2.477965000000000195e+00,1.168768000000000029e+00,1.321777999999999897e+00,1.015759000000000079e+00,7.862440000000000540e-01,8.372469999999999635e-01,7.862440000000000540e-01,-4.307000000000000065e-03,-5.143389999999999906e-01,-1.304890000000000105e+00,6.077320000000000499e-01,5.057260000000000089e-01,3.272140000000000049e-01,2.507099999999999884e-01,-4.307000000000000065e-03,-1.063130000000000047e-01,2.762109999999999843e-01,1.232010000000000050e-01,-1.126379000000000019e+00,1.232010000000000050e-01,4.037189999999999945e-01,3.527159999999999740e-01,1.168768000000000029e+00,-5.908440000000000358e-01,-5.908440000000000358e-01,2.762109999999999843e-01,-6.163459999999999495e-01,7.862440000000000540e-01,1.168768000000000029e+00,5.312280000000000335e-01,-4.307000000000000065e-03,2.507099999999999884e-01,4.669600000000000140e-02,-1.318149999999999877e-01,5.057260000000000089e-01,-8.081199999999999495e-02,-2.083200000000000052e-01,-1.318149999999999877e-01,-4.378349999999999742e-01,-8.081199999999999495e-02,-3.868309999999999804e-01,4.547229999999999883e-01,1.449286000000000074e+00,2.119499999999999856e-02,-5.398410000000000153e-01,5.057260000000000089e-01,3.272140000000000049e-01,-1.828180000000000083e-01,6.077320000000000499e-01,9.392540000000000333e-01,2.252079999999999915e-01,7.219799999999999829e-02,-1.228385000000000060e+00,6.842369999999999841e-01,4.292210000000000192e-01,-2.980800000000000116e-02,-2.083200000000000052e-01,2.252079999999999915e-01,-2.980800000000000116e-02,1.525790999999999897e+00,1.997059999999999946e-01,-2.503467000000000109e+00,-6.163459999999999495e-01,1.296276999999999902e+00,1.066761999999999988e+00,4.547229999999999883e-01,1.245273000000000074e+00,-8.458609999999999740e-01,-1.075374999999999970e+00,1.487030000000000018e-01,7.862440000000000540e-01,2.252079999999999915e-01,6.332339999999999636e-01,7.097390000000000088e-01,-1.228385000000000060e+00,-8.081199999999999495e-02,5.057260000000000089e-01,3.527159999999999740e-01,-2.980800000000000116e-02,5.312280000000000335e-01,5.312280000000000335e-01,-8.081199999999999495e-02,-6.928509999999999946e-01,-3.613299999999999845e-01,4.669600000000000140e-02,9.392540000000000333e-01,9.902570000000000539e-01,-2.980800000000000116e-02,-3.868309999999999804e-01,-8.968639999999999946e-01,1.232010000000000050e-01,3.017130000000000090e-01,8.882499999999999840e-01,9.137520000000000087e-01,-3.868309999999999804e-01,1.232010000000000050e-01,9.769999999999999518e-02,1.742049999999999987e-01,8.882499999999999840e-01,-8.081199999999999495e-02,-1.381394999999999929e+00,-3.358280000000000154e-01,3.527159999999999740e-01,9.902570000000000539e-01,1.321777999999999897e+00,6.587359999999999882e-01,-7.948570000000000357e-01,-2.222948999999999842e+00,-4.633360000000000256e-01,1.372781000000000029e+00,1.474787999999999988e+00,8.882499999999999840e-01,-2.338210000000000011e-01,7.219799999999999829e-02,3.272140000000000049e-01,2.252079999999999915e-01,-1.100877000000000105e+00,-2.980800000000000116e-02,4.292210000000000192e-01,3.272140000000000049e-01,-9.223660000000000192e-01,-5.143389999999999906e-01,6.077320000000000499e-01,1.168768000000000029e+00,1.742049999999999987e-01,6.587359999999999882e-01,6.077320000000000499e-01,-2.848249999999999948e-01,-4.888379999999999947e-01,5.057260000000000089e-01,-4.633360000000000256e-01,7.219799999999999829e-02,-3.103259999999999907e-01,9.392540000000000333e-01,7.219799999999999829e-02,8.627489999999999881e-01,4.669600000000000140e-02,4.669600000000000140e-02,4.669600000000000140e-02,9.769999999999999518e-02,4.669600000000000140e-02,3.782179999999999986e-01,1.232010000000000050e-01,2.252079999999999915e-01,-2.980800000000000116e-02,-1.075374999999999970e+00,7.862440000000000540e-01,-2.848249999999999948e-01,5.312280000000000335e-01,4.802239999999999842e-01,9.392540000000000333e-01,8.372469999999999635e-01,-1.063130000000000047e-01,-2.083200000000000052e-01,-2.083200000000000052e-01,-2.593230000000000257e-01,1.997059999999999946e-01,2.762109999999999843e-01,-1.177381999999999929e+00,4.037189999999999945e-01,1.232010000000000050e-01,1.321777999999999897e+00,-2.593230000000000257e-01,-7.438540000000000152e-01,4.802239999999999842e-01,1.270774999999999988e+00,1.704302999999999901e+00,-5.143389999999999906e-01,-1.330392000000000019e+00,6.587359999999999882e-01,2.119499999999999856e-02,1.908315999999999901e+00,5.312280000000000335e-01,-2.848249999999999948e-01,-2.809486000000000150e+00,-1.063130000000000047e-01,2.507099999999999884e-01,1.041260000000000074e+00,7.097390000000000088e-01,3.017130000000000090e-01,-3.613299999999999845e-01,-6.928509999999999946e-01,5.567290000000000294e-01,9.392540000000000333e-01,-1.318149999999999877e-01,-7.948570000000000357e-01,1.232010000000000050e-01,-1.063130000000000047e-01,4.292210000000000192e-01,6.842369999999999841e-01,5.057260000000000089e-01,-1.318149999999999877e-01,-5.530999999999999805e-02,7.352410000000000334e-01,3.272140000000000049e-01,3.017130000000000090e-01,-5.530999999999999805e-02,-1.279387999999999970e+00,-4.888379999999999947e-01,1.270774999999999988e+00,7.607420000000000293e-01,2.252079999999999915e-01,-1.916929000000000105e+00,8.627489999999999881e-01,1.576794999999999947e+00,7.352410000000000334e-01,-7.438540000000000152e-01,4.292210000000000192e-01,-1.202884000000000064e+00,9.769999999999999518e-02,2.252079999999999915e-01,-2.848249999999999948e-01,2.239837000000000078e+00,1.270774999999999988e+00,-6.163459999999999495e-01,-5.143389999999999906e-01,2.762109999999999843e-01,1.742049999999999987e-01,5.822310000000000541e-01,8.372469999999999635e-01,-5.530999999999999805e-02,-2.018936000000000064e+00,5.822310000000000541e-01,-2.083200000000000052e-01,-1.049873999999999974e+00,9.902570000000000539e-01,1.143267000000000033e+00,1.627798000000000078e+00,4.669600000000000140e-02,-9.988700000000000356e-01,6.587359999999999882e-01,2.762109999999999843e-01,-8.713619999999999699e-01,9.647550000000000292e-01,1.997059999999999946e-01,-2.848249999999999948e-01,8.882499999999999840e-01,7.352410000000000334e-01,-1.406897000000000064e+00,-6.673489999999999700e-01,5.567290000000000294e-01,3.017130000000000090e-01,-3.613299999999999845e-01,1.487030000000000018e-01,1.041260000000000074e+00,1.487030000000000018e-01,-4.888379999999999947e-01,-1.063130000000000047e-01,1.270774999999999988e+00,1.653299000000000074e+00,-6.928509999999999946e-01,-1.534405000000000019e+00,4.037189999999999945e-01,6.842369999999999841e-01,1.092262999999999984e+00,1.372781000000000029e+00,-7.183530000000000193e-01,-2.860489999999999977e+00,1.232010000000000050e-01,2.762109999999999843e-01,-1.024372000000000060e+00,-3.358280000000000154e-01,2.061326000000000214e+00,2.290840000000000209e+00,-4.378349999999999742e-01,-3.358280000000000154e-01,-1.828180000000000083e-01,1.487030000000000018e-01,2.507099999999999884e-01,4.547229999999999883e-01
2.119499999999999856e-02,9.392540000000000333e-01,1.997059999999999946e-01,-5.908440000000000358e-01,1.997059999999999946e-01,-4.307000000000000065e-03,2.507099999999999884e-01,1.487030000000000018e-01,1.997059999999999946e-01,-6.928509999999999946e-01,6.587359999999999882e-01,2.762109999999999843e-01,1.232010000000000050e-01,3.017130000000000090e-01,1.143267000000000033e+00,9.137520000000000087e-01,-1.177381999999999929e+00,-3.358280000000000154e-01,-6.928509999999999946e-01,5.057260000000000089e-01,7.862440000000000540e-01,6.077320000000000499e-01,5.057260000000000089e-01,-6.418479999999999741e-01,9.769999999999999518e-02,7.097390000000000088e-01,4.547229999999999883e-01,-8.081199999999999495e-02,-1.063130000000000047e-01,-1.075374999999999970e+00,-8.458609999999999740e-01,-2.083200000000000052e-01,8.372469999999999635e-01,1.627798000000000078e+00,9.392540000000000333e-01,-9.478670000000000151e-01,2.507099999999999884e-01,1.347280000000000033e+00,-1.763919000000000015e+00,-1.406897000000000064e+00,8.372469999999999635e-01,5.057260000000000089e-01,1.347280000000000033e+00,1.704302999999999901e+00,-6.163459999999999495e-01,-4.307000000000000065e-03,5.057260000000000089e-01,1.270774999999999988e+00,-6.418479999999999741e-01,-3.778548999999999936e+00,-1.661912999999999974e+00,1.831811000000000078e+00,1.347280000000000033e+00,2.265338999999999992e+00,7.097390000000000088e-01,6.332339999999999636e-01,-2.324955000000000105e+00,-1.381394999999999929e+00,1.551293000000000033e+00,1.321777999999999897e+00,-1.024372000000000060e+00,2.265338999999999992e+00,-8.081199999999999495e-02,-3.268515999999999977e+00,-6.673489999999999700e-01,1.117764999999999898e+00,9.769999999999999518e-02,1.117764999999999898e+00,1.066761999999999988e+00,1.742049999999999987e-01,3.017130000000000090e-01,-1.585407999999999928e+00,4.292210000000000192e-01,1.729803999999999897e+00,2.316342000000000123e+00,4.547229999999999883e-01,-3.574535000000000018e+00,3.527159999999999740e-01,-8.081199999999999495e-02,-1.049873999999999974e+00,1.997059999999999946e-01,7.219799999999999829e-02,-5.653430000000000399e-01,1.041260000000000074e+00,1.474787999999999988e+00,1.780807999999999947e+00,4.037189999999999945e-01,6.077320000000000499e-01,-3.358280000000000154e-01,-1.049873999999999974e+00,-2.593230000000000257e-01,2.252079999999999915e-01,-3.613299999999999845e-01,1.500289999999999901e+00,-5.530999999999999805e-02,-9.988700000000000356e-01,5.822310000000000541e-01,-3.358280000000000154e-01,-3.868309999999999804e-01,-2.980800000000000116e-02,6.332339999999999636e-01,7.352410000000000334e-01,1.232010000000000050e-01,2.507099999999999884e-01,-3.868309999999999804e-01,1.704302999999999901e+00,1.729803999999999897e+00,-7.438540000000000152e-01,-2.083200000000000052e-01,-8.081199999999999495e-02,-1.355893000000000015e+00,6.842369999999999841e-01,4.292210000000000192e-01,4.669600000000000140e-02,-2.593230000000000257e-01,-9.223660000000000192e-01,-4.123330000000000051e-01,7.862440000000000540e-01,2.035823999999999856e+00,1.041260000000000074e+00,1.997059999999999946e-01,-7.948570000000000357e-01,-1.330392000000000019e+00,-5.653430000000000399e-01,6.842369999999999841e-01,1.245273000000000074e+00,3.527159999999999740e-01,-1.063130000000000047e-01,-2.593230000000000257e-01,-2.848249999999999948e-01,6.332339999999999636e-01,9.392540000000000333e-01,6.332339999999999636e-01,6.842369999999999841e-01,3.272140000000000049e-01,9.769999999999999518e-02,4.802239999999999842e-01,1.015759000000000079e+00,-2.452463999999999977e+00,-1.636411000000000060e+00,-8.081199999999999495e-02,-4.307000000000000065e-03,1.449286000000000074e+00,9.902570000000000539e-01,1.487030000000000018e-01,5.822310000000000541e-01,4.802239999999999842e-01,-4.633360000000000256e-01,5.312280000000000335e-01,-5.398410000000000153e-01,-3.064503000000000199e+00,-5.143389999999999906e-01,2.010321999999999942e+00,1.933816999999999897e+00,3.272140000000000049e-01,-3.103259999999999907e-01,-2.593230000000000257e-01,8.882499999999999840e-01,9.392540000000000333e-01,3.782179999999999986e-01,-2.848249999999999948e-01,-2.083200000000000052e-01,-5.530999999999999805e-02,2.119499999999999856e-02,-1.828180000000000083e-01,2.762109999999999843e-01,5.312280000000000335e-01,-1.840424000000000060e+00,-5.908440000000000358e-01,5.567290000000000294e-01,2.239837000000000078e+00,6.077320000000000499e-01,-1.534405000000000019e+00,-4.307000000000000065e-03,1.143267000000000033e+00,3.272140000000000049e-01,1.232010000000000050e-01,1.232010000000000050e-01,1.742049999999999987e-01,7.097390000000000088e-01,1.066761999999999988e+00,1.806308999999999942e+00,-1.508903000000000105e+00,-1.916929000000000105e+00,-1.636411000000000060e+00,-1.151880000000000015e+00,3.820937999999999946e+00,7.097390000000000088e-01,-1.559906000000000015e+00,-7.948570000000000357e-01,-1.865925999999999974e+00,1.143267000000000033e+00,2.061326000000000214e+00,1.500289999999999901e+00,1.232010000000000050e-01,5.312280000000000335e-01,3.017130000000000090e-01,1.653299000000000074e+00,-4.123330000000000051e-01,-5.793178000000000161e+00,-8.081199999999999495e-02,1.321777999999999897e+00,9.392540000000000333e-01,1.143267000000000033e+00,1.168768000000000029e+00,1.143267000000000033e+00,-1.151880000000000015e+00,-1.573170000000000124e-01,7.219799999999999829e-02,9.647550000000000292e-01,-1.318149999999999877e-01,3.017130000000000090e-01,1.168768000000000029e+00,1.882813999999999988e+00,-2.554469999999999796e+00,-3.319519000000000108e+00,-4.307000000000000065e-03,1.066761999999999988e+00,-9.733690000000000397e-01,-5.143389999999999906e-01,9.392540000000000333e-01,1.143267000000000033e+00,2.673364999999999991e+00,2.469352000000000213e+00,-2.980800000000000116e-02,-1.151880000000000015e+00,-1.432398000000000060e+00,1.092262999999999984e+00,4.292210000000000192e-01,-1.075374999999999970e+00,-1.483402000000000109e+00,6.332339999999999636e-01,-1.202884000000000064e+00,5.567290000000000294e-01,2.545856999999999815e+00,-1.763919000000000015e+00,-5.653430000000000399e-01,1.372781000000000029e+00,1.321777999999999897e+00,7.219799999999999829e-02,-2.848249999999999948e-01,5.057260000000000089e-01,2.061326000000000214e+00,7.219799999999999829e-02,-2.962495999999999796e+00,-2.528967999999999883e+00,-1.318149999999999877e-01,1.143267000000000033e+00,7.352410000000000334e-01,8.372469999999999635e-01,1.984820999999999946e+00,-8.968639999999999946e-01,4.669600000000000140e-02,1.321777999999999897e+00,-1.075374999999999970e+00,4.292210000000000192e-01,-2.171946000000000154e+00,2.252079999999999915e-01,5.057260000000000089e-01,9.902570000000000539e-01,1.997059999999999946e-01,1.551293000000000033e+00,1.997059999999999946e-01,-4.307000000000000065e-03,9.769999999999999518e-02,-5.530999999999999805e-02,-1.318149999999999877e-01,-4.888379999999999947e-01,6.842369999999999841e-01,-1.828180000000000083e-01,4.037189999999999945e-01,1.755306000000000033e+00,-2.554469999999999796e+00,-1.100877000000000105e+00,9.902570000000000539e-01,1.449286000000000074e+00,4.802239999999999842e-01,-7.693560000000000398e-01,9.902570000000000539e-01,2.035823999999999856e+00,8.117459999999999676e-01,-3.090003999999999973e+00,-1.100877000000000105e+00,3.017130000000000090e-01,4.802239999999999842e-01,7.862440000000000540e-01,3.017130000000000090e-01,7.352410000000000334e-01,1.066761999999999988e+00,-8.081199999999999495e-02,-1.355893000000000015e+00,-2.083200000000000052e-01,6.842369999999999841e-01,6.332339999999999636e-01,-7.693560000000000398e-01,-2.593230000000000257e-01,1.092262999999999984e+00,1.487030000000000018e-01,-8.203589999999999494e-01,1.194269999999999943e+00,6.077320000000000499e-01,9.902570000000000539e-01,-1.967932999999999932e+00,4.292210000000000192e-01,1.066761999999999988e+00,-1.024372000000000060e+00,-5.908440000000000358e-01,-1.100877000000000105e+00,7.097390000000000088e-01,3.272140000000000049e-01,9.392540000000000333e-01,9.392540000000000333e-01,-2.848249999999999948e-01,8.627489999999999881e-01,2.119499999999999856e-02,1.117764999999999898e+00,-1.063130000000000047e-01,-1.942431000000000019e+00,8.372469999999999635e-01,9.902570000000000539e-01,-3.358280000000000154e-01,-1.508903000000000105e+00,2.762109999999999843e-01,7.352410000000000334e-01,1.602295999999999943e+00,-1.483402000000000109e+00,8.627489999999999881e-01,-2.083200000000000052e-01,7.219799999999999829e-02,2.252079999999999915e-01,3.272140000000000049e-01,-4.888379999999999947e-01,2.762109999999999843e-01,9.769999999999999518e-02,7.607420000000000293e-01,4.802239999999999842e-01,-1.573170000000000124e-01,4.547229999999999883e-01,9.769999999999999518e-02,-1.891428000000000109e+00,1.092262999999999984e+00,7.607420000000000293e-01,6.332339999999999636e-01,-5.653430000000000399e-01,-3.613299999999999845e-01,5.567290000000000294e-01,-1.253886999999999974e+00,1.168768000000000029e+00,9.902570000000000539e-01,-1.573170000000000124e-01,2.119499999999999856e-02,-3.868309999999999804e-01,1.296276999999999902e+00,2.252079999999999915e-01,2.507099999999999884e-01,3.272140000000000049e-01,3.782179999999999986e-01,4.547229999999999883e-01,-1.712916000000000105e+00,-1.381394999999999929e+00,2.507099999999999884e-01,7.097390000000000088e-01,5.057260000000000089e-01,4.037189999999999945e-01,8.882499999999999840e-01,1.066761999999999988e+00,-4.633360000000000256e-01,-1.177381999999999929e+00,9.647550000000000292e-01,2.010321999999999942e+00,-7.183530000000000193e-01,-1.100877000000000105e+00,-1.075374999999999970e+00,1.729803999999999897e+00,-2.848249999999999948e-01,1.576794999999999947e+00,7.607420000000000293e-01,-1.585407999999999928e+00,8.372469999999999635e-01,9.137520000000000087e-01,-1.063130000000000047e-01,-8.203589999999999494e-01,4.547229999999999883e-01,-8.968639999999999946e-01,-1.432398000000000060e+00,9.392540000000000333e-01,2.979384000000000032e+00,-3.868309999999999804e-01,-1.253886999999999974e+00,4.547229999999999883e-01,1.742049999999999987e-01,7.352410000000000334e-01,1.296276999999999902e+00,9.769999999999999518e-02,-4.888379999999999947e-01,-7.183530000000000193e-01,-1.483402000000000109e+00,7.862440000000000540e-01,8.372469999999999635e-01,1.270774999999999988e+00,-4.378349999999999742e-01,-1.828180000000000083e-01,-1.063130000000000047e-01,3.017130000000000090e-01,1.806308999999999942e+00,3.527159999999999740e-01,-1.100877000000000105e+00,-1.712916000000000105e+00,-7.438540000000000152e-01,5.057260000000000089e-01,1.232010000000000050e-01,1.423785000000000078e+00,2.953882999999999814e+00,-1.100877000000000105e+00,-1.585407999999999928e+00,3.017130000000000090e-01,1.347280000000000033e+00,-1.457899999999999974e+00,-1.318149999999999877e-01,9.392540000000000333e-01,7.352410000000000334e-01,7.352410000000000334e-01,-1.063130000000000047e-01,-1.063130000000000047e-01,-2.980800000000000116e-02,1.742049999999999987e-01,-7.438540000000000152e-01,-5.398410000000000153e-01,6.077320000000000499e-01,7.862440000000000540e-01,4.547229999999999883e-01,3.017130000000000090e-01,-5.530999999999999805e-02,3.782179999999999986e-01,6.332339999999999636e-01,-5.653430000000000399e-01,1.232010000000000050e-01,-1.573170000000000124e-01,-8.203589999999999494e-01,9.392540000000000333e-01,9.902570000000000539e-01,2.119499999999999856e-02,3.527159999999999740e-01,4.292210000000000192e-01,-2.171946000000000154e+00,1.143267000000000033e+00,1.997059999999999946e-01,-5.398410000000000153e-01,7.862440000000000540e-01,-3.613299999999999845e-01,6.587359999999999882e-01,1.653299000000000074e+00,3.782179999999999986e-01,1.232010000000000050e-01,4.669600000000000140e-02,-1.828180000000000083e-01,-6.163459999999999495e-01,-1.202884000000000064e+00,-2.593230000000000257e-01,1.232010000000000050e-01,4.292210000000000192e-01,8.117459999999999676e-01,8.117459999999999676e-01,1.232010000000000050e-01,2.762109999999999843e-01,3.272140000000000049e-01,4.292210000000000192e-01,-2.980800000000000116e-02,-1.100877000000000105e+00,-1.100877000000000105e+00,5.822310000000000541e-01,7.352410000000000334e-01,2.119499999999999856e-02,7.607420000000000293e-01,-7.183530000000000193e-01,-2.848249999999999948e-01,1.168768000000000029e+00,1.347280000000000033e+00,-2.593230000000000257e-01,1.742049999999999987e-01,4.802239999999999842e-01,4.292210000000000192e-01,-2.338210000000000011e-01,-5.143389999999999906e-01,3.527159999999999740e-01,-5.530999999999999805e-02,-6.673489999999999700e-01,4.037189999999999945e-01,1.232010000000000050e-01,-9.988700000000000356e-01,1.321777999999999897e+00,9.392540000000000333e-01,-7.438540000000000152e-01,7.862440000000000540e-01,6.587359999999999882e-01,5.312280000000000335e-01,9.769999999999999518e-02,-3.103259999999999907e-01,-1.828180000000000083e-01,5.057260000000000089e-01,4.292210000000000192e-01,-2.083200000000000052e-01,-4.888379999999999947e-01,4.037189999999999945e-01,4.547229999999999883e-01,-1.916929000000000105e+00,-5.908440000000000358e-01,7.862440000000000540e-01,7.352410000000000334e-01,2.239837000000000078e+00,2.119499999999999856e-02,-4.888379999999999947e-01,8.882499999999999840e-01,1.232010000000000050e-01,7.607420000000000293e-01,4.037189999999999945e-01,-4.378349999999999742e-01,5.567290000000000294e-01,1.997059999999999946e-01,-7.693560000000000398e-01,7.219799999999999829e-02,-1.151880000000000015e+00,1.997059999999999946e-01,9.392540000000000333e-01,-1.318149999999999877e-01,7.352410000000000334e-01,7.352410000000000334e-01,8.372469999999999635e-01,3.527159999999999740e-01,-8.081199999999999495e-02,6.332339999999999636e-01,1.487030000000000018e-01,-1.891428000000000109e+00,-2.848249999999999948e-01,6.842369999999999841e-01,1.959319000000000033e+00,-2.338210000000000011e-01,-2.452463999999999977e+00,2.507099999999999884e-01,-7.438540000000000152e-01,1.653299000000000074e+00,2.239837000000000078e+00,2.112328999999999901e+00,-2.848249999999999948e-01,2.119499999999999856e-02,-8.081199999999999495e-02,1.997059999999999946e-01,-5.143389999999999906e-01,-1.177381999999999929e+00,-5.908440000000000358e-01,-3.613299999999999845e-01,8.882499999999999840e-01,4.669600000000000140e-02,-9.223660000000000192e-01,1.755306000000000033e+00,1.398282999999999943e+00,-1.636411000000000060e+00,1.997059999999999946e-01,1.232010000000000050e-01,1.041260000000000074e+00,7.219799999999999829e-02,1.015759000000000079e+00,1.041260000000000074e+00,2.119499999999999856e-02,-5.653430000000000399e-01,-7.183530000000000193e-01,2.762109999999999843e-01,-4.307000000000000065e-03,1.997059999999999946e-01,-8.203589999999999494e-01,-1.432398000000000060e+00,3.527159999999999740e-01,1.270774999999999988e+00,4.292210000000000192e-01,2.507099999999999884e-01,-2.083200000000000052e-01,6.077320000000000499e-01,-4.307000000000000065e-03,-3.103259999999999907e-01,6.077320000000000499e-01,1.245273000000000074e+00,-6.928509999999999946e-01,3.017130000000000090e-01,-1.573170000000000124e-01,-4.307000000000000065e-03,-1.828180000000000083e-01,-4.123330000000000051e-01,1.653299000000000074e+00,6.077320000000000499e-01,-2.069939000000000195e+00,7.219799999999999829e-02,1.742049999999999987e-01,2.119499999999999856e-02,1.117764999999999898e+00,-1.318149999999999877e-01,2.762109999999999843e-01,1.423785000000000078e+00,1.997059999999999946e-01,-1.573170000000000124e-01,-1.355893000000000015e+00,-1.483402000000000109e+00,9.647550000000000292e-01,1.321777999999999897e+00,2.252079999999999915e-01,3.782179999999999986e-01,3.272140000000000049e-01,-5.908440000000000358e-01,1.997059999999999946e-01,-1.573170000000000124e-01,1.487030000000000018e-01,1.041260000000000074e+00,6.332339999999999636e-01,-1.318149999999999877e-01,-7.183530000000000193e-01,3.272140000000000049e-01,-2.593230000000000257e-01,8.117459999999999676e-01,-4.307000000000000065e-03,1.487030000000000018e-01,1.997059999999999946e-01,-2.338210000000000011e-01,8.117459999999999676e-01,5.822310000000000541e-01,-1.024372000000000060e+00,-7.948570000000000357e-01,-3.868309999999999804e-01,-3.358280000000000154e-01,1.232010000000000050e-01,1.831811000000000078e+00,1.551293000000000033e+00,5.822310000000000541e-01,-5.530999999999999805e-02,-3.358280000000000154e-01,-1.100877000000000105e+00,-2.980800000000000116e-02,3.017130000000000090e-01,1.487030000000000018e-01,-2.338210000000000011e-01,-3.613299999999999845e-01,-1.318149999999999877e-01,9.769999999999999518e-02,5.312280000000000335e-01,1.270774999999999988e+00,4.802239999999999842e-01,-4.888379999999999947e-01,9.137520000000000087e-01,-7.693560000000000398e-01,-1.279387999999999970e+00,1.831811000000000078e+00,8.627489999999999881e-01,-1.891428000000000109e+00,-3.868309999999999804e-01,1.398282999999999943e+00,6.587359999999999882e-01,1.474787999999999988e+00,-2.338210000000000011e-01,-2.426962000000000064e+00,1.653299000000000074e+00,-1.063130000000000047e-01,-5.398410000000000153e-01,-2.980800000000000116e-02,1.168768000000000029e+00,2.252079999999999915e-01,-4.307000000000000065e-03,-7.438540000000000152e-01,2.119499999999999856e-02,1.525790999999999897e+00,-2.980800000000000116e-02,-1.840424000000000060e+00,-2.338210000000000011e-01,1.015759000000000079e+00,1.653299000000000074e+00,7.607420000000000293e-01,-1.585407999999999928e+00,-4.888379999999999947e-01,4.802239999999999842e-01,1.041260000000000074e+00,6.842369999999999841e-01,1.219772000000000078e+00,-1.228385000000000060e+00,2.119499999999999856e-02,-8.968639999999999946e-01,1.487030000000000018e-01,4.547229999999999883e-01,4.037189999999999945e-01,7.607420000000000293e-01,-1.063130000000000047e-01,7.219799999999999829e-02,1.232010000000000050e-01,-2.980800000000000116e-02,2.119499999999999856e-02,1.933816999999999897e+00,-7.438540000000000152e-01,-2.095441000000000109e+00,1.232010000000000050e-01,1.296276999999999902e+00,9.392540000000000333e-01,5.567290000000000294e-01,1.092262999999999984e+00,-2.848249999999999948e-01,-9.988700000000000356e-01,-2.593230000000000257e-01,-8.081199999999999495e-02,7.862440000000000540e-01,9.647550000000000292e-01,1.066761999999999988e+00,-1.828180000000000083e-01,-9.478670000000000151e-01,2.762109999999999843e-01,1.742049999999999987e-01,6.842369999999999841e-01,-2.338210000000000011e-01,-6.418479999999999741e-01,-4.378349999999999742e-01,1.219772000000000078e+00,3.017130000000000090e-01,-7.183530000000000193e-01,5.567290000000000294e-01,-1.063130000000000047e-01,-9.478670000000000151e-01,8.117459999999999676e-01,8.882499999999999840e-01,-1.573170000000000124e-01,9.137520000000000087e-01,3.017130000000000090e-01,-4.888379999999999947e-01,4.037189999999999945e-01,2.507099999999999884e-01,-8.968639999999999946e-01,8.882499999999999840e-01,1.398282999999999943e+00,-5.908440000000000358e-01,-1.687415000000000109e+00,-2.338210000000000011e-01,6.842369999999999841e-01,6.332339999999999636e-01,1.398282999999999943e+00,6.332339999999999636e-01,-3.421526000000000067e+00,7.862440000000000540e-01,-2.980800000000000116e-02,4.802239999999999842e-01,1.576794999999999947e+00,1.219772000000000078e+00,4.669600000000000140e-02,-3.358280000000000154e-01,-1.063130000000000047e-01,2.119499999999999856e-02,4.547229999999999883e-01,7.219799999999999829e-02,-8.458609999999999740e-01,-9.988700000000000356e-01,1.219772000000000078e+00,5.312280000000000335e-01,-3.103259999999999907e-01,5.057260000000000089e-01,1.015759000000000079e+00,-7.183530000000000193e-01,-5.143389999999999906e-01,-1.063130000000000047e-01,9.769999999999999518e-02,4.547229999999999883e-01,1.092262999999999984e+00,1.092262999999999984e+00,3.527159999999999740e-01,-5.908440000000000358e-01,-2.980800000000000116e-02,-6.673489999999999700e-01,1.015759000000000079e+00,-5.143389999999999906e-01,-1.024372000000000060e+00,-8.081199999999999495e-02,1.194269999999999943e+00,7.352410000000000334e-01,-5.908440000000000358e-01,-6.673489999999999700e-01,7.352410000000000334e-01,1.933816999999999897e+00,-8.713619999999999699e-01,-1.483402000000000109e+00,3.017130000000000090e-01,1.959319000000000033e+00,-3.868309999999999804e-01,-6.928509999999999946e-01,4.292210000000000192e-01,4.669600000000000140e-02,-8.081199999999999495e-02,1.219772000000000078e+00,3.017130000000000090e-01,-1.177381999999999929e+00,-1.573170000000000124e-01,7.607420000000000293e-01,7.352410000000000334e-01,2.507099999999999884e-01,-2.083200000000000052e-01,-6.928509999999999946e-01,8.882499999999999840e-01,1.143267000000000033e+00,-1.330392000000000019e+00,-4.378349999999999742e-01,1.232010000000000050e-01,2.119499999999999856e-02,6.587359999999999882e-01,9.392540000000000333e-01,1.232010000000000050e-01,4.669600000000000140e-02,1.232010000000000050e-01,-6.418479999999999741e-01,-2.083200000000000052e-01,5.057260000000000089e-01,9.392540000000000333e-01,2.507099999999999884e-01,3.527159999999999740e-01,1.066761999999999988e+00,-1.891428000000000109e+00,-3.868309999999999804e-01,5.822310000000000541e-01,-1.049873999999999974e+00,5.057260000000000089e-01,8.372469999999999635e-01,-9.988700000000000356e-01,-2.593230000000000257e-01,1.372781000000000029e+00,1.296276999999999902e+00,2.119499999999999856e-02,1.997059999999999946e-01,3.017130000000000090e-01,-3.613299999999999845e-01,-4.888379999999999947e-01,6.077320000000000499e-01,1.232010000000000050e-01,-8.081199999999999495e-02,-4.307000000000000065e-03,9.769999999999999518e-02,1.270774999999999988e+00,-7.693560000000000398e-01,-1.942431000000000019e+00,-1.457899999999999974e+00,1.729803999999999897e+00,1.933816999999999897e+00,6.587359999999999882e-01,1.117764999999999898e+00,5.057260000000000089e-01,-2.350457000000000019e+00,6.587359999999999882e-01,2.622361000000000164e+00,2.507099999999999884e-01,-1.573170000000000124e-01,-1.661912999999999974e+00,-1.993433999999999928e+00,1.232010000000000050e-01,1.908315999999999901e+00,5.822310000000000541e-01,-1.573170000000000124e-01,-3.103259999999999907e-01,7.862440000000000540e-01,5.057260000000000089e-01,-1.828180000000000083e-01,4.547229999999999883e-01,-9.478670000000000151e-01,-4.307000000000000065e-03,5.312280000000000335e-01,3.782179999999999986e-01,5.312280000000000335e-01,2.252079999999999915e-01,1.997059999999999946e-01,6.077320000000000499e-01,-6.928509999999999946e-01,-2.834988000000000063e+00,-7.693560000000000398e-01,1.449286000000000074e+00,2.673364999999999991e+00,5.822310000000000541e-01,9.392540000000000333e-01,-4.307000000000000065e-03,-6.673489999999999700e-01,-3.868309999999999804e-01,7.219799999999999829e-02,-5.143389999999999906e-01,-1.381394999999999929e+00,1.232010000000000050e-01,1.143267000000000033e+00,1.755306000000000033e+00,2.762109999999999843e-01,-9.733690000000000397e-01,-1.738418000000000019e+00,-2.980800000000000116e-02,9.902570000000000539e-01,8.627489999999999881e-01,4.802239999999999842e-01,7.352410000000000334e-01,1.551293000000000033e+00,3.272140000000000049e-01,-2.980800000000000116e-02,-1.024372000000000060e+00,-8.968639999999999946e-01,-9.223660000000000192e-01,3.017130000000000090e-01,1.347280000000000033e+00,-5.398410000000000153e-01,-1.253886999999999974e+00,3.272140000000000049e-01,1.576794999999999947e+00,4.802239999999999842e-01,6.842369999999999841e-01,1.117764999999999898e+00,3.527159999999999740e-01,-8.458609999999999740e-01,5.057260000000000089e-01,5.312280000000000335e-01,-4.123330000000000051e-01,-1.318149999999999877e-01,-1.828180000000000083e-01,7.352410000000000334e-01,-3.358280000000000154e-01,-5.653430000000000399e-01,3.017130000000000090e-01,4.037189999999999945e-01,1.232010000000000050e-01,4.292210000000000192e-01,6.842369999999999841e-01,-7.438540000000000152e-01,-7.948570000000000357e-01,-1.063130000000000047e-01,1.117764999999999898e+00,3.782179999999999986e-01,5.057260000000000089e-01,2.290840000000000209e+00,-5.653430000000000399e-01,-5.398410000000000153e-01,-2.338210000000000011e-01,-8.081199999999999495e-02,4.802239999999999842e-01,5.312280000000000335e-01,9.769999999999999518e-02,-8.713619999999999699e-01,-5.653430000000000399e-01,5.822310000000000541e-01,1.143267000000000033e+00,3.272140000000000049e-01,6.842369999999999841e-01,-3.868309999999999804e-01,-1.075374999999999970e+00,2.507099999999999884e-01,2.762109999999999843e-01,1.997059999999999946e-01,-4.307000000000000065e-03,6.332339999999999636e-01,4.802239999999999842e-01,2.507099999999999884e-01,-8.081199999999999495e-02,2.119499999999999856e-02,3.782179999999999986e-01,-1.661912999999999974e+00,3.272140000000000049e-01,6.587359999999999882e-01,1.742049999999999987e-01,8.117459999999999676e-01,-6.163459999999999495e-01,1.194269999999999943e+00,4.669600000000000140e-02,-5.530999999999999805e-02,7.352410000000000334e-01,-2.083200000000000052e-01,-5.530999999999999805e-02,7.352410000000000334e-01,2.252079999999999915e-01,1.997059999999999946e-01,-6.928509999999999946e-01,-2.980800000000000116e-02,-2.083200000000000052e-01,5.822310000000000541e-01,-1.828180000000000083e-01,7.097390000000000088e-01,1.296276999999999902e+00,3.017130000000000090e-01,-1.355893000000000015e+00,1.742049999999999987e-01,5.822310000000000541e-01,6.077320000000000499e-01,-4.378349999999999742e-01,-8.081199999999999495e-02,7.097390000000000088e-01,9.392540000000000333e-01,-5.908440000000000358e-01,-4.888379999999999947e-01,-5.908440000000000358e-01,2.252079999999999915e-01,7.097390000000000088e-01,1.194269999999999943e+00,5.312280000000000335e-01,4.669600000000000140e-02,6.587359999999999882e-01,-4.888379999999999947e-01,-4.123330000000000051e-01,7.097390000000000088e-01,-1.432398000000000060e+00,-4.307000000000000065e-03,4.037189999999999945e-01,-1.063130000000000047e-01,3.017130000000000090e-01,2.112328999999999901e+00,5.822310000000000541e-01,-1.967932999999999932e+00,-2.848249999999999948e-01,-1.483402000000000109e+00,1.755306000000000033e+00,1.194269999999999943e+00,-1.318149999999999877e-01,1.232010000000000050e-01,3.782179999999999986e-01,8.372469999999999635e-01,-2.338210000000000011e-01,-4.633360000000000256e-01,4.802239999999999842e-01,-2.593230000000000257e-01,-1.304890000000000105e+00,9.769999999999999518e-02,5.567290000000000294e-01,3.527159999999999740e-01,-4.888379999999999947e-01,8.117459999999999676e-01,6.077320000000000499e-01,1.232010000000000050e-01,1.041260000000000074e+00,3.527159999999999740e-01,-7.183530000000000193e-01,5.567290000000000294e-01,1.219772000000000078e+00,-1.151880000000000015e+00,1.487030000000000018e-01,1.321777999999999897e+00,-1.573170000000000124e-01,-1.318149999999999877e-01,8.117459999999999676e-01,-6.673489999999999700e-01,-1.253886999999999974e+00,3.017130000000000090e-01,-1.828180000000000083e-01,4.292210000000000192e-01,8.882499999999999840e-01,8.117459999999999676e-01,-6.928509999999999946e-01,-8.081199999999999495e-02,1.245273000000000074e+00,5.567290000000000294e-01,-1.406897000000000064e+00,-1.573170000000000124e-01,1.296276999999999902e+00,8.372469999999999635e-01,1.997059999999999946e-01,5.057260000000000089e-01,8.882499999999999840e-01,9.769999999999999518e-02,-9.988700000000000356e-01,1.232010000000000050e-01,-1.318149999999999877e-01,-1.763919000000000015e+00,-1.318149999999999877e-01,3.527159999999999740e-01,9.392540000000000333e-01,7.352410000000000334e-01,-5.398410000000000153e-01,9.902570000000000539e-01,4.669600000000000140e-02,-1.318149999999999877e-01,1.372781000000000029e+00,3.527159999999999740e-01,-1.712916000000000105e+00,9.769999999999999518e-02,1.742049999999999987e-01,1.653299000000000074e+00,4.802239999999999842e-01,-2.848249999999999948e-01,-3.613299999999999845e-01,-1.318149999999999877e-01,3.272140000000000049e-01,-5.530999999999999805e-02,-6.928509999999999946e-01,1.525790999999999897e+00,3.017130000000000090e-01,-5.908440000000000358e-01,-1.828180000000000083e-01,4.037189999999999945e-01,3.527159999999999740e-01,1.041260000000000074e+00,-3.613299999999999845e-01,1.066761999999999988e+00,-2.980800000000000116e-02,-1.814923000000000064e+00,-5.398410000000000153e-01,-1.063130000000000047e-01,1.015759000000000079e+00,1.398282999999999943e+00,-4.378349999999999742e-01,-1.063130000000000047e-01,8.627489999999999881e-01,5.312280000000000335e-01,3.017130000000000090e-01,-8.081199999999999495e-02,1.219772000000000078e+00,-1.318149999999999877e-01,-8.203589999999999494e-01,-6.928509999999999946e-01,5.822310000000000541e-01,7.862440000000000540e-01,5.312280000000000335e-01,-6.163459999999999495e-01,-8.081199999999999495e-02,2.119499999999999856e-02,-7.438540000000000152e-01,1.041260000000000074e+00,1.487030000000000018e-01,7.607420000000000293e-01,-2.593230000000000257e-01,6.842369999999999841e-01,1.066761999999999988e+00,-5.653430000000000399e-01,-1.828180000000000083e-01,4.802239999999999842e-01,4.802239999999999842e-01,7.219799999999999829e-02,-1.177381999999999929e+00,1.296276999999999902e+00,-4.633360000000000256e-01,-9.478670000000000151e-01,-1.828180000000000083e-01,1.117764999999999898e+00,1.117764999999999898e+00,6.332339999999999636e-01,-6.418479999999999741e-01,-1.318149999999999877e-01,2.119499999999999856e-02,-8.081199999999999495e-02,3.272140000000000049e-01,7.097390000000000088e-01,-1.063130000000000047e-01,2.119499999999999856e-02,-1.063130000000000047e-01,3.272140000000000049e-01,-9.223660000000000192e-01,-8.713619999999999699e-01,1.270774999999999988e+00,7.607420000000000293e-01,6.332339999999999636e-01,4.037189999999999945e-01,9.392540000000000333e-01,-2.848249999999999948e-01,-8.203589999999999494e-01,3.782179999999999986e-01,3.017130000000000090e-01,-1.828180000000000083e-01,-1.573170000000000124e-01,9.647550000000000292e-01,1.347280000000000033e+00,-3.141007999999999800e+00,-8.081199999999999495e-02,1.908315999999999901e+00,1.066761999999999988e+00,-1.075374999999999970e+00,3.017130000000000090e-01,1.219772000000000078e+00,9.769999999999999518e-02,-8.968639999999999946e-01,1.066761999999999988e+00,8.627489999999999881e-01,-2.338210000000000011e-01,3.272140000000000049e-01,-1.075374999999999970e+00,1.232010000000000050e-01,5.312280000000000335e-01,-2.338210000000000011e-01,-7.948570000000000357e-01,7.607420000000000293e-01,1.066761999999999988e+00,1.742049999999999987e-01,-2.980800000000000116e-02,1.997059999999999946e-01,2.507099999999999884e-01,-3.868309999999999804e-01,2.252079999999999915e-01,8.882499999999999840e-01,6.332339999999999636e-01,-5.143389999999999906e-01,-1.304890000000000105e+00,6.842369999999999841e-01,6.077320000000000499e-01,4.547229999999999883e-01,3.527159999999999740e-01,4.547229999999999883e-01,-8.203589999999999494e-01,-1.457899999999999974e+00,1.882813999999999988e+00,-2.083200000000000052e-01,6.077320000000000499e-01,3.272140000000000049e-01,-2.848249999999999948e-01,7.097390000000000088e-01,1.117764999999999898e+00,-4.633360000000000256e-01,-6.673489999999999700e-01,-8.081199999999999495e-02,-5.908440000000000358e-01,5.312280000000000335e-01,7.607420000000000293e-01,3.272140000000000049e-01,1.742049999999999987e-01,-3.613299999999999845e-01,-2.083200000000000052e-01,1.742049999999999987e-01,3.272140000000000049e-01,9.902570000000000539e-01,9.647550000000000292e-01,1.742049999999999987e-01,-1.049873999999999974e+00,-7.438540000000000152e-01,1.232010000000000050e-01,4.669600000000000140e-02,1.755306000000000033e+00,-6.163459999999999495e-01,2.119499999999999856e-02,-5.530999999999999805e-02,-3.103259999999999907e-01,6.842369999999999841e-01,2.507099999999999884e-01,7.607420000000000293e-01,3.272140000000000049e-01,-9.223660000000000192e-01,9.392540000000000333e-01,5.567290000000000294e-01,-3.358280000000000154e-01,-2.848249999999999948e-01,-2.980800000000000116e-02,1.015759000000000079e+00,-4.888379999999999947e-01,1.232010000000000050e-01,8.882499999999999840e-01,-3.613299999999999845e-01,-1.253886999999999974e+00,8.117459999999999676e-01,6.332339999999999636e-01,-2.848249999999999948e-01,7.607420000000000293e-01,-7.183530000000000193e-01,9.137520000000000087e-01,1.117764999999999898e+00,1.232010000000000050e-01,-2.338210000000000011e-01,-8.081199999999999495e-02,-2.083200000000000052e-01,-1.063130000000000047e-01,1.219772000000000078e+00,1.997059999999999946e-01,-5.653430000000000399e-01,2.507099999999999884e-01,-8.203589999999999494e-01,-1.228385000000000060e+00,1.755306000000000033e+00,-2.338210000000000011e-01,-1.063130000000000047e-01,1.755306000000000033e+00,2.762109999999999843e-01,-5.530999999999999805e-02,7.219799999999999829e-02,-1.828180000000000083e-01,1.347280000000000033e+00,-7.183530000000000193e-01,-8.458609999999999740e-01,-1.228385000000000060e+00,3.017130000000000090e-01,1.347280000000000033e+00,1.168768000000000029e+00,-2.083200000000000052e-01,-1.828180000000000083e-01,3.782179999999999986e-01,-1.573170000000000124e-01,-5.653430000000000399e-01,6.842369999999999841e-01,-3.103259999999999907e-01,-3.358280000000000154e-01,4.292210000000000192e-01,1.500289999999999901e+00,7.097390000000000088e-01,-1.126379000000000019e+00,-1.318149999999999877e-01,-4.888379999999999947e-01,-9.988700000000000356e-01,3.272140000000000049e-01,8.372469999999999635e-01,9.902570000000000539e-01,8.882499999999999840e-01,2.507099999999999884e-01,1.143267000000000033e+00,4.292210000000000192e-01,2.507099999999999884e-01,-1.330392000000000019e+00,-1.381394999999999929e+00,-6.928509999999999946e-01,8.372469999999999635e-01,8.117459999999999676e-01,-6.673489999999999700e-01,-5.398410000000000153e-01,9.392540000000000333e-01,1.423785000000000078e+00,-5.908440000000000358e-01,-8.968639999999999946e-01,9.137520000000000087e-01,6.332339999999999636e-01,8.372469999999999635e-01,-4.633360000000000256e-01,-4.633360000000000256e-01,9.137520000000000087e-01,7.352410000000000334e-01,7.352410000000000334e-01,3.782179999999999986e-01,-2.338210000000000011e-01,7.219799999999999829e-02,-3.103259999999999907e-01,-1.330392000000000019e+00,2.119499999999999856e-02,8.372469999999999635e-01,-8.081199999999999495e-02,-5.530999999999999805e-02,6.077320000000000499e-01,6.332339999999999636e-01,5.057260000000000089e-01,-1.024372000000000060e+00,-6.928509999999999946e-01,-8.081199999999999495e-02,7.352410000000000334e-01,3.017130000000000090e-01,1.219772000000000078e+00,9.137520000000000087e-01,8.117459999999999676e-01,4.037189999999999945e-01,-6.163459999999999495e-01,-4.633360000000000256e-01,-2.083200000000000052e-01,-1.573170000000000124e-01,-2.980800000000000116e-02,2.252079999999999915e-01,3.272140000000000049e-01,-9.223660000000000192e-01,-2.848249999999999948e-01,1.245273000000000074e+00,1.742049999999999987e-01,8.117459999999999676e-01,6.332339999999999636e-01,-1.993433999999999928e+00,-6.418479999999999741e-01,2.762109999999999843e-01,2.086826999999999988e+00,1.168768000000000029e+00,-2.338210000000000011e-01,9.769999999999999518e-02,1.232010000000000050e-01,7.219799999999999829e-02,1.742049999999999987e-01,-4.307000000000000065e-03,-6.928509999999999946e-01,5.057260000000000089e-01,3.782179999999999986e-01,-7.693560000000000398e-01,-9.223660000000000192e-01,-6.418479999999999741e-01,-8.081199999999999495e-02,-1.573170000000000124e-01,1.449286000000000074e+00,1.117764999999999898e+00,5.312280000000000335e-01,9.392540000000000333e-01,2.252079999999999915e-01,-1.828180000000000083e-01,6.842369999999999841e-01,8.372469999999999635e-01,-1.304890000000000105e+00,-6.673489999999999700e-01,1.487030000000000018e-01,4.669600000000000140e-02,-3.613299999999999845e-01,9.769999999999999518e-02,-4.307000000000000065e-03,1.398282999999999943e+00,1.742049999999999987e-01,-1.636411000000000060e+00,4.547229999999999883e-01,9.137520000000000087e-01,4.292210000000000192e-01,-1.687415000000000109e+00,2.507099999999999884e-01,1.296276999999999902e+00,1.296276999999999902e+00,3.782179999999999986e-01,2.762109999999999843e-01,-3.613299999999999845e-01,7.097390000000000088e-01,1.487030000000000018e-01,-2.338210000000000011e-01,-7.438540000000000152e-01,-7.438540000000000152e-01,2.762109999999999843e-01,7.862440000000000540e-01,-2.083200000000000052e-01,1.678800999999999988e+00,-1.318149999999999877e-01,-1.993433999999999928e+00,-8.203589999999999494e-01,1.755306000000000033e+00,9.769999999999999518e-02,-3.103259999999999907e-01,7.607420000000000293e-01,-7.693560000000000398e-01,2.061326000000000214e+00,1.168768000000000029e+00,3.527159999999999740e-01,-3.358280000000000154e-01,9.392540000000000333e-01,-4.307000000000000065e-03,-1.151880000000000015e+00,7.352410000000000334e-01,-5.653430000000000399e-01,-1.253886999999999974e+00,6.332339999999999636e-01,4.547229999999999883e-01,-3.868309999999999804e-01,1.347280000000000033e+00,2.119499999999999856e-02,1.742049999999999987e-01,9.137520000000000087e-01,-5.530999999999999805e-02,9.137520000000000087e-01,4.037189999999999945e-01,-3.358280000000000154e-01,-1.126379000000000019e+00,1.143267000000000033e+00,2.507099999999999884e-01,-1.304890000000000105e+00,3.272140000000000049e-01,-9.988700000000000356e-01,8.627489999999999881e-01,1.602295999999999943e+00,5.312280000000000335e-01,-2.338210000000000011e-01,5.822310000000000541e-01,-1.202884000000000064e+00,1.321777999999999897e+00,1.245273000000000074e+00,-9.478670000000000151e-01,-1.202884000000000064e+00,3.527159999999999740e-01,-3.103259999999999907e-01,1.831811000000000078e+00,7.097390000000000088e-01,-2.375958999999999932e+00,-4.633360000000000256e-01,8.372469999999999635e-01,5.822310000000000541e-01,1.653299000000000074e+00,7.607420000000000293e-01,1.487030000000000018e-01,7.219799999999999829e-02,-6.163459999999999495e-01,-7.693560000000000398e-01,1.117764999999999898e+00,-5.143389999999999906e-01,3.782179999999999986e-01,-3.868309999999999804e-01,5.822310000000000541e-01,-5.530999999999999805e-02,1.500289999999999901e+00,-7.948570000000000357e-01,-6.418479999999999741e-01,4.547229999999999883e-01,1.066761999999999988e+00,1.232010000000000050e-01,7.607420000000000293e-01,1.487030000000000018e-01,3.017130000000000090e-01,-1.126379000000000019e+00,-4.123330000000000051e-01,9.902570000000000539e-01,-7.438540000000000152e-01,-2.083200000000000052e-01,1.321777999999999897e+00,3.782179999999999986e-01,-8.081199999999999495e-02,1.232010000000000050e-01,-8.203589999999999494e-01,6.332339999999999636e-01,1.015759000000000079e+00,-2.848249999999999948e-01,2.762109999999999843e-01,-5.908440000000000358e-01,-6.418479999999999741e-01,1.755306000000000033e+00,-2.848249999999999948e-01,-3.613299999999999845e-01,3.017130000000000090e-01,4.547229999999999883e-01,3.527159999999999740e-01,-1.063130000000000047e-01,-5.530999999999999805e-02,3.272140000000000049e-01,1.041260000000000074e+00,-9.478670000000000151e-01,-2.593230000000000257e-01,-1.712916000000000105e+00,1.806308999999999942e+00,1.449286000000000074e+00,-3.103259999999999907e-01,3.017130000000000090e-01,6.332339999999999636e-01,7.097390000000000088e-01,2.507099999999999884e-01,-9.733690000000000397e-01,-7.438540000000000152e-01,-1.063130000000000047e-01,9.392540000000000333e-01,2.762109999999999843e-01,3.527159999999999740e-01,4.292210000000000192e-01,-1.253886999999999974e+00,-1.661912999999999974e+00,4.292210000000000192e-01,9.137520000000000087e-01,1.806308999999999942e+00,-2.980800000000000116e-02,-9.733690000000000397e-01,4.802239999999999842e-01,1.066761999999999988e+00,2.035823999999999856e+00,3.272140000000000049e-01,9.769999999999999518e-02,-5.908440000000000358e-01,-4.123330000000000051e-01,-5.908440000000000358e-01,-2.848249999999999948e-01,-1.828180000000000083e-01,1.347280000000000033e+00,-7.693560000000000398e-01,-1.814923000000000064e+00,1.041260000000000074e+00,2.119499999999999856e-02,-1.049873999999999974e+00,2.800873000000000168e+00,1.729803999999999897e+00,8.882499999999999840e-01,-3.103259999999999907e-01,-8.081199999999999495e-02,-1.253886999999999974e+00,-8.081199999999999495e-02,-2.338210000000000011e-01,-4.307000000000000065e-03,9.137520000000000087e-01,-2.338210000000000011e-01,-3.358280000000000154e-01,2.762109999999999843e-01,2.119499999999999856e-02,1.372781000000000029e+00,-6.928509999999999946e-01,-1.202884000000000064e+00,4.292210000000000192e-01,5.057260000000000089e-01,9.392540000000000333e-01,9.392540000000000333e-01,1.232010000000000050e-01,2.252079999999999915e-01,-4.378349999999999742e-01,-3.613299999999999845e-01,9.902570000000000539e-01,2.119499999999999856e-02,-4.633360000000000256e-01,-5.908440000000000358e-01,3.782179999999999986e-01,5.312280000000000335e-01,9.392540000000000333e-01,-3.358280000000000154e-01,-8.081199999999999495e-02,8.117459999999999676e-01,-1.151880000000000015e+00,-7.438540000000000152e-01,1.066761999999999988e+00,9.137520000000000087e-01,7.097390000000000088e-01,-2.980800000000000116e-02,8.372469999999999635e-01,-7.948570000000000357e-01,1.041260000000000074e+00,-1.432398000000000060e+00,-5.143389999999999906e-01,6.587359999999999882e-01,1.041260000000000074e+00,1.321777999999999897e+00,2.507099999999999884e-01,-3.613299999999999845e-01,-4.378349999999999742e-01,2.507099999999999884e-01,-6.163459999999999495e-01,-9.733690000000000397e-01,8.882499999999999840e-01,-3.613299999999999845e-01,1.168768000000000029e+00,3.017130000000000090e-01,-6.928509999999999946e-01,8.627489999999999881e-01,3.782179999999999986e-01,3.527159999999999740e-01,6.332339999999999636e-01,1.487030000000000018e-01,-9.478670000000000151e-01,-8.081199999999999495e-02,5.312280000000000335e-01,6.077320000000000499e-01,5.312280000000000335e-01,3.017130000000000090e-01,6.332339999999999636e-01,-1.432398000000000060e+00,-2.338210000000000011e-01,3.272140000000000049e-01,-1.828180000000000083e-01,1.232010000000000050e-01,1.857312000000000074e+00,-1.573170000000000124e-01,-4.084567999999999977e+00,8.372469999999999635e-01,2.214335000000000164e+00,1.270774999999999988e+00,1.168768000000000029e+00,7.607420000000000293e-01,9.769999999999999518e-02,2.252079999999999915e-01,9.769999999999999518e-02,-1.100877000000000105e+00,-1.024372000000000060e+00,-4.378349999999999742e-01,7.862440000000000540e-01,-3.358280000000000154e-01,-9.223660000000000192e-01,-1.916929000000000105e+00,1.219772000000000078e+00,1.602295999999999943e+00,1.627798000000000078e+00,6.332339999999999636e-01,9.137520000000000087e-01,-2.338210000000000011e-01,-3.868309999999999804e-01,9.769999999999999518e-02,1.997059999999999946e-01,3.017130000000000090e-01,4.669600000000000140e-02,1.232010000000000050e-01,-6.418479999999999741e-01,-8.081199999999999495e-02,1.219772000000000078e+00,3.782179999999999986e-01,-2.401460000000000150e+00,-1.559906000000000015e+00,6.332339999999999636e-01,-3.358280000000000154e-01,1.997059999999999946e-01,1.627798000000000078e+00,1.143267000000000033e+00,1.347280000000000033e+00,6.332339999999999636e-01,1.296276999999999902e+00,-1.828180000000000083e-01,-6.673489999999999700e-01,-4.888379999999999947e-01,1.742049999999999987e-01,-1.228385000000000060e+00,-2.171946000000000154e+00,6.842369999999999841e-01,1.602295999999999943e+00,-2.848249999999999948e-01,-5.530999999999999805e-02,1.092262999999999984e+00,7.219799999999999829e-02,-4.307000000000000065e-03,1.232010000000000050e-01,1.742049999999999987e-01,6.587359999999999882e-01,-8.081199999999999495e-02,-4.633360000000000256e-01,2.214335000000000164e+00,-1.865925999999999974e+00,-7.438540000000000152e-01,-2.083200000000000052e-01,8.372469999999999635e-01,1.194269999999999943e+00,-5.398410000000000153e-01,1.347280000000000033e+00,2.119499999999999856e-02,-5.398410000000000153e-01,-1.763919000000000015e+00,-5.143389999999999906e-01,2.061326000000000214e+00,1.168768000000000029e+00,3.017130000000000090e-01,-1.891428000000000109e+00,8.882499999999999840e-01,7.607420000000000293e-01,1.398282999999999943e+00,2.762109999999999843e-01,-5.143389999999999906e-01,1.194269999999999943e+00,-5.398410000000000153e-01,-2.848249999999999948e-01,-1.610910000000000064e+00,-1.840424000000000060e+00,8.627489999999999881e-01,-1.828180000000000083e-01,2.341844000000000037e+00,1.423785000000000078e+00,1.232010000000000050e-01,-3.868309999999999804e-01,1.232010000000000050e-01,3.782179999999999986e-01,-2.593230000000000257e-01,9.769999999999999518e-02,6.842369999999999841e-01,1.997059999999999946e-01,-2.146443999999999797e+00,-5.653430000000000399e-01,8.882499999999999840e-01,4.547229999999999883e-01,4.547229999999999883e-01,9.647550000000000292e-01,7.352410000000000334e-01,2.252079999999999915e-01,7.219799999999999829e-02,-2.083200000000000052e-01,7.219799999999999829e-02,6.332339999999999636e-01,3.017130000000000090e-01,1.143267000000000033e+00,-8.968639999999999946e-01,-9.733690000000000397e-01,-8.081199999999999495e-02,1.143267000000000033e+00,3.272140000000000049e-01,6.842369999999999841e-01,-9.988700000000000356e-01,4.292210000000000192e-01,8.627489999999999881e-01,-5.143389999999999906e-01,-4.307000000000000065e-03,1.168768000000000029e+00,5.312280000000000335e-01,-1.318149999999999877e-01,-1.126379000000000019e+00,-4.378349999999999742e-01,5.057260000000000089e-01,-5.908440000000000358e-01,9.137520000000000087e-01,8.882499999999999840e-01,2.762109999999999843e-01,7.219799999999999829e-02,4.802239999999999842e-01,-1.828180000000000083e-01,1.487030000000000018e-01,-3.358280000000000154e-01,-8.968639999999999946e-01,5.312280000000000335e-01,1.487030000000000018e-01,1.997059999999999946e-01,9.769999999999999518e-02,1.653299000000000074e+00,3.017130000000000090e-01,-8.458609999999999740e-01,-2.848249999999999948e-01,-6.928509999999999946e-01,1.296276999999999902e+00,-1.573170000000000124e-01,6.332339999999999636e-01,1.576794999999999947e+00,-6.163459999999999495e-01,-1.049873999999999974e+00,5.312280000000000335e-01,5.057260000000000089e-01,5.057260000000000089e-01,4.669600000000000140e-02,-1.049873999999999974e+00,9.769999999999999518e-02,-5.143389999999999906e-01,4.669600000000000140e-02,8.627489999999999881e-01,1.449286000000000074e+00,5.057260000000000089e-01,3.017130000000000090e-01,-7.183530000000000193e-01,-5.908440000000000358e-01,6.332339999999999636e-01,3.782179999999999986e-01,9.392540000000000333e-01,-3.613299999999999845e-01,-9.478670000000000151e-01,-1.355893000000000015e+00,1.245273000000000074e+00,1.933816999999999897e+00,8.372469999999999635e-01,-1.573170000000000124e-01,-1.916929000000000105e+00,-2.248451000000000199e+00,2.507099999999999884e-01,9.137520000000000087e-01,1.398282999999999943e+00,1.653299000000000074e+00,-1.318149999999999877e-01,-5.653430000000000399e-01,2.762109999999999843e-01,-2.083200000000000052e-01,-8.203589999999999494e-01,8.627489999999999881e-01,1.143267000000000033e+00,5.057260000000000089e-01,3.782179999999999986e-01,-3.103259999999999907e-01,-1.891428000000000109e+00,-2.197446999999999928e+00,8.882499999999999840e-01,1.959319000000000033e+00,1.449286000000000074e+00,-8.713619999999999699e-01,1.321777999999999897e+00,8.627489999999999881e-01,-1.534405000000000019e+00,1.742049999999999987e-01,9.137520000000000087e-01,-2.848249999999999948e-01,-6.673489999999999700e-01,-8.713619999999999699e-01,4.037189999999999945e-01,-6.163459999999999495e-01,6.077320000000000499e-01,1.653299000000000074e+00,-1.318149999999999877e-01,-8.081199999999999495e-02,-1.828180000000000083e-01,2.252079999999999915e-01,1.678800999999999988e+00,-8.713619999999999699e-01,-6.418479999999999741e-01,7.097390000000000088e-01,1.959319000000000033e+00,5.057260000000000089e-01,-1.916929000000000105e+00,3.782179999999999986e-01,2.418347999999999942e+00,-8.081199999999999495e-02,-2.477965000000000195e+00,-1.318149999999999877e-01,3.017130000000000090e-01,-4.307000000000000065e-03,4.292210000000000192e-01,2.252079999999999915e-01,-2.980800000000000116e-02,1.143267000000000033e+00,8.627489999999999881e-01,5.057260000000000089e-01,-5.530999999999999805e-02,9.392540000000000333e-01,4.292210000000000192e-01,-1.304890000000000105e+00,-1.508903000000000105e+00,7.219799999999999829e-02,1.449286000000000074e+00,3.527159999999999740e-01,2.762109999999999843e-01,-7.183530000000000193e-01,1.232010000000000050e-01,-1.573170000000000124e-01,9.392540000000000333e-01,1.245273000000000074e+00,1.487030000000000018e-01,-4.633360000000000256e-01,-8.081199999999999495e-02,7.352410000000000334e-01,-2.146443999999999797e+00,3.272140000000000049e-01,-8.968639999999999946e-01,-2.593230000000000257e-01,1.576794999999999947e+00,1.398282999999999943e+00,-2.083200000000000052e-01,2.762109999999999843e-01,6.332339999999999636e-01,9.769999999999999518e-02,3.017130000000000090e-01,1.232010000000000050e-01,9.769999999999999518e-02,-2.848249999999999948e-01,-1.573170000000000124e-01,5.822310000000000541e-01,-5.653430000000000399e-01,-3.103259999999999907e-01,7.607420000000000293e-01,1.997059999999999946e-01,9.137520000000000087e-01,-4.633360000000000256e-01,1.041260000000000074e+00,-4.888379999999999947e-01,-4.123330000000000051e-01,-8.203589999999999494e-01,4.802239999999999842e-01,8.882499999999999840e-01,2.507099999999999884e-01,3.272140000000000049e-01,1.092262999999999984e+00,-1.828180000000000083e-01,-1.100877000000000105e+00,8.372469999999999635e-01,1.487030000000000018e-01,-5.908440000000000358e-01,-8.203589999999999494e-01,1.347280000000000033e+00,2.112328999999999901e+00,-1.304890000000000105e+00,-1.151880000000000015e+00,-7.438540000000000152e-01,-1.318149999999999877e-01,9.902570000000000539e-01,8.882499999999999840e-01,6.842369999999999841e-01,-1.483402000000000109e+00,1.041260000000000074e+00,6.332339999999999636e-01,7.097390000000000088e-01,4.802239999999999842e-01,-3.358280000000000154e-01,9.769999999999999518e-02,3.017130000000000090e-01,9.769999999999999518e-02,-5.530999999999999805e-02,-1.100877000000000105e+00,-8.081199999999999495e-02,6.332339999999999636e-01,-5.530999999999999805e-02,-5.530999999999999805e-02,4.037189999999999945e-01,4.037189999999999945e-01,1.232010000000000050e-01,7.097390000000000088e-01,-2.338210000000000011e-01,2.119499999999999856e-02,3.017130000000000090e-01,1.500289999999999901e+00,1.551293000000000033e+00,-3.013500000000000068e+00,-2.018936000000000064e+00,1.602295999999999943e+00,1.232010000000000050e-01,7.862440000000000540e-01,3.782179999999999986e-01,8.117459999999999676e-01,7.607420000000000293e-01,9.769999999999999518e-02,3.782179999999999986e-01,1.742049999999999987e-01,-1.573170000000000124e-01,-3.166509000000000018e+00,-1.381394999999999929e+00,7.352410000000000334e-01,9.392540000000000333e-01,1.296276999999999902e+00,1.066761999999999988e+00,7.352410000000000334e-01,1.997059999999999946e-01,1.997059999999999946e-01,1.232010000000000050e-01,-6.163459999999999495e-01,-2.848249999999999948e-01,-4.307000000000000065e-03,-1.828180000000000083e-01,7.097390000000000088e-01,1.015759000000000079e+00,-5.530999999999999805e-02,-1.024372000000000060e+00,-5.398410000000000153e-01,2.119499999999999856e-02,6.077320000000000499e-01,1.449286000000000074e+00,-3.103259999999999907e-01,1.997059999999999946e-01,7.219799999999999829e-02,-1.177381999999999929e+00,2.596859999999999946e+00,-5.908440000000000358e-01,4.037189999999999945e-01,3.782179999999999986e-01,4.547229999999999883e-01,-1.063130000000000047e-01,-1.381394999999999929e+00,3.017130000000000090e-01,4.802239999999999842e-01,9.902570000000000539e-01,-9.478670000000000151e-01,3.272140000000000049e-01,-8.081199999999999495e-02,-8.081199999999999495e-02,4.037189999999999945e-01,1.270774999999999988e+00,-8.713619999999999699e-01,-3.358280000000000154e-01,2.252079999999999915e-01,2.252079999999999915e-01,1.321777999999999897e+00,5.312280000000000335e-01,-5.908440000000000358e-01,4.547229999999999883e-01,4.292210000000000192e-01,-5.143389999999999906e-01,-2.338210000000000011e-01,1.653299000000000074e+00,5.822310000000000541e-01,-4.307000000000000065e-03,-2.248451000000000199e+00,-4.633360000000000256e-01,7.219799999999999829e-02,6.077320000000000499e-01,1.487030000000000018e-01,-8.203589999999999494e-01,-1.063130000000000047e-01,1.525790999999999897e+00,1.831811000000000078e+00,1.487030000000000018e-01,-5.398410000000000153e-01,1.997059999999999946e-01,-2.593230000000000257e-01,1.487030000000000018e-01,2.762109999999999843e-01,7.607420000000000293e-01,-1.253886999999999974e+00,-2.083200000000000052e-01,2.119499999999999856e-02,-1.573170000000000124e-01,1.245273000000000074e+00,3.782179999999999986e-01,-5.398410000000000153e-01,8.372469999999999635e-01,3.017130000000000090e-01,-4.888379999999999947e-01,9.137520000000000087e-01,5.567290000000000294e-01,-7.948570000000000357e-01,7.097390000000000088e-01,-2.083200000000000052e-01,1.015759000000000079e+00,1.780807999999999947e+00,-1.253886999999999974e+00,-2.681977999999999973e+00,4.547229999999999883e-01,-4.307000000000000065e-03,9.647550000000000292e-01,9.137520000000000087e-01,-8.203589999999999494e-01,-7.438540000000000152e-01,8.372469999999999635e-01,6.587359999999999882e-01,1.194269999999999943e+00,3.017130000000000090e-01,6.077320000000000499e-01,2.252079999999999915e-01,-4.888379999999999947e-01,-1.406897000000000064e+00,2.252079999999999915e-01,7.607420000000000293e-01,4.669600000000000140e-02,3.017130000000000090e-01,-5.143389999999999906e-01,1.487030000000000018e-01,3.017130000000000090e-01,5.057260000000000089e-01,4.292210000000000192e-01,-1.318149999999999877e-01,9.769999999999999518e-02,2.507099999999999884e-01,5.057260000000000089e-01,1.882813999999999988e+00,-2.980800000000000116e-02,-3.090003999999999973e+00,3.272140000000000049e-01,-2.980800000000000116e-02,2.762109999999999843e-01,2.902878999999999987e+00,-2.980800000000000116e-02,-5.653430000000000399e-01,1.041260000000000074e+00,-1.828180000000000083e-01,5.312280000000000335e-01,-8.203589999999999494e-01,-2.848249999999999948e-01,-2.593230000000000257e-01,5.822310000000000541e-01,8.882499999999999840e-01,1.487030000000000018e-01,5.312280000000000335e-01,3.782179999999999986e-01,-3.868309999999999804e-01,-2.083200000000000052e-01,2.252079999999999915e-01,2.252079999999999915e-01,-1.318149999999999877e-01,5.822310000000000541e-01,4.037189999999999945e-01,1.232010000000000050e-01,-2.848249999999999948e-01,6.587359999999999882e-01,-7.438540000000000152e-01,-1.228385000000000060e+00,1.347280000000000033e+00,5.312280000000000335e-01,3.272140000000000049e-01,-3.613299999999999845e-01,3.272140000000000049e-01,1.270774999999999988e+00,4.669600000000000140e-02,1.742049999999999987e-01,-2.338210000000000011e-01,-4.307000000000000065e-03,4.547229999999999883e-01,7.352410000000000334e-01,7.352410000000000334e-01,5.312280000000000335e-01,-1.049873999999999974e+00,-1.789420999999999928e+00,-5.653430000000000399e-01,1.117764999999999898e+00,1.194269999999999943e+00,-8.081199999999999495e-02,1.602295999999999943e+00,5.567290000000000294e-01,-4.123330000000000051e-01,-3.103259999999999907e-01,6.587359999999999882e-01,4.292210000000000192e-01,-8.713619999999999699e-01,1.997059999999999946e-01,3.272140000000000049e-01,9.137520000000000087e-01,4.547229999999999883e-01,-1.559906000000000015e+00,-4.307000000000000065e-03,1.500289999999999901e+00,1.576794999999999947e+00,4.547229999999999883e-01,-1.916929000000000105e+00,-8.081199999999999495e-02,1.487030000000000018e-01,-8.081199999999999495e-02,1.092262999999999984e+00,1.500289999999999901e+00,8.627489999999999881e-01,5.567290000000000294e-01,-3.090003999999999973e+00,-2.848249999999999948e-01,6.842369999999999841e-01,1.168768000000000029e+00,1.092262999999999984e+00,2.762109999999999843e-01,-6.673489999999999700e-01,-2.579972000000000154e+00,4.292210000000000192e-01,2.188833999999999946e+00,4.547229999999999883e-01,2.119499999999999856e-02,-1.063130000000000047e-01,-1.573170000000000124e-01,-5.530999999999999805e-02,6.077320000000000499e-01,4.292210000000000192e-01,8.117459999999999676e-01,-4.633360000000000256e-01,-1.585407999999999928e+00,3.527159999999999740e-01,8.117459999999999676e-01,1.653299000000000074e+00,-5.143389999999999906e-01,3.017130000000000090e-01,-4.123330000000000051e-01,8.372469999999999635e-01,1.742049999999999987e-01,5.567290000000000294e-01,1.474787999999999988e+00,-1.828180000000000083e-01,-1.828180000000000083e-01,5.822310000000000541e-01,-7.183530000000000193e-01,-2.593230000000000257e-01,-8.968639999999999946e-01,7.352410000000000334e-01,-1.279387999999999970e+00,8.117459999999999676e-01,7.607420000000000293e-01,2.762109999999999843e-01,2.507099999999999884e-01,9.392540000000000333e-01,7.862440000000000540e-01,4.292210000000000192e-01,-2.083200000000000052e-01,-1.355893000000000015e+00,-2.848249999999999948e-01,6.332339999999999636e-01,6.077320000000000499e-01,4.547229999999999883e-01,3.017130000000000090e-01,-5.530999999999999805e-02,-1.024372000000000060e+00,2.762109999999999843e-01,9.137520000000000087e-01,4.292210000000000192e-01,-7.948570000000000357e-01,-4.378349999999999742e-01,1.678800999999999988e+00,-7.693560000000000398e-01,8.627489999999999881e-01,7.352410000000000334e-01,2.252079999999999915e-01,1.321777999999999897e+00,-1.279387999999999970e+00,-1.916929000000000105e+00,-1.573170000000000124e-01,8.372469999999999635e-01,1.092262999999999984e+00,1.143267000000000033e+00,3.527159999999999740e-01,1.997059999999999946e-01,-1.177381999999999929e+00,-1.457899999999999974e+00,6.077320000000000499e-01,4.292210000000000192e-01,1.729803999999999897e+00,2.035823999999999856e+00,-1.177381999999999929e+00,-2.044436999999999838e+00,4.802239999999999842e-01,7.862440000000000540e-01,-6.418479999999999741e-01,-1.573170000000000124e-01,8.627489999999999881e-01,6.077320000000000499e-01,1.997059999999999946e-01,1.015759000000000079e+00,7.607420000000000293e-01,-6.163459999999999495e-01,-7.438540000000000152e-01,-7.693560000000000398e-01,6.587359999999999882e-01,7.352410000000000334e-01,-1.228385000000000060e+00,5.822310000000000541e-01,9.137520000000000087e-01,6.332339999999999636e-01,-2.338210000000000011e-01,2.507099999999999884e-01,-5.530999999999999805e-02,2.507099999999999884e-01,-3.613299999999999845e-01,4.669600000000000140e-02,5.057260000000000089e-01,-8.968639999999999946e-01,-4.888379999999999947e-01,7.352410000000000334e-01,2.188833999999999946e+00,7.219799999999999829e-02,-3.498031000000000112e+00,8.372469999999999635e-01,1.780807999999999947e+00,-4.378349999999999742e-01,3.782179999999999986e-01,1.092262999999999984e+00,4.547229999999999883e-01,-4.307000000000000065e-03,-5.398410000000000153e-01,6.842369999999999841e-01,2.252079999999999915e-01,-6.928509999999999946e-01,-3.868309999999999804e-01,-8.713619999999999699e-01,9.902570000000000539e-01,1.041260000000000074e+00,-1.457899999999999974e+00,4.669600000000000140e-02,8.882499999999999840e-01,1.653299000000000074e+00,8.372469999999999635e-01,-4.307000000000000065e-03,-4.633360000000000256e-01,-4.888379999999999947e-01,-4.633360000000000256e-01,7.352410000000000334e-01,4.802239999999999842e-01,-3.358280000000000154e-01,3.527159999999999740e-01,-3.868309999999999804e-01,-2.083200000000000052e-01,2.252079999999999915e-01,7.607420000000000293e-01,5.312280000000000335e-01,-8.081199999999999495e-02,5.312280000000000335e-01,5.312280000000000335e-01,-1.406897000000000064e+00,-1.318149999999999877e-01,3.527159999999999740e-01,7.352410000000000334e-01,6.842369999999999841e-01,-2.083200000000000052e-01,-8.081199999999999495e-02,4.292210000000000192e-01,4.669600000000000140e-02,-3.868309999999999804e-01,1.321777999999999897e+00,6.077320000000000499e-01,3.272140000000000049e-01,-3.868309999999999804e-01,-1.318149999999999877e-01,-7.693560000000000398e-01,5.822310000000000541e-01,-1.828180000000000083e-01,-1.063130000000000047e-01,1.194269999999999943e+00,5.822310000000000541e-01,-1.828180000000000083e-01,-1.304890000000000105e+00,6.842369999999999841e-01,1.321777999999999897e+00,6.842369999999999841e-01,-1.355893000000000015e+00,-1.063130000000000047e-01,8.882499999999999840e-01,-1.100877000000000105e+00,9.392540000000000333e-01,1.143267000000000033e+00,6.077320000000000499e-01,4.292210000000000192e-01,1.742049999999999987e-01,-5.908440000000000358e-01,-4.123330000000000051e-01,4.802239999999999842e-01,4.292210000000000192e-01,-4.888379999999999947e-01,5.822310000000000541e-01,-5.530999999999999805e-02,1.066761999999999988e+00,-1.318149999999999877e-01,-2.324955000000000105e+00,-2.083200000000000052e-01,8.627489999999999881e-01,7.607420000000000293e-01,6.332339999999999636e-01,1.398282999999999943e+00,1.117764999999999898e+00,-5.143389999999999906e-01,-9.733690000000000397e-01,-4.888379999999999947e-01,2.252079999999999915e-01,6.332339999999999636e-01,4.037189999999999945e-01,-3.358280000000000154e-01,6.842369999999999841e-01,2.119499999999999856e-02,1.742049999999999987e-01,-1.202884000000000064e+00,5.057260000000000089e-01,7.097390000000000088e-01,-3.358280000000000154e-01,4.292210000000000192e-01,4.292210000000000192e-01,-2.146443999999999797e+00,5.312280000000000335e-01,2.112328999999999901e+00,3.527159999999999740e-01,5.822310000000000541e-01,2.119499999999999856e-02,6.842369999999999841e-01,7.862440000000000540e-01,-1.573170000000000124e-01,-1.687415000000000109e+00,-1.828180000000000083e-01,-2.848249999999999948e-01,8.117459999999999676e-01,3.272140000000000049e-01,4.669600000000000140e-02,2.119499999999999856e-02,5.567290000000000294e-01,2.252079999999999915e-01,1.997059999999999946e-01,1.487030000000000018e-01,5.312280000000000335e-01,1.487030000000000018e-01,-1.063130000000000047e-01,-2.338210000000000011e-01,7.607420000000000293e-01,3.527159999999999740e-01,-1.916929000000000105e+00,-5.530999999999999805e-02,3.272140000000000049e-01,1.092262999999999984e+00,5.567290000000000294e-01,7.862440000000000540e-01,7.607420000000000293e-01,2.119499999999999856e-02,-1.279387999999999970e+00,8.882499999999999840e-01,1.742049999999999987e-01,2.762109999999999843e-01,-4.888379999999999947e-01,-8.713619999999999699e-01,3.272140000000000049e-01,1.347280000000000033e+00,-8.081199999999999495e-02,-1.636411000000000060e+00,4.669600000000000140e-02,9.647550000000000292e-01,7.352410000000000334e-01,5.057260000000000089e-01,1.742049999999999987e-01,2.762109999999999843e-01,2.252079999999999915e-01,5.567290000000000294e-01,-3.358280000000000154e-01,-1.049873999999999974e+00,-6.673489999999999700e-01,5.312280000000000335e-01,1.066761999999999988e+00,5.822310000000000541e-01,-1.063130000000000047e-01,1.487030000000000018e-01,2.762109999999999843e-01,-4.123330000000000051e-01,-8.081199999999999495e-02,1.194269999999999943e+00,-2.083200000000000052e-01,9.769999999999999518e-02,1.168768000000000029e+00,1.500289999999999901e+00,-6.673489999999999700e-01,-2.783984999999999932e+00,4.292210000000000192e-01,-9.988700000000000356e-01,-3.103259999999999907e-01,1.168768000000000029e+00,1.500289999999999901e+00,1.627798000000000078e+00,9.392540000000000333e-01,1.487030000000000018e-01,-2.980800000000000116e-02,-3.613299999999999845e-01,-8.203589999999999494e-01,-6.163459999999999495e-01,1.487030000000000018e-01,3.527159999999999740e-01,-3.358280000000000154e-01,1.232010000000000050e-01,-1.318149999999999877e-01,7.352410000000000334e-01,-2.848249999999999948e-01,1.487030000000000018e-01,1.015759000000000079e+00,1.997059999999999946e-01,-1.100877000000000105e+00,6.077320000000000499e-01,1.092262999999999984e+00,-2.083200000000000052e-01,-4.633360000000000256e-01,7.607420000000000293e-01,-2.338210000000000011e-01,-8.081199999999999495e-02,9.769999999999999518e-02,4.802239999999999842e-01,-5.530999999999999805e-02,5.057260000000000089e-01,1.500289999999999901e+00,2.252079999999999915e-01,-1.100877000000000105e+00,-4.633360000000000256e-01,-4.888379999999999947e-01,-1.063130000000000047e-01,4.292210000000000192e-01,5.567290000000000294e-01,-8.968639999999999946e-01,5.567290000000000294e-01,3.272140000000000049e-01,-2.848249999999999948e-01,5.567290000000000294e-01,2.507099999999999884e-01,6.842369999999999841e-01,1.015759000000000079e+00,1.041260000000000074e+00,-3.358280000000000154e-01,-8.203589999999999494e-01,-4.307000000000000065e-03,-9.988700000000000356e-01,1.143267000000000033e+00,-8.081199999999999495e-02,-6.418479999999999741e-01,7.352410000000000334e-01,2.061326000000000214e+00,-1.063130000000000047e-01,-1.024372000000000060e+00,-2.980800000000000116e-02,2.507099999999999884e-01,-9.223660000000000192e-01,2.507099999999999884e-01,1.347280000000000033e+00,4.669600000000000140e-02,-1.075374999999999970e+00,3.782179999999999986e-01,7.097390000000000088e-01,7.862440000000000540e-01,-5.530999999999999805e-02,2.762109999999999843e-01,2.252079999999999915e-01,-5.398410000000000153e-01,4.292210000000000192e-01,2.119499999999999856e-02,-5.530999999999999805e-02,4.802239999999999842e-01,-4.888379999999999947e-01,3.272140000000000049e-01,4.802239999999999842e-01,1.232010000000000050e-01,1.372781000000000029e+00,1.245273000000000074e+00,-1.253886999999999974e+00,-2.171946000000000154e+00,4.802239999999999842e-01,5.057260000000000089e-01,2.137830000000000119e+00,3.527159999999999740e-01,-1.049873999999999974e+00,-4.123330000000000051e-01,2.119499999999999856e-02,1.041260000000000074e+00,1.602295999999999943e+00,-1.355893000000000015e+00,-6.673489999999999700e-01,3.272140000000000049e-01,5.312280000000000335e-01,-5.530999999999999805e-02,3.272140000000000049e-01,-3.358280000000000154e-01,5.057260000000000089e-01,9.392540000000000333e-01,8.372469999999999635e-01,-3.613299999999999845e-01,-7.438540000000000152e-01,-4.888379999999999947e-01,-6.928509999999999946e-01,7.352410000000000334e-01,9.902570000000000539e-01,5.312280000000000335e-01,2.252079999999999915e-01,1.143267000000000033e+00,7.097390000000000088e-01,-5.908440000000000358e-01,-1.228385000000000060e+00,-3.868309999999999804e-01,7.352410000000000334e-01,1.232010000000000050e-01,-8.081199999999999495e-02,-1.318149999999999877e-01,6.077320000000000499e-01,7.862440000000000540e-01,4.802239999999999842e-01,-6.928509999999999946e-01,1.997059999999999946e-01,-8.081199999999999495e-02,4.547229999999999883e-01,2.252079999999999915e-01,3.017130000000000090e-01,5.057260000000000089e-01,1.487030000000000018e-01,2.507099999999999884e-01,-1.559906000000000015e+00,-3.103259999999999907e-01,5.312280000000000335e-01,1.474787999999999988e+00,-9.478670000000000151e-01,-8.081199999999999495e-02,5.057260000000000089e-01,6.842369999999999841e-01,8.372469999999999635e-01,-4.633360000000000256e-01,3.272140000000000049e-01,3.017130000000000090e-01,7.219799999999999829e-02,4.669600000000000140e-02,-1.100877000000000105e+00,-6.928509999999999946e-01,-5.653430000000000399e-01,7.352410000000000334e-01,1.041260000000000074e+00,1.857312000000000074e+00,2.252079999999999915e-01,-1.318149999999999877e-01,-5.530999999999999805e-02,5.057260000000000089e-01,-2.338210000000000011e-01,-7.438540000000000152e-01,2.507099999999999884e-01,2.762109999999999843e-01,5.312280000000000335e-01,4.037189999999999945e-01,-1.100877000000000105e+00,4.037189999999999945e-01,7.097390000000000088e-01,3.272140000000000049e-01,3.782179999999999986e-01,3.782179999999999986e-01,-5.398410000000000153e-01,-1.100877000000000105e+00,7.219799999999999829e-02,3.017130000000000090e-01,1.066761999999999988e+00,8.372469999999999635e-01,-1.024372000000000060e+00,5.312280000000000335e-01,-2.980800000000000116e-02,8.882499999999999840e-01,6.587359999999999882e-01,-7.948570000000000357e-01,-1.636411000000000060e+00,3.017130000000000090e-01,1.066761999999999988e+00,2.762109999999999843e-01,3.782179999999999986e-01,7.607420000000000293e-01,5.567290000000000294e-01,-5.143389999999999906e-01,-8.081199999999999495e-02,9.769999999999999518e-02,2.119499999999999856e-02,2.762109999999999843e-01,5.312280000000000335e-01,4.037189999999999945e-01,-7.948570000000000357e-01,-1.202884000000000064e+00,4.292210000000000192e-01,5.822310000000000541e-01,4.292210000000000192e-01,1.449286000000000074e+00,1.168768000000000029e+00,-1.228385000000000060e+00,-2.095441000000000109e+00,6.842369999999999841e-01,1.755306000000000033e+00,6.587359999999999882e-01,-5.143389999999999906e-01,-1.573170000000000124e-01,7.097390000000000088e-01,4.037189999999999945e-01,7.352410000000000334e-01,9.137520000000000087e-01,-4.633360000000000256e-01,7.219799999999999829e-02,-4.888379999999999947e-01,-2.848249999999999948e-01,-1.063130000000000047e-01,-7.438540000000000152e-01,-1.063130000000000047e-01,6.587359999999999882e-01,9.902570000000000539e-01,4.802239999999999842e-01,6.587359999999999882e-01,1.296276999999999902e+00,1.143267000000000033e+00,-9.988700000000000356e-01,-8.081199999999999495e-02,-1.063130000000000047e-01,4.037189999999999945e-01,7.219799999999999829e-02,4.802239999999999842e-01,-3.613299999999999845e-01,-7.948570000000000357e-01,3.782179999999999986e-01,1.194269999999999943e+00,-4.633360000000000256e-01,-1.828180000000000083e-01,8.882499999999999840e-01,2.762109999999999843e-01,7.219799999999999829e-02,-5.908440000000000358e-01,5.312280000000000335e-01,1.041260000000000074e+00,4.037189999999999945e-01,-5.143389999999999906e-01,-1.687415000000000109e+00,-8.968639999999999946e-01,3.017130000000000090e-01,1.092262999999999984e+00,1.041260000000000074e+00,7.862440000000000540e-01,1.653299000000000074e+00,1.092262999999999984e+00,-1.483402000000000109e+00,-9.223660000000000192e-01,1.487030000000000018e-01,-3.358280000000000154e-01,-3.103259999999999907e-01,3.017130000000000090e-01,9.137520000000000087e-01,8.627489999999999881e-01,3.527159999999999740e-01,6.077320000000000499e-01,-5.653430000000000399e-01,-6.673489999999999700e-01,-3.868309999999999804e-01,-1.202884000000000064e+00,1.143267000000000033e+00,-2.593230000000000257e-01,9.137520000000000087e-01,1.321777999999999897e+00,1.576794999999999947e+00,4.292210000000000192e-01,-3.613299999999999845e-01,-1.573170000000000124e-01,3.272140000000000049e-01,-7.948570000000000357e-01,-7.183530000000000193e-01,-2.593230000000000257e-01,6.332339999999999636e-01,-1.063130000000000047e-01,-4.123330000000000051e-01,6.587359999999999882e-01,6.842369999999999841e-01,1.117764999999999898e+00,-1.177381999999999929e+00,-3.613299999999999845e-01,8.627489999999999881e-01,6.587359999999999882e-01,6.587359999999999882e-01,2.252079999999999915e-01,-8.081199999999999495e-02,6.332339999999999636e-01,2.119499999999999856e-02,-1.024372000000000060e+00,3.527159999999999740e-01,-1.318149999999999877e-01,-3.868309999999999804e-01,1.487030000000000018e-01,8.117459999999999676e-01,3.782179999999999986e-01,1.168768000000000029e+00,8.882499999999999840e-01,-1.993433999999999928e+00,-3.868309999999999804e-01,1.678800999999999988e+00,-2.885991000000000195e+00,-2.375958999999999932e+00,1.678800999999999988e+00,1.831811000000000078e+00,1.449286000000000074e+00,3.017130000000000090e-01,9.137520000000000087e-01,4.547229999999999883e-01,2.507099999999999884e-01,2.762109999999999843e-01,-7.948570000000000357e-01,-1.151880000000000015e+00,-2.848249999999999948e-01,6.077320000000000499e-01,9.769999999999999518e-02,-8.081199999999999495e-02,6.332339999999999636e-01,7.607420000000000293e-01,-7.183530000000000193e-01,-8.203589999999999494e-01,1.041260000000000074e+00,8.117459999999999676e-01,-8.081199999999999495e-02,-4.633360000000000256e-01,1.232010000000000050e-01,1.372781000000000029e+00,5.312280000000000335e-01,3.272140000000000049e-01,-2.593230000000000257e-01,-4.307000000000000065e-03,-3.613299999999999845e-01,4.547229999999999883e-01,1.997059999999999946e-01,-1.318149999999999877e-01,1.474787999999999988e+00,-8.081199999999999495e-02,-1.253886999999999974e+00,-3.358280000000000154e-01,3.017130000000000090e-01,5.312280000000000335e-01,8.372469999999999635e-01,-2.528967999999999883e+00,1.232010000000000050e-01,3.527159999999999740e-01,9.902570000000000539e-01,1.576794999999999947e+00,4.292210000000000192e-01,5.312280000000000335e-01,6.332339999999999636e-01,9.769999999999999518e-02,-4.378349999999999742e-01,-1.318149999999999877e-01,-4.633360000000000256e-01,-5.908440000000000358e-01,2.762109999999999843e-01,1.232010000000000050e-01,5.567290000000000294e-01,2.762109999999999843e-01,-1.202884000000000064e+00,8.117459999999999676e-01,1.194269999999999943e+00,4.547229999999999883e-01,-3.613299999999999845e-01,-4.888379999999999947e-01,3.272140000000000049e-01,8.627489999999999881e-01,-8.081199999999999495e-02,-4.123330000000000051e-01,9.137520000000000087e-01,-3.358280000000000154e-01,-3.358280000000000154e-01,-2.848249999999999948e-01,2.762109999999999843e-01,7.862440000000000540e-01,3.782179999999999986e-01,5.057260000000000089e-01,5.822310000000000541e-01,-8.081199999999999495e-02,-1.330392000000000019e+00,-1.828180000000000083e-01,-8.081199999999999495e-02,1.321777999999999897e+00,3.017130000000000090e-01,-1.049873999999999974e+00,-4.123330000000000051e-01,9.137520000000000087e-01,1.602295999999999943e+00,-2.848249999999999948e-01,2.119499999999999856e-02,7.219799999999999829e-02,2.762109999999999843e-01,1.194269999999999943e+00,2.119499999999999856e-02,-1.330392000000000019e+00,7.219799999999999829e-02,6.332339999999999636e-01,9.392540000000000333e-01,7.219799999999999829e-02,-3.982562000000000157e+00,3.272140000000000049e-01,1.219772000000000078e+00,1.678800999999999988e+00,2.762109999999999843e-01,4.292210000000000192e-01,-5.143389999999999906e-01,-5.143389999999999906e-01,8.372469999999999635e-01,7.352410000000000334e-01,1.168768000000000029e+00,1.232010000000000050e-01,-6.673489999999999700e-01,-2.848249999999999948e-01,-6.418479999999999741e-01,2.762109999999999843e-01,7.219799999999999829e-02,4.669600000000000140e-02,1.092262999999999984e+00,7.352410000000000334e-01,6.332339999999999636e-01,-9.223660000000000192e-01,-3.345021000000000022e+00,-4.307000000000000065e-03,1.092262999999999984e+00,1.270774999999999988e+00,1.602295999999999943e+00,1.245273000000000074e+00,1.245273000000000074e+00,1.487030000000000018e-01,-1.432398000000000060e+00,-4.888379999999999947e-01,4.802239999999999842e-01,-2.338210000000000011e-01,-1.126379000000000019e+00,1.487030000000000018e-01,1.015759000000000079e+00,1.372781000000000029e+00,-1.330392000000000019e+00,-3.358280000000000154e-01,-1.063130000000000047e-01,3.527159999999999740e-01,1.041260000000000074e+00,8.372469999999999635e-01,6.077320000000000499e-01,-4.378349999999999742e-01,-9.223660000000000192e-01,8.117459999999999676e-01,7.097390000000000088e-01,-1.126379000000000019e+00,-2.848249999999999948e-01,5.312280000000000335e-01,6.587359999999999882e-01,7.097390000000000088e-01,2.252079999999999915e-01,1.627798000000000078e+00,4.292210000000000192e-01,-2.758483000000000018e+00,-1.177381999999999929e+00,3.782179999999999986e-01,1.627798000000000078e+00,8.372469999999999635e-01,6.842369999999999841e-01,-1.828180000000000083e-01,9.902570000000000539e-01,-2.083200000000000052e-01,-7.948570000000000357e-01,-6.673489999999999700e-01,4.547229999999999883e-01,3.017130000000000090e-01,-3.358280000000000154e-01,-8.203589999999999494e-01,1.831811000000000078e+00,1.245273000000000074e+00,-5.908440000000000358e-01,7.219799999999999829e-02,-2.980800000000000116e-02,7.219799999999999829e-02,1.092262999999999984e+00,5.567290000000000294e-01,-8.081199999999999495e-02,-1.573170000000000124e-01,-2.848249999999999948e-01,1.232010000000000050e-01,7.862440000000000540e-01,-7.183530000000000193e-01,4.037189999999999945e-01,-2.848249999999999948e-01,5.312280000000000335e-01,7.219799999999999829e-02,1.041260000000000074e+00,-1.406897000000000064e+00,-6.418479999999999741e-01,4.037189999999999945e-01,1.653299000000000074e+00,1.755306000000000033e+00,7.352410000000000334e-01,-2.375958999999999932e+00,1.997059999999999946e-01,5.057260000000000089e-01,-6.163459999999999495e-01,2.252079999999999915e-01,1.449286000000000074e+00,3.527159999999999740e-01,-7.693560000000000398e-01,-5.908440000000000358e-01,1.066761999999999988e+00,1.015759000000000079e+00,-5.908440000000000358e-01,-5.530999999999999805e-02,2.252079999999999915e-01,4.669600000000000140e-02,-2.593230000000000257e-01,-5.530999999999999805e-02,-5.908440000000000358e-01,-2.848249999999999948e-01,4.292210000000000192e-01,1.245273000000000074e+00,8.882499999999999840e-01,7.862440000000000540e-01,1.398282999999999943e+00,-2.848249999999999948e-01,-3.192010999999999932e+00,-4.378349999999999742e-01,2.061326000000000214e+00,4.547229999999999883e-01,-2.171946000000000154e+00,2.762109999999999843e-01,1.500289999999999901e+00,5.057260000000000089e-01,1.997059999999999946e-01,-3.613299999999999845e-01,-2.083200000000000052e-01,7.607420000000000293e-01,-2.980800000000000116e-02,6.077320000000000499e-01,2.119499999999999856e-02,8.882499999999999840e-01,-7.693560000000000398e-01,-2.044436999999999838e+00,1.270774999999999988e+00,1.372781000000000029e+00,-2.375958999999999932e+00,1.742049999999999987e-01,1.219772000000000078e+00,8.627489999999999881e-01,1.398282999999999943e+00,4.037189999999999945e-01,-3.613299999999999845e-01,-2.338210000000000011e-01,-1.063130000000000047e-01,-8.968639999999999946e-01,3.272140000000000049e-01,3.782179999999999986e-01
9.769999999999999518e-02,3.017130000000000090e-01,1.742049999999999987e-01,2.119499999999999856e-02,7.219799999999999829e-02,3.272140000000000049e-01,3.782179999999999986e-01,9.769999999999999518e-02,1.232010000000000050e-01,1.232010000000000050e-01,1.742049999999999987e-01,1.487030000000000018e-01,3.017130000000000090e-01,2.252079999999999915e-01,7.219799999999999829e-02,2.119499999999999856e-02,9.769999999999999518e-02,7.219799999999999829e-02,2.252079999999999915e-01,2.762109999999999843e-01,2.762109999999999843e-01,2.252079999999999915e-01,9.769999999999999518e-02,7.219799999999999829e-02,2.119499999999999856e-02,4.669600000000000140e-02,-4.307000000000000065e-03,1.997059999999999946e-01,3.782179999999999986e-01,3.272140000000000049e-01,1.742049999999999987e-01,-2.980800000000000116e-02,2.119499999999999856e-02,9.769999999999999518e-02,1.487030000000000018e-01,1.742049999999999987e-01,2.252079999999999915e-01,1.232010000000000050e-01,9.769999999999999518e-02,1.997059999999999946e-01,2.252079999999999915e-01,2.252079999999999915e-01,1.232010000000000050e-01,1.487030000000000018e-01,7.219799999999999829e-02,1.742049999999999987e-01,-8.081199999999999495e-02,1.487030000000000018e-01,9.769999999999999518e-02,1.997059999999999946e-01,9.769999999999999518e-02,4.669600000000000140e-02,1.232010000000000050e-01,4.669600000000000140e-02,4.669600000000000140e-02,3.272140000000000049e-01,4.802239999999999842e-01,2.507099999999999884e-01,1.487030000000000018e-01,1.997059999999999946e-01,1.742049999999999987e-01,1.232010000000000050e-01,9.769999999999999518e-02,2.119499999999999856e-02,9.769999999999999518e-02,2.252079999999999915e-01,9.769999999999999518e-02,2.119499999999999856e-02,9.769999999999999518e-02,2.507099999999999884e-01,2.507099999999999884e-01,2.762109999999999843e-01,2.119499999999999856e-02,-1.318149999999999877e-01,-8.081199999999999495e-02,2.119499999999999856e-02,4.669600000000000140e-02,4.669600000000000140e-02,3.017130000000000090e-01,4.292210000000000192e-01,3.527159999999999740e-01,2.252079999999999915e-01,9.769999999999999518e-02,4.669600000000000140e-02,7.219799999999999829e-02,2.119499999999999856e-02,-1.318149999999999877e-01,-2.338210000000000011e-01,-5.530999999999999805e-02,2.119499999999999856e-02,1.742049999999999987e-01,1.997059999999999946e-01,1.742049999999999987e-01,1.232010000000000050e-01,4.669600000000000140e-02,1.232010000000000050e-01,1.232010000000000050e-01,1.487030000000000018e-01,3.272140000000000049e-01,4.547229999999999883e-01,2.507099999999999884e-01,-1.828180000000000083e-01,-4.307000000000000065e-03,-4.307000000000000065e-03,7.219799999999999829e-02,4.669600000000000140e-02,-4.307000000000000065e-03,2.507099999999999884e-01,2.507099999999999884e-01,2.762109999999999843e-01,5.567290000000000294e-01,-1.828180000000000083e-01,-2.980800000000000116e-02,-1.573170000000000124e-01,2.507099999999999884e-01,4.037189999999999945e-01,4.547229999999999883e-01,9.769999999999999518e-02,-4.307000000000000065e-03,-1.828180000000000083e-01,4.037189999999999945e-01,5.312280000000000335e-01,3.017130000000000090e-01,-8.081199999999999495e-02,-1.063130000000000047e-01,-4.123330000000000051e-01,-1.828180000000000083e-01,-3.103259999999999907e-01,8.627489999999999881e-01,4.547229999999999883e-01,3.017130000000000090e-01,3.782179999999999986e-01,9.769999999999999518e-02,-8.713619999999999699e-01,-9.733690000000000397e-01,4.802239999999999842e-01,7.097390000000000088e-01,7.862440000000000540e-01,4.292210000000000192e-01,4.037189999999999945e-01,1.487030000000000018e-01,-8.458609999999999740e-01,-2.848249999999999948e-01,9.902570000000000539e-01,8.372469999999999635e-01,-2.848249999999999948e-01,-2.044436999999999838e+00,-3.358280000000000154e-01,1.959319000000000033e+00,1.678800999999999988e+00,5.057260000000000089e-01,3.017130000000000090e-01,-8.203589999999999494e-01,-1.610910000000000064e+00,4.037189999999999945e-01,8.882499999999999840e-01,2.762109999999999843e-01,-1.100877000000000105e+00,-3.103259999999999907e-01,1.742049999999999987e-01,1.245273000000000074e+00,8.117459999999999676e-01,1.092262999999999984e+00,7.219799999999999829e-02,-4.123330000000000051e-01,-5.530999999999999805e-02,-8.968639999999999946e-01,1.232010000000000050e-01,4.037189999999999945e-01,7.607420000000000293e-01,1.997059999999999946e-01,-5.908440000000000358e-01,1.487030000000000018e-01,5.312280000000000335e-01,4.547229999999999883e-01,9.769999999999999518e-02,2.119499999999999856e-02,-5.653430000000000399e-01,3.017130000000000090e-01,7.352410000000000334e-01,-1.063130000000000047e-01,-2.338210000000000011e-01,3.017130000000000090e-01,7.352410000000000334e-01,3.017130000000000090e-01,-1.100877000000000105e+00,5.567290000000000294e-01,9.647550000000000292e-01,-2.848249999999999948e-01,2.762109999999999843e-01,1.041260000000000074e+00,-1.202884000000000064e+00,-1.573170000000000124e-01,1.755306000000000033e+00,-4.633360000000000256e-01,-1.075374999999999970e+00,-2.980800000000000116e-02,1.755306000000000033e+00,1.219772000000000078e+00,-7.438540000000000152e-01,-3.868309999999999804e-01,1.602295999999999943e+00,-4.633360000000000256e-01,-1.253886999999999974e+00,4.292210000000000192e-01,7.352410000000000334e-01,-6.418479999999999741e-01,2.252079999999999915e-01,6.332339999999999636e-01,2.507099999999999884e-01,2.762109999999999843e-01,4.292210000000000192e-01,-2.375958999999999932e+00,-1.916929000000000105e+00,1.959319000000000033e+00,1.831811000000000078e+00,3.017130000000000090e-01,3.591423999999999950e+00,1.168768000000000029e+00,-5.410652999999999935e+00,-3.753047000000000022e+00,1.500289999999999901e+00,1.780807999999999947e+00,1.423785000000000078e+00,9.902570000000000539e-01,6.077320000000000499e-01,-4.307000000000000065e-03,9.392540000000000333e-01,4.802239999999999842e-01,-2.350457000000000019e+00,-4.378349999999999742e-01,7.352410000000000334e-01,-2.980800000000000116e-02,5.312280000000000335e-01,2.252079999999999915e-01,-1.100877000000000105e+00,1.232010000000000050e-01,1.449286000000000074e+00,1.092262999999999984e+00,3.017130000000000090e-01,-8.968639999999999946e-01,2.507099999999999884e-01,-7.438540000000000152e-01,1.551293000000000033e+00,1.219772000000000078e+00,-1.916929000000000105e+00,-1.406897000000000064e+00,1.653299000000000074e+00,7.352410000000000334e-01,-2.083200000000000052e-01,4.669600000000000140e-02,1.347280000000000033e+00,4.292210000000000192e-01,4.802239999999999842e-01,-8.968639999999999946e-01,-1.024372000000000060e+00,-1.559906000000000015e+00,-2.593230000000000257e-01,1.704302999999999901e+00,1.219772000000000078e+00,7.607420000000000293e-01,1.143267000000000033e+00,4.547229999999999883e-01,-7.948570000000000357e-01,5.312280000000000335e-01,-8.081199999999999495e-02,-1.534405000000000019e+00,-2.848249999999999948e-01,7.097390000000000088e-01,-2.980800000000000116e-02,-4.307000000000000065e-03,1.194269999999999943e+00,7.352410000000000334e-01,3.527159999999999740e-01,-2.401460000000000150e+00,-1.355893000000000015e+00,7.097390000000000088e-01,2.507099999999999884e-01,1.908315999999999901e+00,2.673364999999999991e+00,4.802239999999999842e-01,-1.967932999999999932e+00,1.372781000000000029e+00,1.245273000000000074e+00,3.272140000000000049e-01,-1.840424000000000060e+00,-3.294017000000000195e+00,4.037189999999999945e-01,1.653299000000000074e+00,9.647550000000000292e-01,6.332339999999999636e-01,1.997059999999999946e-01,2.252079999999999915e-01,1.015759000000000079e+00,-6.163459999999999495e-01,-1.610910000000000064e+00,1.066761999999999988e+00,7.607420000000000293e-01,-8.458609999999999740e-01,-1.253886999999999974e+00,5.057260000000000089e-01,2.596859999999999946e+00,1.755306000000000033e+00,4.037189999999999945e-01,-1.585407999999999928e+00,-3.523531999999999886e+00,1.168768000000000029e+00,1.780807999999999947e+00,1.678800999999999988e+00,8.117459999999999676e-01,8.627489999999999881e-01,-9.733690000000000397e-01,-1.483402000000000109e+00,9.902570000000000539e-01,4.802239999999999842e-01,-2.848249999999999948e-01,-2.593230000000000257e-01,2.762109999999999843e-01,-1.024372000000000060e+00,-2.503467000000000109e+00,4.292210000000000192e-01,1.092262999999999984e+00,2.367344999999999811e+00,1.143267000000000033e+00,-1.828180000000000083e-01,-7.438540000000000152e-01,4.547229999999999883e-01,9.902570000000000539e-01,1.551293000000000033e+00,-3.370521999999999796e+00,-8.458609999999999740e-01,1.347280000000000033e+00,3.017130000000000090e-01,8.117459999999999676e-01,1.704302999999999901e+00,2.119499999999999856e-02,-3.345021000000000022e+00,6.332339999999999636e-01,-1.763919000000000015e+00,1.487030000000000018e-01,6.842369999999999841e-01,1.627798000000000078e+00,2.851875999999999856e+00,-2.083200000000000052e-01,-4.123330000000000051e-01,3.272140000000000049e-01,3.017130000000000090e-01,-6.418479999999999741e-01,-2.848249999999999948e-01,-7.693560000000000398e-01,4.802239999999999842e-01,3.272140000000000049e-01,4.802239999999999842e-01,6.587359999999999882e-01,-1.712916000000000105e+00,-4.123330000000000051e-01,-4.123330000000000051e-01,1.551293000000000033e+00,2.507099999999999884e-01,1.245273000000000074e+00,2.469352000000000213e+00,1.232010000000000050e-01,-1.661912999999999974e+00,7.352410000000000334e-01,8.117459999999999676e-01,-1.661912999999999974e+00,-1.712916000000000105e+00,-5.530999999999999805e-02,1.857312000000000074e+00,3.527159999999999740e-01,-2.338210000000000011e-01,4.292210000000000192e-01,1.997059999999999946e-01,-2.848249999999999948e-01,4.037189999999999945e-01,-5.398410000000000153e-01,3.527159999999999740e-01,8.117459999999999676e-01,3.017130000000000090e-01,1.487030000000000018e-01,-1.432398000000000060e+00,-1.100877000000000105e+00,1.347280000000000033e+00,1.117764999999999898e+00,3.272140000000000049e-01,-7.438540000000000152e-01,2.252079999999999915e-01,-5.653430000000000399e-01,3.782179999999999986e-01,1.908315999999999901e+00,-5.530999999999999805e-02,5.822310000000000541e-01,-8.203589999999999494e-01,-1.318149999999999877e-01,-5.530999999999999805e-02,-5.908440000000000358e-01,7.219799999999999829e-02,7.097390000000000088e-01,2.119499999999999856e-02,1.232010000000000050e-01,1.041260000000000074e+00,-2.222948999999999842e+00,5.567290000000000294e-01,1.041260000000000074e+00,1.423785000000000078e+00,-1.828180000000000083e-01,-5.530999999999999805e-02,1.245273000000000074e+00,-8.081199999999999495e-02,-7.183530000000000193e-01,5.567290000000000294e-01,-7.948570000000000357e-01,-4.378349999999999742e-01,1.143267000000000033e+00,-5.653430000000000399e-01,2.119499999999999856e-02,1.041260000000000074e+00,1.296276999999999902e+00,3.782179999999999986e-01,-8.081199999999999495e-02,-1.049873999999999974e+00,4.292210000000000192e-01,5.567290000000000294e-01,-3.613299999999999845e-01,-1.253886999999999974e+00,-1.318149999999999877e-01,7.097390000000000088e-01,3.527159999999999740e-01,5.312280000000000335e-01,1.423785000000000078e+00,5.312280000000000335e-01,-6.418479999999999741e-01,-7.693560000000000398e-01,8.372469999999999635e-01,1.219772000000000078e+00,4.669600000000000140e-02,-1.534405000000000019e+00,-1.483402000000000109e+00,1.678800999999999988e+00,1.576794999999999947e+00,1.704302999999999901e+00,-4.888379999999999947e-01,-5.530999999999999805e-02,-1.075374999999999970e+00,-5.653430000000000399e-01,1.487030000000000018e-01,-5.143389999999999906e-01,4.802239999999999842e-01,1.474787999999999988e+00,1.653299000000000074e+00,1.742049999999999987e-01,-5.398410000000000153e-01,-7.438540000000000152e-01,-2.593230000000000257e-01,-3.103259999999999907e-01,-4.307000000000000065e-03,1.296276999999999902e+00,1.232010000000000050e-01,-9.478670000000000151e-01,-2.593230000000000257e-01,1.143267000000000033e+00,2.252079999999999915e-01,2.188833999999999946e+00,1.576794999999999947e+00,-2.885991000000000195e+00,-3.013500000000000068e+00,1.372781000000000029e+00,9.647550000000000292e-01,1.041260000000000074e+00,1.449286000000000074e+00,9.769999999999999518e-02,-2.980800000000000116e-02,2.252079999999999915e-01,-2.593230000000000257e-01,-1.126379000000000019e+00,-2.848249999999999948e-01,9.392540000000000333e-01,-8.458609999999999740e-01,-5.908440000000000358e-01,1.882813999999999988e+00,1.487030000000000018e-01,-2.452463999999999977e+00,8.627489999999999881e-01,9.137520000000000087e-01,7.097390000000000088e-01,2.252079999999999915e-01,-7.438540000000000152e-01,1.143267000000000033e+00,1.194269999999999943e+00,2.119499999999999856e-02,-9.733690000000000397e-01,-8.081199999999999495e-02,-2.593230000000000257e-01,1.245273000000000074e+00,1.168768000000000029e+00,-2.222948999999999842e+00,-1.432398000000000060e+00,9.647550000000000292e-01,1.882813999999999988e+00,6.842369999999999841e-01,-1.508903000000000105e+00,3.527159999999999740e-01,-3.868309999999999804e-01,2.252079999999999915e-01,1.602295999999999943e+00,1.066761999999999988e+00,-1.253886999999999974e+00,-1.049873999999999974e+00,6.332339999999999636e-01,1.092262999999999984e+00,3.782179999999999986e-01,2.252079999999999915e-01,6.332339999999999636e-01,6.842369999999999841e-01,-6.418479999999999741e-01,-9.733690000000000397e-01,1.997059999999999946e-01,-4.378349999999999742e-01,3.527159999999999740e-01,4.037189999999999945e-01,1.092262999999999984e+00,1.500289999999999901e+00,-4.633360000000000256e-01,-2.528967999999999883e+00,-8.203589999999999494e-01,1.015759000000000079e+00,6.077320000000000499e-01,-7.948570000000000357e-01,7.219799999999999829e-02,1.500289999999999901e+00,2.341844000000000037e+00,1.232010000000000050e-01,-5.908440000000000358e-01,6.332339999999999636e-01,-5.530999999999999805e-02,-1.916929000000000105e+00,-1.381394999999999929e+00,2.762109999999999843e-01,1.194269999999999943e+00,6.332339999999999636e-01,1.041260000000000074e+00,9.769999999999999518e-02,2.762109999999999843e-01,-8.081199999999999495e-02,2.762109999999999843e-01,-4.123330000000000051e-01,2.252079999999999915e-01,4.802239999999999842e-01,8.117459999999999676e-01,2.507099999999999884e-01,9.137520000000000087e-01,4.802239999999999842e-01,-8.968639999999999946e-01,-2.477965000000000195e+00,7.097390000000000088e-01,1.041260000000000074e+00,1.372781000000000029e+00,4.037189999999999945e-01,6.332339999999999636e-01,-8.081199999999999495e-02,-1.100877000000000105e+00,1.232010000000000050e-01,-1.573170000000000124e-01,9.902570000000000539e-01,-5.143389999999999906e-01,3.272140000000000049e-01,7.219799999999999829e-02,4.547229999999999883e-01,-4.307000000000000065e-03,3.017130000000000090e-01,1.232010000000000050e-01,3.782179999999999986e-01,2.507099999999999884e-01,-2.273951999999999973e+00,6.077320000000000499e-01,1.755306000000000033e+00,9.769999999999999518e-02,-3.421526000000000067e+00,-1.063130000000000047e-01,3.489416999999999991e+00,1.372781000000000029e+00,1.742049999999999987e-01,-5.530999999999999805e-02,5.312280000000000335e-01,-5.398410000000000153e-01,1.487030000000000018e-01,4.669600000000000140e-02,-1.789420999999999928e+00,5.312280000000000335e-01,7.219799999999999829e-02,-1.508903000000000105e+00,2.762109999999999843e-01,8.882499999999999840e-01,1.245273000000000074e+00,9.769999999999999518e-02,8.627489999999999881e-01,3.272140000000000049e-01,-6.163459999999999495e-01,-4.123330000000000051e-01,4.802239999999999842e-01,9.902570000000000539e-01,4.802239999999999842e-01,1.742049999999999987e-01,5.822310000000000541e-01,3.782179999999999986e-01,-8.968639999999999946e-01,-5.908440000000000358e-01,-4.888379999999999947e-01,1.232010000000000050e-01,-3.358280000000000154e-01,6.077320000000000499e-01,7.097390000000000088e-01,7.097390000000000088e-01,1.092262999999999984e+00,-5.530999999999999805e-02,-9.223660000000000192e-01,-9.988700000000000356e-01,7.607420000000000293e-01,2.119499999999999856e-02,1.143267000000000033e+00,6.842369999999999841e-01,3.782179999999999986e-01,3.782179999999999986e-01,-6.673489999999999700e-01,-5.653430000000000399e-01,7.219799999999999829e-02,6.842369999999999841e-01,1.742049999999999987e-01,-8.968639999999999946e-01,3.272140000000000049e-01,3.272140000000000049e-01,8.372469999999999635e-01,-7.948570000000000357e-01,2.119499999999999856e-02,6.332339999999999636e-01,-1.279387999999999970e+00,8.627489999999999881e-01,2.252079999999999915e-01,2.119499999999999856e-02,4.547229999999999883e-01,8.372469999999999635e-01,8.627489999999999881e-01,6.842369999999999841e-01,-2.593230000000000257e-01,-1.457899999999999974e+00,4.292210000000000192e-01,1.487030000000000018e-01,-2.338210000000000011e-01,-6.928509999999999946e-01,2.507099999999999884e-01,5.822310000000000541e-01,9.137520000000000087e-01,2.252079999999999915e-01,2.762109999999999843e-01,2.119499999999999856e-02,2.119499999999999856e-02,1.066761999999999988e+00,-7.948570000000000357e-01,-1.330392000000000019e+00,8.627489999999999881e-01,3.527159999999999740e-01,7.607420000000000293e-01,1.143267000000000033e+00,-1.063130000000000047e-01,-1.483402000000000109e+00,-8.081199999999999495e-02,7.607420000000000293e-01,1.627798000000000078e+00,9.769999999999999518e-02,-1.483402000000000109e+00,4.292210000000000192e-01,-8.968639999999999946e-01,9.392540000000000333e-01,1.168768000000000029e+00,1.245273000000000074e+00,-1.763919000000000015e+00,-2.069939000000000195e+00,8.372469999999999635e-01,9.647550000000000292e-01,3.527159999999999740e-01,-2.980800000000000116e-02,1.882813999999999988e+00,3.527159999999999740e-01,-2.083200000000000052e-01,-6.418479999999999741e-01,9.769999999999999518e-02,2.507099999999999884e-01,1.232010000000000050e-01,-7.438540000000000152e-01,-4.378349999999999742e-01,1.168768000000000029e+00,7.097390000000000088e-01,-1.063130000000000047e-01,2.507099999999999884e-01,3.782179999999999986e-01,-7.693560000000000398e-01,-7.438540000000000152e-01,-7.693560000000000398e-01,1.576794999999999947e+00,1.194269999999999943e+00,5.822310000000000541e-01,9.392540000000000333e-01,-5.653430000000000399e-01,-4.888379999999999947e-01,6.842369999999999841e-01,2.252079999999999915e-01,-1.318149999999999877e-01,-6.928509999999999946e-01,-2.120941999999999883e+00,2.762109999999999843e-01,8.882499999999999840e-01,1.755306000000000033e+00,4.802239999999999842e-01,4.292210000000000192e-01,-1.318149999999999877e-01,7.219799999999999829e-02,9.392540000000000333e-01,2.119499999999999856e-02,-7.948570000000000357e-01,2.507099999999999884e-01,-7.438540000000000152e-01,-1.687415000000000109e+00,8.117459999999999676e-01,6.332339999999999636e-01,7.862440000000000540e-01,1.232010000000000050e-01,6.842369999999999841e-01,8.627489999999999881e-01,9.769999999999999518e-02,-6.928509999999999946e-01,-1.712916000000000105e+00,4.547229999999999883e-01,1.347280000000000033e+00,1.117764999999999898e+00,5.822310000000000541e-01,-9.988700000000000356e-01,-4.123330000000000051e-01,8.372469999999999635e-01,1.742049999999999987e-01,-1.457899999999999974e+00,4.802239999999999842e-01,4.037189999999999945e-01,-4.378349999999999742e-01,-9.733690000000000397e-01,1.143267000000000033e+00,1.041260000000000074e+00,5.057260000000000089e-01,1.576794999999999947e+00,-2.197446999999999928e+00,3.272140000000000049e-01,7.862440000000000540e-01,-7.183530000000000193e-01,-1.318149999999999877e-01,7.097390000000000088e-01,6.332339999999999636e-01,4.802239999999999842e-01,-5.908440000000000358e-01,8.372469999999999635e-01,1.232010000000000050e-01,-1.075374999999999970e+00,2.762109999999999843e-01,1.321777999999999897e+00,4.669600000000000140e-02,-9.988700000000000356e-01,-3.358280000000000154e-01,-4.888379999999999947e-01,5.822310000000000541e-01,7.862440000000000540e-01,-3.868309999999999804e-01,5.822310000000000541e-01,1.245273000000000074e+00,1.092262999999999984e+00,-2.554469999999999796e+00,-8.203589999999999494e-01,3.017130000000000090e-01,8.882499999999999840e-01,1.168768000000000029e+00,1.755306000000000033e+00,-2.083200000000000052e-01,1.232010000000000050e-01,-2.083200000000000052e-01,1.755306000000000033e+00,-8.081199999999999495e-02,-2.579972000000000154e+00,-1.610910000000000064e+00,1.742049999999999987e-01,7.352410000000000334e-01,1.372781000000000029e+00,8.882499999999999840e-01,-1.573170000000000124e-01,7.607420000000000293e-01,-7.183530000000000193e-01,1.997059999999999946e-01,1.041260000000000074e+00,6.842369999999999841e-01,-3.868309999999999804e-01,1.997059999999999946e-01,1.742049999999999987e-01,-1.828180000000000083e-01,-2.848249999999999948e-01,3.782179999999999986e-01,5.567290000000000294e-01,8.882499999999999840e-01,-8.081199999999999495e-02,-1.355893000000000015e+00,-1.126379000000000019e+00,6.842369999999999841e-01,2.762109999999999843e-01,1.219772000000000078e+00,7.862440000000000540e-01,1.372781000000000029e+00,4.802239999999999842e-01,1.168768000000000029e+00,-5.653430000000000399e-01,-3.625538999999999845e+00,9.769999999999999518e-02,-2.338210000000000011e-01,3.782179999999999986e-01,2.061326000000000214e+00,-9.478670000000000151e-01,1.449286000000000074e+00,1.449286000000000074e+00,-5.908440000000000358e-01,-4.633360000000000256e-01,7.097390000000000088e-01,1.997059999999999946e-01,4.547229999999999883e-01,-1.559906000000000015e+00,-5.653430000000000399e-01,-2.338210000000000011e-01,1.117764999999999898e+00,1.194269999999999943e+00,-3.613299999999999845e-01,-3.868309999999999804e-01,-2.083200000000000052e-01,6.587359999999999882e-01,9.392540000000000333e-01,-2.593230000000000257e-01,-4.378349999999999742e-01,1.168768000000000029e+00,1.347280000000000033e+00,2.507099999999999884e-01,-9.733690000000000397e-01,-5.530999999999999805e-02,-4.378349999999999742e-01,4.292210000000000192e-01,-1.063130000000000047e-01,4.802239999999999842e-01,1.997059999999999946e-01,3.782179999999999986e-01,2.119499999999999856e-02,-1.049873999999999974e+00,-2.593230000000000257e-01,-4.633360000000000256e-01,1.143267000000000033e+00,5.057260000000000089e-01,-1.828180000000000083e-01,3.527159999999999740e-01,-2.848249999999999948e-01,-5.530999999999999805e-02,7.607420000000000293e-01,3.272140000000000049e-01,5.822310000000000541e-01,2.252079999999999915e-01,-2.083200000000000052e-01,-2.338210000000000011e-01,-1.049873999999999974e+00,2.762109999999999843e-01,7.352410000000000334e-01,4.292210000000000192e-01,2.252079999999999915e-01,-1.610910000000000064e+00,6.587359999999999882e-01,2.762109999999999843e-01,1.041260000000000074e+00,2.119499999999999856e-02,6.587359999999999882e-01,9.647550000000000292e-01,-1.942431000000000019e+00,-8.458609999999999740e-01,1.857312000000000074e+00,1.806308999999999942e+00,1.742049999999999987e-01,9.902570000000000539e-01,4.292210000000000192e-01,-2.783984999999999932e+00,-2.338210000000000011e-01,1.997059999999999946e-01,7.097390000000000088e-01,6.587359999999999882e-01,3.782179999999999986e-01,-2.083200000000000052e-01,7.219799999999999829e-02,3.272140000000000049e-01,2.119499999999999856e-02,-1.063130000000000047e-01,-5.143389999999999906e-01,1.997059999999999946e-01,1.423785000000000078e+00,3.272140000000000049e-01,-1.075374999999999970e+00,6.587359999999999882e-01,1.232010000000000050e-01,5.312280000000000335e-01,-8.081199999999999495e-02,3.782179999999999986e-01,9.902570000000000539e-01,9.769999999999999518e-02,-1.508903000000000105e+00,1.245273000000000074e+00,1.742049999999999987e-01,-1.483402000000000109e+00,2.119499999999999856e-02,1.857312000000000074e+00,-8.081199999999999495e-02,-9.223660000000000192e-01,8.627489999999999881e-01,3.017130000000000090e-01,-5.908440000000000358e-01,7.862440000000000540e-01,1.194269999999999943e+00,9.769999999999999518e-02,-6.163459999999999495e-01,-1.573170000000000124e-01,-3.358280000000000154e-01,1.232010000000000050e-01,3.782179999999999986e-01,-2.848249999999999948e-01,7.219799999999999829e-02,-7.948570000000000357e-01,3.782179999999999986e-01,2.762109999999999843e-01,7.097390000000000088e-01,1.092262999999999984e+00,3.527159999999999740e-01,-8.713619999999999699e-01,1.997059999999999946e-01,6.842369999999999841e-01,-1.318149999999999877e-01,-2.848249999999999948e-01,8.372469999999999635e-01,1.423785000000000078e+00,2.252079999999999915e-01,-3.103259999999999907e-01,-1.916929000000000105e+00,7.352410000000000334e-01,-1.063130000000000047e-01,-5.530999999999999805e-02,-1.318149999999999877e-01,9.392540000000000333e-01,6.587359999999999882e-01,7.862440000000000540e-01,6.587359999999999882e-01,-2.338210000000000011e-01,-1.712916000000000105e+00,2.119499999999999856e-02,-2.848249999999999948e-01,1.143267000000000033e+00,1.092262999999999984e+00,4.292210000000000192e-01,7.097390000000000088e-01,8.372469999999999635e-01,-5.398410000000000153e-01,-2.146443999999999797e+00,-4.307000000000000065e-03,2.762109999999999843e-01,5.567290000000000294e-01,1.232010000000000050e-01,7.219799999999999829e-02,7.352410000000000334e-01,1.487030000000000018e-01,-5.908440000000000358e-01,-2.338210000000000011e-01,5.312280000000000335e-01,1.041260000000000074e+00,1.296276999999999902e+00,1.232010000000000050e-01,2.507099999999999884e-01,-1.202884000000000064e+00,9.769999999999999518e-02,6.332339999999999636e-01,-8.081199999999999495e-02,-1.100877000000000105e+00,1.015759000000000079e+00,1.245273000000000074e+00,-4.307000000000000065e-03,-5.653430000000000399e-01,-9.478670000000000151e-01,-4.123330000000000051e-01,5.312280000000000335e-01,1.296276999999999902e+00,-1.828180000000000083e-01,1.997059999999999946e-01,3.272140000000000049e-01,1.742049999999999987e-01,5.567290000000000294e-01,4.037189999999999945e-01,3.272140000000000049e-01,-1.330392000000000019e+00,-4.307000000000000065e-03,1.194269999999999943e+00,1.398282999999999943e+00,-8.203589999999999494e-01,-1.457899999999999974e+00,1.015759000000000079e+00,4.669600000000000140e-02,5.567290000000000294e-01,3.017130000000000090e-01,1.997059999999999946e-01,-7.438540000000000152e-01,7.219799999999999829e-02,9.902570000000000539e-01,9.392540000000000333e-01,-1.100877000000000105e+00,-1.610910000000000064e+00,2.252079999999999915e-01,9.902570000000000539e-01,9.392540000000000333e-01,9.902570000000000539e-01,1.742049999999999987e-01,-5.530999999999999805e-02,-4.633360000000000256e-01,2.119499999999999856e-02,1.678800999999999988e+00,-6.928509999999999946e-01,-3.358280000000000154e-01,-1.828180000000000083e-01,-3.358280000000000154e-01,1.997059999999999946e-01,1.143267000000000033e+00,2.762109999999999843e-01,-4.888379999999999947e-01,-2.593230000000000257e-01,-5.143389999999999906e-01,4.802239999999999842e-01,7.862440000000000540e-01,4.547229999999999883e-01,-2.848249999999999948e-01,6.077320000000000499e-01,1.092262999999999984e+00,-2.980800000000000116e-02,2.119499999999999856e-02,1.997059999999999946e-01,1.742049999999999987e-01,-2.338210000000000011e-01,-1.063130000000000047e-01,3.017130000000000090e-01,-1.573170000000000124e-01,1.232010000000000050e-01,-3.358280000000000154e-01,7.219799999999999829e-02,2.010321999999999942e+00,2.507099999999999884e-01,4.547229999999999883e-01,-1.075374999999999970e+00,-5.398410000000000153e-01,-2.848249999999999948e-01,1.143267000000000033e+00,8.882499999999999840e-01,3.272140000000000049e-01,-5.530999999999999805e-02,-1.840424000000000060e+00,3.782179999999999986e-01,8.117459999999999676e-01,6.587359999999999882e-01,1.015759000000000079e+00,4.037189999999999945e-01,1.487030000000000018e-01,-2.069939000000000195e+00,-8.081199999999999495e-02,8.117459999999999676e-01,5.822310000000000541e-01,3.527159999999999740e-01,1.232010000000000050e-01,-1.573170000000000124e-01,-3.103259999999999907e-01,-4.888379999999999947e-01,4.547229999999999883e-01,2.252079999999999915e-01,7.862440000000000540e-01,3.782179999999999986e-01,-3.868309999999999804e-01,1.487030000000000018e-01,-4.378349999999999742e-01,-1.063130000000000047e-01,3.527159999999999740e-01,4.802239999999999842e-01,7.352410000000000334e-01,8.627489999999999881e-01,-1.100877000000000105e+00,6.332339999999999636e-01,6.587359999999999882e-01,-5.530999999999999805e-02,-5.530999999999999805e-02,-2.593230000000000257e-01,-8.203589999999999494e-01,-6.163459999999999495e-01,1.015759000000000079e+00,-5.398410000000000153e-01,7.862440000000000540e-01,1.041260000000000074e+00,1.372781000000000029e+00,2.507099999999999884e-01,-5.398410000000000153e-01,-6.928509999999999946e-01,-2.593230000000000257e-01,1.997059999999999946e-01,6.077320000000000499e-01,8.627489999999999881e-01,9.392540000000000333e-01,-4.888379999999999947e-01,2.762109999999999843e-01,-7.438540000000000152e-01,-7.948570000000000357e-01,6.332339999999999636e-01,5.057260000000000089e-01,5.057260000000000089e-01,3.782179999999999986e-01,-1.063130000000000047e-01,-2.980800000000000116e-02,-4.307000000000000065e-03,1.232010000000000050e-01,1.015759000000000079e+00,1.372781000000000029e+00,5.057260000000000089e-01,-1.865925999999999974e+00,-2.630974999999999842e+00,4.292210000000000192e-01,8.627489999999999881e-01,1.219772000000000078e+00,1.500289999999999901e+00,-3.358280000000000154e-01,-2.980800000000000116e-02,2.119499999999999856e-02,7.862440000000000540e-01,4.292210000000000192e-01,-5.908440000000000358e-01,-3.868309999999999804e-01,2.507099999999999884e-01,3.272140000000000049e-01,9.137520000000000087e-01,-2.338210000000000011e-01,-1.100877000000000105e+00,7.219799999999999829e-02,1.015759000000000079e+00,7.352410000000000334e-01,-1.610910000000000064e+00,-1.318149999999999877e-01,7.097390000000000088e-01,1.194269999999999943e+00,7.352410000000000334e-01,-2.083200000000000052e-01,7.862440000000000540e-01,5.567290000000000294e-01,9.769999999999999518e-02,-3.613299999999999845e-01,1.997059999999999946e-01,-9.733690000000000397e-01,-4.123330000000000051e-01,3.527159999999999740e-01,-1.063130000000000047e-01,-1.828180000000000083e-01,1.806308999999999942e+00,5.822310000000000541e-01,-2.732981999999999800e+00,1.347280000000000033e+00,-2.593230000000000257e-01,5.822310000000000541e-01,1.423785000000000078e+00,-4.888379999999999947e-01,3.272140000000000049e-01,4.292210000000000192e-01,2.762109999999999843e-01,2.762109999999999843e-01,1.232010000000000050e-01,3.017130000000000090e-01,-4.123330000000000051e-01,-3.868309999999999804e-01,-2.083200000000000052e-01,7.607420000000000293e-01,3.527159999999999740e-01,-4.633360000000000256e-01,9.392540000000000333e-01,-3.358280000000000154e-01,-9.988700000000000356e-01,3.782179999999999986e-01,3.782179999999999986e-01,5.567290000000000294e-01,3.527159999999999740e-01,-4.307000000000000065e-03,8.372469999999999635e-01,-1.318149999999999877e-01,-1.279387999999999970e+00,6.332339999999999636e-01,1.041260000000000074e+00,9.137520000000000087e-01,2.762109999999999843e-01,-2.848249999999999948e-01,5.312280000000000335e-01,-8.081199999999999495e-02,-3.613299999999999845e-01,7.219799999999999829e-02,1.997059999999999946e-01,-5.908440000000000358e-01,-1.318149999999999877e-01,2.762109999999999843e-01,-2.593230000000000257e-01,7.352410000000000334e-01,9.137520000000000087e-01,5.822310000000000541e-01,7.352410000000000334e-01,5.057260000000000089e-01,-8.081199999999999495e-02,-8.081199999999999495e-02,-5.653430000000000399e-01,-1.381394999999999929e+00,2.252079999999999915e-01,7.862440000000000540e-01,9.137520000000000087e-01,5.567290000000000294e-01,-3.358280000000000154e-01,-1.063130000000000047e-01,5.057260000000000089e-01,5.312280000000000335e-01,1.997059999999999946e-01,-8.713619999999999699e-01,7.219799999999999829e-02,-1.687415000000000109e+00,1.742049999999999987e-01,9.137520000000000087e-01,6.587359999999999882e-01,1.398282999999999943e+00,7.352410000000000334e-01,-8.081199999999999495e-02,-1.063130000000000047e-01,-7.948570000000000357e-01,-9.478670000000000151e-01,2.507099999999999884e-01,1.168768000000000029e+00,4.547229999999999883e-01,-8.968639999999999946e-01,7.352410000000000334e-01,-2.980800000000000116e-02,-2.848249999999999948e-01,4.037189999999999945e-01,-5.143389999999999906e-01,-1.573170000000000124e-01,4.292210000000000192e-01,9.392540000000000333e-01,-2.980800000000000116e-02,1.117764999999999898e+00,-3.868309999999999804e-01,-5.653430000000000399e-01,2.469352000000000213e+00,-2.338210000000000011e-01,-1.406897000000000064e+00,-4.123330000000000051e-01,-2.980800000000000116e-02,-2.338210000000000011e-01,2.119499999999999856e-02,3.017130000000000090e-01,-1.228385000000000060e+00,6.077320000000000499e-01,7.352410000000000334e-01,1.321777999999999897e+00,1.487030000000000018e-01,-1.406897000000000064e+00,1.742049999999999987e-01,9.902570000000000539e-01,5.822310000000000541e-01,4.037189999999999945e-01,1.487030000000000018e-01,2.762109999999999843e-01,2.119499999999999856e-02,-1.828180000000000083e-01,-5.530999999999999805e-02,-2.848249999999999948e-01,2.252079999999999915e-01,1.487030000000000018e-01,1.742049999999999987e-01,6.332339999999999636e-01,-1.508903000000000105e+00,-9.478670000000000151e-01,1.194269999999999943e+00,4.037189999999999945e-01,-1.891428000000000109e+00,1.500289999999999901e+00,2.724368000000000123e+00,1.245273000000000074e+00,5.312280000000000335e-01,-2.593230000000000257e-01,-7.948570000000000357e-01,-1.573170000000000124e-01,2.762109999999999843e-01,-3.103259999999999907e-01,-1.253886999999999974e+00,4.802239999999999842e-01,1.296276999999999902e+00,-4.378349999999999742e-01,-3.090003999999999973e+00,1.997059999999999946e-01,2.469352000000000213e+00,1.627798000000000078e+00,-1.828180000000000083e-01,4.037189999999999945e-01,-2.980800000000000116e-02,-5.530999999999999805e-02,-3.868309999999999804e-01,-1.828180000000000083e-01,9.902570000000000539e-01,-8.081199999999999495e-02,-1.967932999999999932e+00,4.037189999999999945e-01,6.077320000000000499e-01,5.822310000000000541e-01,1.015759000000000079e+00,9.137520000000000087e-01,-2.980800000000000116e-02,-3.613299999999999845e-01,-4.123330000000000051e-01,-9.988700000000000356e-01,-7.948570000000000357e-01,1.831811000000000078e+00,1.168768000000000029e+00,-1.318149999999999877e-01,-2.324955000000000105e+00,4.669600000000000140e-02,6.587359999999999882e-01,4.292210000000000192e-01,8.372469999999999635e-01,-8.081199999999999495e-02,-1.151880000000000015e+00,1.232010000000000050e-01,1.296276999999999902e+00,6.842369999999999841e-01,-1.738418000000000019e+00,6.332339999999999636e-01,6.587359999999999882e-01,5.312280000000000335e-01,-4.888379999999999947e-01,1.997059999999999946e-01,9.392540000000000333e-01,-1.318149999999999877e-01,-3.358280000000000154e-01,2.762109999999999843e-01,-5.653430000000000399e-01,4.037189999999999945e-01,2.507099999999999884e-01,-2.338210000000000011e-01,4.292210000000000192e-01,3.272140000000000049e-01,5.822310000000000541e-01,2.507099999999999884e-01,7.862440000000000540e-01,6.332339999999999636e-01,-3.613299999999999845e-01,-1.534405000000000019e+00,3.272140000000000049e-01,7.607420000000000293e-01,3.782179999999999986e-01,1.997059999999999946e-01,-2.980800000000000116e-02,3.527159999999999740e-01,1.232010000000000050e-01,8.372469999999999635e-01,6.842369999999999841e-01,-7.948570000000000357e-01,-8.458609999999999740e-01,-2.980800000000000116e-02,6.332339999999999636e-01,-6.163459999999999495e-01,3.272140000000000049e-01,9.137520000000000087e-01,1.997059999999999946e-01,5.057260000000000089e-01,3.017130000000000090e-01,6.587359999999999882e-01,3.782179999999999986e-01,-1.891428000000000109e+00,7.219799999999999829e-02,1.232010000000000050e-01,5.567290000000000294e-01,1.321777999999999897e+00,-1.508903000000000105e+00,-6.673489999999999700e-01,1.347280000000000033e+00,6.332339999999999636e-01,-2.593230000000000257e-01,-8.081199999999999495e-02,4.292210000000000192e-01,4.292210000000000192e-01,2.252079999999999915e-01,8.117459999999999676e-01,3.017130000000000090e-01,-1.432398000000000060e+00,-5.908440000000000358e-01,1.742049999999999987e-01,8.882499999999999840e-01,3.527159999999999740e-01,-6.928509999999999946e-01,8.372469999999999635e-01,3.782179999999999986e-01,1.347280000000000033e+00,-2.980800000000000116e-02,-9.478670000000000151e-01,-8.081199999999999495e-02,4.037189999999999945e-01,-2.338210000000000011e-01,1.997059999999999946e-01,2.119499999999999856e-02,5.822310000000000541e-01,6.587359999999999882e-01,2.507099999999999884e-01,8.372469999999999635e-01,7.352410000000000334e-01,-1.687415000000000109e+00,-9.733690000000000397e-01,9.902570000000000539e-01,-2.338210000000000011e-01,6.332339999999999636e-01,6.332339999999999636e-01,1.232010000000000050e-01,7.219799999999999829e-02,1.232010000000000050e-01,1.232010000000000050e-01,-1.318149999999999877e-01,5.057260000000000089e-01,2.252079999999999915e-01,-9.478670000000000151e-01,1.742049999999999987e-01,1.245273000000000074e+00,4.037189999999999945e-01,6.332339999999999636e-01,2.119499999999999856e-02,4.292210000000000192e-01,-8.081199999999999495e-02,-4.307000000000000065e-03,8.627489999999999881e-01,-6.673489999999999700e-01,-2.593230000000000257e-01,7.219799999999999829e-02,5.567290000000000294e-01,9.902570000000000539e-01,2.119499999999999856e-02,-8.968639999999999946e-01,2.252079999999999915e-01,-4.307000000000000065e-03,8.372469999999999635e-01,-6.673489999999999700e-01,-2.338210000000000011e-01,5.312280000000000335e-01,4.547229999999999883e-01,3.272140000000000049e-01,4.547229999999999883e-01,-4.307000000000000065e-03,4.802239999999999842e-01,-1.049873999999999974e+00,-4.378349999999999742e-01,1.487030000000000018e-01,-3.613299999999999845e-01,1.487030000000000018e-01,8.627489999999999881e-01,2.163332000000000033e+00,-8.081199999999999495e-02,-1.483402000000000109e+00,-4.888379999999999947e-01,9.137520000000000087e-01,7.352410000000000334e-01,-6.928509999999999946e-01,7.219799999999999829e-02,8.372469999999999635e-01,4.037189999999999945e-01,-5.530999999999999805e-02,9.769999999999999518e-02,-2.593230000000000257e-01,2.252079999999999915e-01,-2.980800000000000116e-02,-4.307000000000000065e-03,8.882499999999999840e-01,3.017130000000000090e-01,-5.530999999999999805e-02,2.119499999999999856e-02,4.292210000000000192e-01,-2.593230000000000257e-01,-1.432398000000000060e+00,-5.530999999999999805e-02,3.527159999999999740e-01,4.802239999999999842e-01,1.755306000000000033e+00,5.312280000000000335e-01,-1.967932999999999932e+00,9.902570000000000539e-01,1.806308999999999942e+00,-8.081199999999999495e-02,-1.432398000000000060e+00,4.292210000000000192e-01,5.312280000000000335e-01,-5.530999999999999805e-02,1.997059999999999946e-01,3.272140000000000049e-01,4.292210000000000192e-01,1.997059999999999946e-01,-2.848249999999999948e-01,-6.928509999999999946e-01,-5.398410000000000153e-01,3.272140000000000049e-01,1.015759000000000079e+00,1.742049999999999987e-01,-6.928509999999999946e-01,9.137520000000000087e-01,6.077320000000000499e-01,9.137520000000000087e-01,1.194269999999999943e+00,-2.248451000000000199e+00,-1.177381999999999929e+00,9.392540000000000333e-01,1.041260000000000074e+00,3.527159999999999740e-01,-5.653430000000000399e-01,4.547229999999999883e-01,7.352410000000000334e-01,7.097390000000000088e-01,1.742049999999999987e-01,-8.713619999999999699e-01,-3.103259999999999907e-01,3.527159999999999740e-01,-8.458609999999999740e-01,-1.318149999999999877e-01,8.627489999999999881e-01,1.143267000000000033e+00,7.352410000000000334e-01,1.742049999999999987e-01,-8.081199999999999495e-02,2.762109999999999843e-01,-1.063130000000000047e-01,-3.868309999999999804e-01,9.902570000000000539e-01,3.782179999999999986e-01,-1.661912999999999974e+00,-6.418479999999999741e-01,1.143267000000000033e+00,1.576794999999999947e+00,7.352410000000000334e-01,-1.661912999999999974e+00,1.742049999999999987e-01,2.762109999999999843e-01,2.119499999999999856e-02,4.802239999999999842e-01,4.292210000000000192e-01,5.057260000000000089e-01,5.312280000000000335e-01,-1.573170000000000124e-01,-3.103259999999999907e-01,4.292210000000000192e-01,7.097390000000000088e-01,-5.908440000000000358e-01,3.272140000000000049e-01,2.507099999999999884e-01,-2.083200000000000052e-01,-1.151880000000000015e+00,-5.653430000000000399e-01,1.525790999999999897e+00,1.117764999999999898e+00,8.627489999999999881e-01,3.017130000000000090e-01,7.352410000000000334e-01,-1.534405000000000019e+00,-1.457899999999999974e+00,-2.980800000000000116e-02,1.143267000000000033e+00,4.547229999999999883e-01,1.232010000000000050e-01,8.882499999999999840e-01,2.762109999999999843e-01,-5.530999999999999805e-02,4.802239999999999842e-01,4.292210000000000192e-01,-1.828180000000000083e-01,-4.378349999999999742e-01,-6.163459999999999495e-01,6.077320000000000499e-01,8.372469999999999635e-01,9.769999999999999518e-02,5.312280000000000335e-01,4.547229999999999883e-01,-7.438540000000000152e-01,-6.673489999999999700e-01,1.742049999999999987e-01,1.780807999999999947e+00,8.117459999999999676e-01,-1.049873999999999974e+00,-1.049873999999999974e+00,-4.307000000000000065e-03,1.066761999999999988e+00,7.862440000000000540e-01,9.902570000000000539e-01,3.272140000000000049e-01,-4.307000000000000065e-03,-1.573170000000000124e-01,-1.828180000000000083e-01,-2.980800000000000116e-02,5.822310000000000541e-01,5.057260000000000089e-01,-2.980800000000000116e-02,5.822310000000000541e-01,-5.398410000000000153e-01,-3.868309999999999804e-01,2.507099999999999884e-01,-6.673489999999999700e-01,5.312280000000000335e-01,4.802239999999999842e-01,4.292210000000000192e-01,3.782179999999999986e-01,-7.948570000000000357e-01,2.507099999999999884e-01,5.312280000000000335e-01,1.143267000000000033e+00,-2.848249999999999948e-01,-7.948570000000000357e-01,7.097390000000000088e-01,3.782179999999999986e-01,4.669600000000000140e-02,4.037189999999999945e-01,5.822310000000000541e-01,-1.063130000000000047e-01,-1.355893000000000015e+00,-3.358280000000000154e-01,1.232010000000000050e-01,3.272140000000000049e-01,7.352410000000000334e-01,8.372469999999999635e-01,5.057260000000000089e-01,-2.848249999999999948e-01,-8.081199999999999495e-02,3.527159999999999740e-01,-3.868309999999999804e-01,3.017130000000000090e-01,2.252079999999999915e-01,-1.318149999999999877e-01,1.296276999999999902e+00,1.232010000000000050e-01,-2.980800000000000116e-02,-4.123330000000000051e-01,-4.307000000000000065e-03,6.842369999999999841e-01,9.392540000000000333e-01,-4.307000000000000065e-03,-1.828180000000000083e-01,-2.083200000000000052e-01,-8.203589999999999494e-01,4.802239999999999842e-01,3.017130000000000090e-01,5.567290000000000294e-01,3.272140000000000049e-01,3.527159999999999740e-01,-2.848249999999999948e-01,4.037189999999999945e-01,7.352410000000000334e-01,-2.980800000000000116e-02,-1.585407999999999928e+00,-1.406897000000000064e+00,5.822310000000000541e-01,1.398282999999999943e+00,8.882499999999999840e-01,-7.183530000000000193e-01,3.527159999999999740e-01,7.352410000000000334e-01,9.647550000000000292e-01,3.272140000000000049e-01,4.037189999999999945e-01,7.219799999999999829e-02,-2.848249999999999948e-01,-3.103259999999999907e-01,-1.063130000000000047e-01,-2.980800000000000116e-02,3.527159999999999740e-01,1.232010000000000050e-01,2.119499999999999856e-02,2.507099999999999884e-01,-5.653430000000000399e-01,-1.202884000000000064e+00,1.041260000000000074e+00,2.265338999999999992e+00,8.372469999999999635e-01,-1.942431000000000019e+00,1.232010000000000050e-01,6.077320000000000499e-01,3.272140000000000049e-01,5.822310000000000541e-01,-4.378349999999999742e-01,6.842369999999999841e-01,6.332339999999999636e-01,-1.253886999999999974e+00,2.507099999999999884e-01,3.527159999999999740e-01,2.252079999999999915e-01,2.507099999999999884e-01,8.882499999999999840e-01,1.041260000000000074e+00,-5.143389999999999906e-01,-1.126379000000000019e+00,1.997059999999999946e-01,-2.848249999999999948e-01,7.607420000000000293e-01,-8.081199999999999495e-02,-9.988700000000000356e-01,-8.203589999999999494e-01,9.392540000000000333e-01,7.352410000000000334e-01,5.057260000000000089e-01,7.219799999999999829e-02,5.057260000000000089e-01,4.547229999999999883e-01,5.822310000000000541e-01,3.272140000000000049e-01,-1.253886999999999974e+00,2.119499999999999856e-02,4.292210000000000192e-01,2.252079999999999915e-01,3.272140000000000049e-01,6.587359999999999882e-01,5.057260000000000089e-01,-4.307000000000000065e-03,-5.653430000000000399e-01,-6.673489999999999700e-01,-7.183530000000000193e-01,1.627798000000000078e+00,1.015759000000000079e+00,1.117764999999999898e+00,-2.593230000000000257e-01,-2.083200000000000052e-01,3.782179999999999986e-01,-3.358280000000000154e-01,-4.378349999999999742e-01,-2.980800000000000116e-02,1.742049999999999987e-01,3.017130000000000090e-01,-1.063130000000000047e-01,3.272140000000000049e-01,9.137520000000000087e-01,5.567290000000000294e-01,5.567290000000000294e-01,-2.069939000000000195e+00,-8.458609999999999740e-01,2.367344999999999811e+00,1.194269999999999943e+00,-8.968639999999999946e-01,1.321777999999999897e+00,-4.633360000000000256e-01,-1.406897000000000064e+00,-5.530999999999999805e-02,1.066761999999999988e+00,9.647550000000000292e-01,-6.163459999999999495e-01,1.041260000000000074e+00,-4.307000000000000065e-03,-1.789420999999999928e+00,-1.993433999999999928e+00,5.567290000000000294e-01,9.902570000000000539e-01,9.902570000000000539e-01,9.647550000000000292e-01,4.802239999999999842e-01,-1.828180000000000083e-01,1.232010000000000050e-01,7.097390000000000088e-01,-1.063130000000000047e-01,-4.378349999999999742e-01,1.997059999999999946e-01,5.057260000000000089e-01,1.487030000000000018e-01,1.742049999999999987e-01,7.352410000000000334e-01,-8.713619999999999699e-01,-1.687415000000000109e+00,8.882499999999999840e-01,1.347280000000000033e+00,-2.324955000000000105e+00,-1.483402000000000109e+00,1.500289999999999901e+00,2.163332000000000033e+00,1.219772000000000078e+00,5.057260000000000089e-01,6.332339999999999636e-01,4.292210000000000192e-01,1.232010000000000050e-01,-9.988700000000000356e-01,-6.673489999999999700e-01,-2.980800000000000116e-02,3.272140000000000049e-01,1.232010000000000050e-01,-9.478670000000000151e-01,1.500289999999999901e+00,1.347280000000000033e+00,-1.508903000000000105e+00,-3.574535000000000018e+00,4.547229999999999883e-01,1.041260000000000074e+00,1.653299000000000074e+00,1.959319000000000033e+00,1.066761999999999988e+00,-3.868309999999999804e-01,4.802239999999999842e-01,2.252079999999999915e-01,-1.318149999999999877e-01,2.507099999999999884e-01,-3.358280000000000154e-01,-2.222948999999999842e+00,-2.083200000000000052e-01,1.117764999999999898e+00,7.607420000000000293e-01,-3.358280000000000154e-01,-4.307000000000000065e-03,2.061326000000000214e+00,-4.307000000000000065e-03,-6.928509999999999946e-01,-5.143389999999999906e-01,3.527159999999999740e-01,9.392540000000000333e-01,1.066761999999999988e+00,-5.530999999999999805e-02,-8.081199999999999495e-02,5.822310000000000541e-01,-1.049873999999999974e+00,1.487030000000000018e-01,2.252079999999999915e-01,-5.530999999999999805e-02,1.347280000000000033e+00,9.137520000000000087e-01,-1.508903000000000105e+00,-2.848249999999999948e-01,1.143267000000000033e+00,1.742049999999999987e-01,4.037189999999999945e-01,-6.673489999999999700e-01,-5.908440000000000358e-01,3.782179999999999986e-01,2.252079999999999915e-01,9.392540000000000333e-01,1.092262999999999984e+00,4.037189999999999945e-01,2.252079999999999915e-01,9.137520000000000087e-01,4.547229999999999883e-01,-6.418479999999999741e-01,-1.126379000000000019e+00,-2.171946000000000154e+00,7.862440000000000540e-01,1.041260000000000074e+00,7.862440000000000540e-01,4.802239999999999842e-01,5.057260000000000089e-01,1.525790999999999897e+00,5.822310000000000541e-01,-1.508903000000000105e+00,-1.330392000000000019e+00,-9.223660000000000192e-01,9.137520000000000087e-01,1.015759000000000079e+00,9.902570000000000539e-01,4.547229999999999883e-01,-1.063130000000000047e-01,5.822310000000000541e-01,-1.828180000000000083e-01,-4.307000000000000065e-03,-8.081199999999999495e-02,1.232010000000000050e-01,-8.203589999999999494e-01,6.332339999999999636e-01,1.984820999999999946e+00,-1.789420999999999928e+00,-5.398410000000000153e-01,1.117764999999999898e+00,-5.908440000000000358e-01,-3.103259999999999907e-01,1.500289999999999901e+00,5.312280000000000335e-01,1.143267000000000033e+00,-6.928509999999999946e-01,2.762109999999999843e-01,7.607420000000000293e-01,6.332339999999999636e-01,-2.593230000000000257e-01,-1.840424000000000060e+00,-4.633360000000000256e-01,7.607420000000000293e-01,4.802239999999999842e-01,1.168768000000000029e+00,-8.081199999999999495e-02,-1.355893000000000015e+00,6.332339999999999636e-01,1.194269999999999943e+00,-1.075374999999999970e+00,-1.100877000000000105e+00,2.647863000000000078e+00,3.272140000000000049e-01,-1.318149999999999877e-01,3.782179999999999986e-01,1.232010000000000050e-01,-8.203589999999999494e-01,-3.613299999999999845e-01,5.567290000000000294e-01,1.168768000000000029e+00,8.372469999999999635e-01,-5.908440000000000358e-01,-1.840424000000000060e+00,-8.203589999999999494e-01,1.742049999999999987e-01,8.117459999999999676e-01,8.372469999999999635e-01,1.882813999999999988e+00,3.017130000000000090e-01,-1.508903000000000105e+00,-6.673489999999999700e-01,2.762109999999999843e-01,1.321777999999999897e+00,-5.398410000000000153e-01,1.997059999999999946e-01,1.755306000000000033e+00,-1.318149999999999877e-01,-5.143389999999999906e-01,-6.928509999999999946e-01,-5.398410000000000153e-01,8.117459999999999676e-01,1.270774999999999988e+00,-9.223660000000000192e-01,-1.573170000000000124e-01,-2.980800000000000116e-02,9.769999999999999518e-02,1.755306000000000033e+00,6.332339999999999636e-01,1.066761999999999988e+00,-2.593230000000000257e-01,-1.814923000000000064e+00,1.066761999999999988e+00,7.607420000000000293e-01,-1.100877000000000105e+00,-1.828180000000000083e-01,1.347280000000000033e+00,-5.530999999999999805e-02,2.252079999999999915e-01,1.015759000000000079e+00,-1.738418000000000019e+00,-3.613299999999999845e-01,2.214335000000000164e+00,-3.868309999999999804e-01,-2.528967999999999883e+00,1.423785000000000078e+00,3.272140000000000049e-01,3.017130000000000090e-01,1.245273000000000074e+00,1.423785000000000078e+00,4.802239999999999842e-01,-1.253886999999999974e+00,-5.908440000000000358e-01,-2.848249999999999948e-01,7.862440000000000540e-01,-6.928509999999999946e-01,1.372781000000000029e+00,2.239837000000000078e+00,-1.304890000000000105e+00,-1.967932999999999932e+00,-1.828180000000000083e-01,-3.358280000000000154e-01,3.272140000000000049e-01,1.729803999999999897e+00,1.602295999999999943e+00,-1.942431000000000019e+00,4.669600000000000140e-02,1.500289999999999901e+00,2.163332000000000033e+00,7.862440000000000540e-01,-2.834988000000000063e+00,-5.908440000000000358e-01,7.352410000000000334e-01,6.842369999999999841e-01,1.143267000000000033e+00,3.272140000000000049e-01,4.292210000000000192e-01,-4.123330000000000051e-01,-8.713619999999999699e-01,-2.083200000000000052e-01,-2.083200000000000052e-01,4.292210000000000192e-01,2.762109999999999843e-01,-2.452463999999999977e+00,5.057260000000000089e-01,1.270774999999999988e+00,1.041260000000000074e+00,1.270774999999999988e+00,1.245273000000000074e+00,1.372781000000000029e+00,-6.163459999999999495e-01,-1.253886999999999974e+00,-8.713619999999999699e-01,9.769999999999999518e-02,5.312280000000000335e-01,-1.304890000000000105e+00,1.423785000000000078e+00,1.041260000000000074e+00,-6.163459999999999495e-01,-8.458609999999999740e-01,8.627489999999999881e-01,6.077320000000000499e-01,-8.081199999999999495e-02,7.607420000000000293e-01,9.769999999999999518e-02,-1.126379000000000019e+00,1.423785000000000078e+00,5.057260000000000089e-01,3.272140000000000049e-01,5.312280000000000335e-01,-2.338210000000000011e-01,-6.163459999999999495e-01,7.097390000000000088e-01,-8.713619999999999699e-01,-1.610910000000000064e+00,5.822310000000000541e-01,5.312280000000000335e-01,-5.530999999999999805e-02,1.347280000000000033e+00,9.392540000000000333e-01,1.245273000000000074e+00,1.755306000000000033e+00,-9.733690000000000397e-01,-2.426962000000000064e+00,-1.610910000000000064e+00,-8.081199999999999495e-02,9.647550000000000292e-01,1.270774999999999988e+00,1.296276999999999902e+00,1.270774999999999988e+00,-5.398410000000000153e-01,4.037189999999999945e-01,-8.968639999999999946e-01,6.077320000000000499e-01,-1.063130000000000047e-01,3.527159999999999740e-01,3.272140000000000049e-01,5.057260000000000089e-01,5.312280000000000335e-01,-1.063130000000000047e-01,-3.115505999999999887e+00,-3.358280000000000154e-01,1.729803999999999897e+00,6.332339999999999636e-01,1.092262999999999984e+00,8.882499999999999840e-01,-9.988700000000000356e-01,-8.713619999999999699e-01,1.041260000000000074e+00,6.332339999999999636e-01,7.352410000000000334e-01,-2.848249999999999948e-01,-2.083200000000000052e-01,-8.081199999999999495e-02,-4.307000000000000065e-03,1.041260000000000074e+00,6.842369999999999841e-01,-2.044436999999999838e+00,-1.126379000000000019e+00,3.782179999999999986e-01,-8.968639999999999946e-01,1.704302999999999901e+00,1.653299000000000074e+00,1.372781000000000029e+00,-6.928509999999999946e-01,-2.083200000000000052e-01,5.822310000000000541e-01,1.857312000000000074e+00,-5.530999999999999805e-02,-1.865925999999999974e+00,-1.202884000000000064e+00,1.232010000000000050e-01,9.769999999999999518e-02,5.567290000000000294e-01,1.066761999999999988e+00,2.119499999999999856e-02,5.057260000000000089e-01,-2.980800000000000116e-02,-8.081199999999999495e-02,1.219772000000000078e+00,-2.018936000000000064e+00,-9.478670000000000151e-01,9.392540000000000333e-01,8.627489999999999881e-01,9.902570000000000539e-01,7.352410000000000334e-01,2.762109999999999843e-01,-2.848249999999999948e-01,-4.307000000000000065e-03,4.547229999999999883e-01,2.507099999999999884e-01,-2.146443999999999797e+00,6.077320000000000499e-01,1.525790999999999897e+00,9.769999999999999518e-02,2.119499999999999856e-02,2.252079999999999915e-01,3.272140000000000049e-01,-1.738418000000000019e+00,1.321777999999999897e+00,5.057260000000000089e-01,-6.163459999999999495e-01,6.587359999999999882e-01,1.232010000000000050e-01,9.902570000000000539e-01,2.507099999999999884e-01,-3.358280000000000154e-01,4.669600000000000140e-02,-3.868309999999999804e-01,-4.307000000000000065e-03,3.272140000000000049e-01,2.507099999999999884e-01,2.762109999999999843e-01,5.312280000000000335e-01,-5.530999999999999805e-02,-8.458609999999999740e-01,-4.123330000000000051e-01,2.928380999999999901e+00,1.959319000000000033e+00,-3.625538999999999845e+00,-1.355893000000000015e+00,1.270774999999999988e+00,1.041260000000000074e+00,1.882813999999999988e+00,2.507099999999999884e-01,-2.171946000000000154e+00,9.769999999999999518e-02,5.057260000000000089e-01,1.219772000000000078e+00,8.117459999999999676e-01,2.762109999999999843e-01,-2.980800000000000116e-02,-5.530999999999999805e-02,9.769999999999999518e-02,-5.530999999999999805e-02,-1.126379000000000019e+00,-1.063130000000000047e-01,-2.338210000000000011e-01,1.117764999999999898e+00,7.097390000000000088e-01,-2.593230000000000257e-01,-6.163459999999999495e-01,6.587359999999999882e-01,4.292210000000000192e-01,5.822310000000000541e-01,3.017130000000000090e-01,3.527159999999999740e-01,3.017130000000000090e-01,2.119499999999999856e-02,-5.143389999999999906e-01,1.219772000000000078e+00,-5.908440000000000358e-01,-9.988700000000000356e-01,1.742049999999999987e-01,8.372469999999999635e-01,1.678800999999999988e+00,8.882499999999999840e-01,-1.763919000000000015e+00,-5.653430000000000399e-01,7.607420000000000293e-01,7.097390000000000088e-01,-2.338210000000000011e-01,6.842369999999999841e-01,-7.693560000000000398e-01,-1.355893000000000015e+00,2.112328999999999901e+00,1.347280000000000033e+00,-1.814923000000000064e+00,9.392540000000000333e-01,4.547229999999999883e-01,-2.593230000000000257e-01,4.802239999999999842e-01,4.802239999999999842e-01,-5.653430000000000399e-01,4.292210000000000192e-01,9.769999999999999518e-02,3.527159999999999740e-01,-3.613299999999999845e-01,-6.673489999999999700e-01,-3.358280000000000154e-01,1.041260000000000074e+00,3.017130000000000090e-01,-9.223660000000000192e-01,-2.593230000000000257e-01,-4.307000000000000065e-03,1.143267000000000033e+00,4.802239999999999842e-01,3.272140000000000049e-01,4.292210000000000192e-01,1.997059999999999946e-01,3.782179999999999986e-01,5.822310000000000541e-01,-8.081199999999999495e-02,-5.530999999999999805e-02,-2.083200000000000052e-01,-5.398410000000000153e-01,3.272140000000000049e-01,-1.063130000000000047e-01,-1.355893000000000015e+00,2.762109999999999843e-01,1.245273000000000074e+00,5.057260000000000089e-01,-1.126379000000000019e+00,1.194269999999999943e+00,1.487030000000000018e-01,4.037189999999999945e-01,1.015759000000000079e+00,7.862440000000000540e-01,-5.398410000000000153e-01,-2.593230000000000257e-01,7.862440000000000540e-01,1.015759000000000079e+00,-4.633360000000000256e-01,-1.075374999999999970e+00,-2.083200000000000052e-01,5.057260000000000089e-01,5.312280000000000335e-01,3.527159999999999740e-01,5.057260000000000089e-01,6.587359999999999882e-01,-6.928509999999999946e-01,-6.163459999999999495e-01,-1.202884000000000064e+00,-6.673489999999999700e-01,1.487030000000000018e-01,1.653299000000000074e+00,1.117764999999999898e+00,-9.733690000000000397e-01,2.035823999999999856e+00,1.066761999999999988e+00,-1.534405000000000019e+00,-4.307000000000000065e-03,3.782179999999999986e-01,-4.307000000000000065e-03,-2.980800000000000116e-02,6.842369999999999841e-01,6.332339999999999636e-01,-6.673489999999999700e-01,4.669600000000000140e-02,7.219799999999999829e-02,1.487030000000000018e-01,2.119499999999999856e-02,4.669600000000000140e-02,5.057260000000000089e-01,-6.928509999999999946e-01,-1.610910000000000064e+00,-3.103259999999999907e-01,1.143267000000000033e+00,1.296276999999999902e+00,3.527159999999999740e-01,7.352410000000000334e-01,1.066761999999999988e+00,6.587359999999999882e-01,-1.177381999999999929e+00,3.527159999999999740e-01,3.017130000000000090e-01,-2.848249999999999948e-01,-5.908440000000000358e-01,3.527159999999999740e-01,7.219799999999999829e-02,6.587359999999999882e-01,4.802239999999999842e-01,-1.318149999999999877e-01,-2.980800000000000116e-02,9.769999999999999518e-02,-4.307000000000000065e-03,6.077320000000000499e-01,-6.163459999999999495e-01,-2.848249999999999948e-01,8.372469999999999635e-01,-2.593230000000000257e-01,7.352410000000000334e-01,2.762109999999999843e-01,9.769999999999999518e-02,6.077320000000000499e-01,-3.868309999999999804e-01,-1.483402000000000109e+00,7.862440000000000540e-01,1.092262999999999984e+00,5.822310000000000541e-01,1.232010000000000050e-01,-4.888379999999999947e-01,1.997059999999999946e-01,6.587359999999999882e-01,2.507099999999999884e-01,2.119499999999999856e-02,2.252079999999999915e-01,-2.338210000000000011e-01,-4.888379999999999947e-01,2.762109999999999843e-01,4.669600000000000140e-02,5.822310000000000541e-01,-5.143389999999999906e-01,1.500289999999999901e+00,-7.183530000000000193e-01,2.762109999999999843e-01,2.762109999999999843e-01,-1.304890000000000105e+00,5.312280000000000335e-01,6.332339999999999636e-01,1.321777999999999897e+00,2.119499999999999856e-02,-4.123330000000000051e-01,-4.888379999999999947e-01,4.037189999999999945e-01,-1.573170000000000124e-01,7.219799999999999829e-02,1.449286000000000074e+00,4.037189999999999945e-01,-1.355893000000000015e+00,-9.478670000000000151e-01,2.252079999999999915e-01,1.143267000000000033e+00,7.862440000000000540e-01,5.312280000000000335e-01,1.997059999999999946e-01,6.077320000000000499e-01,2.507099999999999884e-01,8.372469999999999635e-01,-5.530999999999999805e-02,-1.126379000000000019e+00,-4.123330000000000051e-01,-4.633360000000000256e-01,-5.398410000000000153e-01,7.862440000000000540e-01,8.117459999999999676e-01,2.762109999999999843e-01,1.997059999999999946e-01,1.487030000000000018e-01,1.232010000000000050e-01,-1.063130000000000047e-01,2.119499999999999856e-02,4.037189999999999945e-01,4.802239999999999842e-01,-2.593230000000000257e-01,8.882499999999999840e-01,1.997059999999999946e-01,-1.024372000000000060e+00,4.292210000000000192e-01,5.057260000000000089e-01,4.669600000000000140e-02,-3.613299999999999845e-01,3.272140000000000049e-01,1.041260000000000074e+00,1.487030000000000018e-01,2.252079999999999915e-01,8.372469999999999635e-01,-4.888379999999999947e-01,7.219799999999999829e-02,3.527159999999999740e-01,-1.304890000000000105e+00,4.802239999999999842e-01,5.567290000000000294e-01,3.782179999999999986e-01,7.219799999999999829e-02,-1.828180000000000083e-01,1.232010000000000050e-01,7.097390000000000088e-01,6.842369999999999841e-01,-3.613299999999999845e-01,-1.406897000000000064e+00,-8.081199999999999495e-02,6.077320000000000499e-01,1.372781000000000029e+00,6.077320000000000499e-01,4.547229999999999883e-01,-1.573170000000000124e-01,-4.633360000000000256e-01,-2.083200000000000052e-01,-2.593230000000000257e-01,5.567290000000000294e-01,7.097390000000000088e-01,2.762109999999999843e-01,-4.307000000000000065e-03,-7.438540000000000152e-01,-1.063130000000000047e-01,7.219799999999999829e-02,2.252079999999999915e-01,5.822310000000000541e-01,1.194269999999999943e+00,2.252079999999999915e-01,-1.075374999999999970e+00,-2.338210000000000011e-01,4.037189999999999945e-01,4.037189999999999945e-01,6.077320000000000499e-01,2.507099999999999884e-01,-3.358280000000000154e-01,5.312280000000000335e-01,5.057260000000000089e-01,-6.418479999999999741e-01,-1.177381999999999929e+00,9.647550000000000292e-01,7.352410000000000334e-01,5.567290000000000294e-01,4.669600000000000140e-02,-2.338210000000000011e-01,6.077320000000000499e-01,-2.083200000000000052e-01,4.037189999999999945e-01,3.272140000000000049e-01,-7.183530000000000193e-01,-1.828180000000000083e-01,3.527159999999999740e-01,7.607420000000000293e-01,7.862440000000000540e-01,-3.358280000000000154e-01,-7.693560000000000398e-01,3.527159999999999740e-01,6.587359999999999882e-01,4.037189999999999945e-01,-7.438540000000000152e-01,4.669600000000000140e-02,3.272140000000000049e-01,1.296276999999999902e+00,3.527159999999999740e-01,-6.163459999999999495e-01,5.567290000000000294e-01,1.143267000000000033e+00,-1.063130000000000047e-01,-1.355893000000000015e+00,2.507099999999999884e-01,6.332339999999999636e-01,-2.848249999999999948e-01,-5.653430000000000399e-01,-3.358280000000000154e-01,3.017130000000000090e-01,6.587359999999999882e-01,5.312280000000000335e-01,5.567290000000000294e-01,5.567290000000000294e-01,8.117459999999999676e-01,3.017130000000000090e-01,-2.848249999999999948e-01,-1.828180000000000083e-01,-5.530999999999999805e-02,-1.573170000000000124e-01,-1.355893000000000015e+00,-2.338210000000000011e-01,6.332339999999999636e-01,7.862440000000000540e-01,3.272140000000000049e-01,1.041260000000000074e+00,-6.418479999999999741e-01,7.219799999999999829e-02,1.041260000000000074e+00,6.842369999999999841e-01,5.567290000000000294e-01,-2.083200000000000052e-01,2.252079999999999915e-01,4.802239999999999842e-01,-4.633360000000000256e-01,-1.304890000000000105e+00,-4.307000000000000065e-03,4.547229999999999883e-01,6.332339999999999636e-01,4.037189999999999945e-01,5.057260000000000089e-01,9.392540000000000333e-01,-8.713619999999999699e-01,-1.828180000000000083e-01,-4.633360000000000256e-01,-5.530999999999999805e-02,5.057260000000000089e-01,7.097390000000000088e-01,5.312280000000000335e-01,1.487030000000000018e-01,4.292210000000000192e-01,3.272140000000000049e-01,-4.123330000000000051e-01,-1.573170000000000124e-01,3.017130000000000090e-01,2.119499999999999856e-02,-4.378349999999999742e-01,5.567290000000000294e-01,1.627798000000000078e+00,2.119499999999999856e-02,-6.418479999999999741e-01,-1.228385000000000060e+00,-1.763919000000000015e+00,1.194269999999999943e+00,1.270774999999999988e+00,-2.980800000000000116e-02,1.500289999999999901e+00,7.352410000000000334e-01,-2.083200000000000052e-01,-5.530999999999999805e-02,1.232010000000000050e-01,6.332339999999999636e-01,1.742049999999999987e-01,-8.081199999999999495e-02,-2.848249999999999948e-01,2.119499999999999856e-02,1.232010000000000050e-01,-4.123330000000000051e-01,-6.163459999999999495e-01,6.077320000000000499e-01,9.902570000000000539e-01,-1.828180000000000083e-01,-1.063130000000000047e-01,4.547229999999999883e-01,-7.183530000000000193e-01,5.057260000000000089e-01,6.332339999999999636e-01,8.627489999999999881e-01,-1.828180000000000083e-01,-1.828180000000000083e-01,2.119499999999999856e-02,5.822310000000000541e-01,3.527159999999999740e-01,4.802239999999999842e-01,-1.063130000000000047e-01,-6.928509999999999946e-01,-5.143389999999999906e-01,7.862440000000000540e-01,4.547229999999999883e-01,1.232010000000000050e-01,-1.063130000000000047e-01,-8.081199999999999495e-02,4.802239999999999842e-01,3.272140000000000049e-01,-4.307000000000000065e-03,1.232010000000000050e-01,4.547229999999999883e-01,-1.318149999999999877e-01,-3.613299999999999845e-01,-3.103259999999999907e-01,1.296276999999999902e+00,1.372781000000000029e+00,-1.126379000000000019e+00,-6.418479999999999741e-01,5.567290000000000294e-01,7.352410000000000334e-01,6.842369999999999841e-01,-3.613299999999999845e-01,-4.123330000000000051e-01,-4.123330000000000051e-01,8.627489999999999881e-01,3.272140000000000049e-01,8.372469999999999635e-01,-4.633360000000000256e-01,-2.980800000000000116e-02,-3.613299999999999845e-01,5.312280000000000335e-01,8.117459999999999676e-01,4.669600000000000140e-02,2.762109999999999843e-01,-2.593230000000000257e-01,-1.063130000000000047e-01,2.507099999999999884e-01,1.742049999999999987e-01,2.252079999999999915e-01,3.272140000000000049e-01,1.742049999999999987e-01,-1.573170000000000124e-01,-4.123330000000000051e-01,2.507099999999999884e-01,5.822310000000000541e-01,6.077320000000000499e-01,3.782179999999999986e-01,3.272140000000000049e-01,2.252079999999999915e-01,-2.338210000000000011e-01,-1.573170000000000124e-01,-5.653430000000000399e-01,1.742049999999999987e-01,5.057260000000000089e-01,7.862440000000000540e-01,8.882499999999999840e-01,-5.530999999999999805e-02,-1.916929000000000105e+00,2.507099999999999884e-01,-5.530999999999999805e-02,6.332339999999999636e-01,1.143267000000000033e+00,4.802239999999999842e-01,-3.358280000000000154e-01,-4.888379999999999947e-01,-2.338210000000000011e-01,1.742049999999999987e-01,9.137520000000000087e-01,9.392540000000000333e-01,1.232010000000000050e-01,-9.223660000000000192e-01,-4.307000000000000065e-03,4.547229999999999883e-01,4.037189999999999945e-01,-9.733690000000000397e-01,4.547229999999999883e-01,5.312280000000000335e-01,7.352410000000000334e-01,4.669600000000000140e-02,-5.908440000000000358e-01,9.769999999999999518e-02,4.802239999999999842e-01,3.017130000000000090e-01,7.097390000000000088e-01,5.057260000000000089e-01,-2.980800000000000116e-02,4.669600000000000140e-02,2.119499999999999856e-02,-8.968639999999999946e-01,3.527159999999999740e-01,4.037189999999999945e-01,-1.177381999999999929e+00,6.587359999999999882e-01,7.862440000000000540e-01,-7.438540000000000152e-01,6.842369999999999841e-01,6.842369999999999841e-01,7.352410000000000334e-01,2.119499999999999856e-02,-7.183530000000000193e-01,3.017130000000000090e-01,5.312280000000000335e-01,-2.848249999999999948e-01,4.669600000000000140e-02,2.762109999999999843e-01,8.117459999999999676e-01,-1.828180000000000083e-01,-2.980800000000000116e-02,-1.573170000000000124e-01,4.547229999999999883e-01,4.802239999999999842e-01,1.742049999999999987e-01,3.272140000000000049e-01,5.312280000000000335e-01,-9.733690000000000397e-01,-3.613299999999999845e-01,-7.948570000000000357e-01,-4.123330000000000051e-01,1.041260000000000074e+00,1.321777999999999897e+00,-1.063130000000000047e-01,-4.307000000000000065e-03,1.487030000000000018e-01,7.607420000000000293e-01,8.882499999999999840e-01,6.077320000000000499e-01,2.507099999999999884e-01,-5.398410000000000153e-01,-1.177381999999999929e+00,1.487030000000000018e-01,-2.848249999999999948e-01,8.372469999999999635e-01,8.372469999999999635e-01,-5.398410000000000153e-01,-1.318149999999999877e-01,6.077320000000000499e-01,9.137520000000000087e-01,9.769999999999999518e-02,-1.126379000000000019e+00,9.392540000000000333e-01,-8.968639999999999946e-01,1.487030000000000018e-01,5.312280000000000335e-01,7.352410000000000334e-01,1.015759000000000079e+00,-5.653430000000000399e-01,-2.593230000000000257e-01,6.332339999999999636e-01,3.527159999999999740e-01,-2.848249999999999948e-01,-8.081199999999999495e-02,2.762109999999999843e-01,1.997059999999999946e-01,1.487030000000000018e-01,1.487030000000000018e-01,-4.378349999999999742e-01,5.312280000000000335e-01,7.352410000000000334e-01,1.742049999999999987e-01,-1.318149999999999877e-01,-1.828180000000000083e-01,1.487030000000000018e-01,3.272140000000000049e-01,1.997059999999999946e-01,3.017130000000000090e-01,7.219799999999999829e-02,-8.968639999999999946e-01,5.312280000000000335e-01,1.143267000000000033e+00,8.117459999999999676e-01,-3.103259999999999907e-01,-6.928509999999999946e-01,-1.318149999999999877e-01,2.119499999999999856e-02,-2.338210000000000011e-01,7.352410000000000334e-01,1.041260000000000074e+00,-1.063130000000000047e-01,2.119499999999999856e-02,1.997059999999999946e-01,4.802239999999999842e-01,-5.653430000000000399e-01,7.219799999999999829e-02,-5.530999999999999805e-02,5.567290000000000294e-01,7.097390000000000088e-01,7.219799999999999829e-02,-1.432398000000000060e+00,-8.203589999999999494e-01,9.137520000000000087e-01,5.567290000000000294e-01,9.392540000000000333e-01,-3.103259999999999907e-01,-4.378349999999999742e-01,8.627489999999999881e-01,8.117459999999999676e-01,3.272140000000000049e-01,-2.083200000000000052e-01,1.742049999999999987e-01,2.119499999999999856e-02,7.219799999999999829e-02,7.219799999999999829e-02,4.669600000000000140e-02,3.527159999999999740e-01,-2.338210000000000011e-01,4.802239999999999842e-01,3.527159999999999740e-01,-3.868309999999999804e-01,5.312280000000000335e-01,7.352410000000000334e-01,-3.358280000000000154e-01,-5.143389999999999906e-01,-9.478670000000000151e-01,6.842369999999999841e-01,9.647550000000000292e-01,8.372469999999999635e-01,5.567290000000000294e-01,-1.253886999999999974e+00,3.017130000000000090e-01,7.219799999999999829e-02,7.097390000000000088e-01,3.527159999999999740e-01,-4.307000000000000065e-03,1.487030000000000018e-01,3.017130000000000090e-01,-2.083200000000000052e-01,7.219799999999999829e-02,8.882499999999999840e-01,6.842369999999999841e-01,-2.069939000000000195e+00,-8.968639999999999946e-01,7.097390000000000088e-01,1.296276999999999902e+00,6.077320000000000499e-01,7.219799999999999829e-02,5.567290000000000294e-01,9.392540000000000333e-01,-1.100877000000000105e+00,-2.593230000000000257e-01,3.782179999999999986e-01,-2.593230000000000257e-01,7.219799999999999829e-02,3.017130000000000090e-01,8.882499999999999840e-01,7.862440000000000540e-01,4.802239999999999842e-01,-3.868309999999999804e-01,-2.083200000000000052e-01,3.272140000000000049e-01,-1.828180000000000083e-01,-1.828180000000000083e-01,2.762109999999999843e-01,-5.143389999999999906e-01,3.272140000000000049e-01,6.077320000000000499e-01,9.769999999999999518e-02,8.372469999999999635e-01,7.097390000000000088e-01,-6.928509999999999946e-01,-7.183530000000000193e-01,6.077320000000000499e-01,-1.828180000000000083e-01,9.769999999999999518e-02,6.842369999999999841e-01,1.997059999999999946e-01,3.782179999999999986e-01,1.232010000000000050e-01,2.762109999999999843e-01,-6.163459999999999495e-01,1.270774999999999988e+00,-1.828180000000000083e-01,-4.633360000000000256e-01,-3.613299999999999845e-01,-8.081199999999999495e-02,7.352410000000000334e-01,5.057260000000000089e-01,-6.163459999999999495e-01,-5.530999999999999805e-02,-1.126379000000000019e+00,6.587359999999999882e-01,7.352410000000000334e-01,8.627489999999999881e-01,-1.573170000000000124e-01,-1.573170000000000124e-01,1.041260000000000074e+00,1.041260000000000074e+00,4.802239999999999842e-01,-1.712916000000000105e+00,-1.318149999999999877e-01,5.822310000000000541e-01,4.037189999999999945e-01,5.567290000000000294e-01,-1.202884000000000064e+00,7.219799999999999829e-02,1.066761999999999988e+00,-2.848249999999999948e-01,-3.868309999999999804e-01,1.066761999999999988e+00,3.527159999999999740e-01,2.762109999999999843e-01,3.017130000000000090e-01,-3.358280000000000154e-01,1.742049999999999987e-01,-7.693560000000000398e-01,-3.358280000000000154e-01,7.097390000000000088e-01,1.066761999999999988e+00,7.352410000000000334e-01,8.882499999999999840e-01,-4.378349999999999742e-01,-1.177381999999999929e+00,-2.980800000000000116e-02,-1.573170000000000124e-01,-3.358280000000000154e-01,-5.908440000000000358e-01,8.117459999999999676e-01,1.245273000000000074e+00,1.551293000000000033e+00,-5.530999999999999805e-02,-1.024372000000000060e+00,-2.848249999999999948e-01,4.669600000000000140e-02,-2.338210000000000011e-01,3.017130000000000090e-01,8.372469999999999635e-01,8.627489999999999881e-01,-1.828180000000000083e-01,4.669600000000000140e-02,-4.378349999999999742e-01,-4.888379999999999947e-01,4.037189999999999945e-01,-6.163459999999999495e-01,4.802239999999999842e-01,-5.143389999999999906e-01,3.017130000000000090e-01,1.474787999999999988e+00,1.474787999999999988e+00,-1.063130000000000047e-01,-6.163459999999999495e-01,-5.530999999999999805e-02,1.232010000000000050e-01,7.352410000000000334e-01,-1.828180000000000083e-01,-1.318149999999999877e-01,6.842369999999999841e-01,7.607420000000000293e-01,-9.223660000000000192e-01,-3.868309999999999804e-01,3.272140000000000049e-01,-6.673489999999999700e-01,-2.299453999999999887e+00,1.984820999999999946e+00,8.627489999999999881e-01,4.037189999999999945e-01,5.312280000000000335e-01,9.392540000000000333e-01,4.547229999999999883e-01,-8.081199999999999495e-02,-1.202884000000000064e+00,9.647550000000000292e-01,-7.693560000000000398e-01,-3.358280000000000154e-01,6.587359999999999882e-01,4.037189999999999945e-01,5.567290000000000294e-01,3.272140000000000049e-01,4.037189999999999945e-01,-1.063130000000000047e-01,-5.530999999999999805e-02,-5.143389999999999906e-01,-4.307000000000000065e-03,2.762109999999999843e-01,-2.848249999999999948e-01,6.587359999999999882e-01,4.292210000000000192e-01,-1.942431000000000019e+00,1.742049999999999987e-01,1.321777999999999897e+00,1.474787999999999988e+00,1.219772000000000078e+00,3.527159999999999740e-01,-1.049873999999999974e+00,-9.223660000000000192e-01,3.017130000000000090e-01,2.265338999999999992e+00,-9.988700000000000356e-01,-6.163459999999999495e-01,2.119499999999999856e-02,3.272140000000000049e-01,1.997059999999999946e-01,4.037189999999999945e-01,-5.530999999999999805e-02,-5.398410000000000153e-01,-4.888379999999999947e-01,7.352410000000000334e-01,5.567290000000000294e-01,7.352410000000000334e-01,8.882499999999999840e-01,1.143267000000000033e+00,-4.307000000000000065e-03,-3.217512999999999845e+00,-2.338210000000000011e-01,1.168768000000000029e+00,7.862440000000000540e-01,-8.081199999999999495e-02,1.232010000000000050e-01,5.567290000000000294e-01,9.137520000000000087e-01,9.769999999999999518e-02,-1.865925999999999974e+00,2.252079999999999915e-01,6.332339999999999636e-01,6.077320000000000499e-01,4.292210000000000192e-01,-5.530999999999999805e-02,4.292210000000000192e-01,-1.318149999999999877e-01,9.769999999999999518e-02,3.272140000000000049e-01,-7.948570000000000357e-01,-8.081199999999999495e-02,7.352410000000000334e-01,7.097390000000000088e-01,-5.143389999999999906e-01,-6.673489999999999700e-01,4.037189999999999945e-01,1.449286000000000074e+00,-2.980800000000000116e-02,-1.177381999999999929e+00,8.117459999999999676e-01,7.862440000000000540e-01,-3.103259999999999907e-01,4.547229999999999883e-01,1.015759000000000079e+00,-4.307000000000000065e-03,-8.713619999999999699e-01,-1.661912999999999974e+00,2.507099999999999884e-01,7.352410000000000334e-01,1.219772000000000078e+00,1.219772000000000078e+00,1.933816999999999897e+00,-1.508903000000000105e+00,-3.115505999999999887e+00,-8.081199999999999495e-02,1.500289999999999901e+00,1.092262999999999984e+00,1.015759000000000079e+00,3.272140000000000049e-01,-8.081199999999999495e-02,-3.613299999999999845e-01,-3.103259999999999907e-01,8.372469999999999635e-01,2.119499999999999856e-02,-1.202884000000000064e+00,5.567290000000000294e-01,-1.318149999999999877e-01,4.669600000000000140e-02,2.762109999999999843e-01,1.576794999999999947e+00,4.547229999999999883e-01,-1.942431000000000019e+00,7.862440000000000540e-01,4.547229999999999883e-01,9.902570000000000539e-01,5.822310000000000541e-01,9.902570000000000539e-01,-1.318149999999999877e-01,-1.789420999999999928e+00,-5.143389999999999906e-01,1.092262999999999984e+00,-2.338210000000000011e-01,-4.378349999999999742e-01,4.292210000000000192e-01,8.882499999999999840e-01,8.117459999999999676e-01,8.372469999999999635e-01,-1.024372000000000060e+00,-9.988700000000000356e-01,9.902570000000000539e-01,-2.593230000000000257e-01,4.547229999999999883e-01,9.137520000000000087e-01,1.997059999999999946e-01,3.017130000000000090e-01
5.312280000000000335e-01,7.219799999999999829e-02,-2.083200000000000052e-01,-1.063130000000000047e-01,7.607420000000000293e-01,5.312280000000000335e-01,3.272140000000000049e-01,1.997059999999999946e-01,1.742049999999999987e-01,-5.530999999999999805e-02,-1.573170000000000124e-01,-2.848249999999999948e-01,-2.083200000000000052e-01,4.669600000000000140e-02,2.119499999999999856e-02,-2.980800000000000116e-02,1.487030000000000018e-01,3.527159999999999740e-01,4.037189999999999945e-01,5.822310000000000541e-01,5.312280000000000335e-01,1.232010000000000050e-01,-1.828180000000000083e-01,-3.103259999999999907e-01,3.527159999999999740e-01,2.507099999999999884e-01,-8.081199999999999495e-02,1.232010000000000050e-01,1.997059999999999946e-01,1.487030000000000018e-01,1.232010000000000050e-01,1.997059999999999946e-01,3.272140000000000049e-01,3.017130000000000090e-01,-4.307000000000000065e-03,1.232010000000000050e-01,9.769999999999999518e-02,7.219799999999999829e-02,9.769999999999999518e-02,-2.980800000000000116e-02,-2.980800000000000116e-02,4.292210000000000192e-01,2.507099999999999884e-01,-1.318149999999999877e-01,-2.848249999999999948e-01,1.742049999999999987e-01,2.119499999999999856e-02,7.607420000000000293e-01,5.822310000000000541e-01,1.232010000000000050e-01,7.219799999999999829e-02,1.742049999999999987e-01,-4.307000000000000065e-03,-4.307000000000000065e-03,4.669600000000000140e-02,-2.980800000000000116e-02,5.312280000000000335e-01,3.017130000000000090e-01,2.762109999999999843e-01,-4.307000000000000065e-03,-1.063130000000000047e-01,-5.530999999999999805e-02,-4.307000000000000065e-03,1.232010000000000050e-01,1.742049999999999987e-01,2.762109999999999843e-01,4.802239999999999842e-01,3.527159999999999740e-01,3.272140000000000049e-01,4.669600000000000140e-02,-1.573170000000000124e-01,-3.103259999999999907e-01,-2.980800000000000116e-02,1.742049999999999987e-01,2.762109999999999843e-01,2.507099999999999884e-01,1.487030000000000018e-01,3.527159999999999740e-01,3.272140000000000049e-01,4.669600000000000140e-02,9.769999999999999518e-02,2.762109999999999843e-01,2.762109999999999843e-01,1.487030000000000018e-01,-2.980800000000000116e-02,2.507099999999999884e-01,9.769999999999999518e-02,2.119499999999999856e-02,1.232010000000000050e-01,-8.081199999999999495e-02,2.119499999999999856e-02,1.487030000000000018e-01,1.232010000000000050e-01,2.252079999999999915e-01,1.997059999999999946e-01,4.292210000000000192e-01,2.762109999999999843e-01,3.272140000000000049e-01,2.762109999999999843e-01,1.232010000000000050e-01,-2.980800000000000116e-02,-1.828180000000000083e-01,-2.338210000000000011e-01,2.119499999999999856e-02,1.232010000000000050e-01,2.252079999999999915e-01,2.252079999999999915e-01,2.762109999999999843e-01,4.037189999999999945e-01,2.252079999999999915e-01,-3.868309999999999804e-01,4.669600000000000140e-02,4.802239999999999842e-01,3.272140000000000049e-01,5.312280000000000335e-01,2.507099999999999884e-01,-2.083200000000000052e-01,-1.318149999999999877e-01,-8.081199999999999495e-02,9.769999999999999518e-02,1.742049999999999987e-01,4.292210000000000192e-01,2.252079999999999915e-01,-2.083200000000000052e-01,-8.081199999999999495e-02,3.782179999999999986e-01,4.037189999999999945e-01,6.842369999999999841e-01,5.822310000000000541e-01,1.997059999999999946e-01,-4.888379999999999947e-01,-5.143389999999999906e-01,7.219799999999999829e-02,6.587359999999999882e-01,-1.063130000000000047e-01,3.017130000000000090e-01,6.332339999999999636e-01,3.017130000000000090e-01,-7.948570000000000357e-01,-4.307000000000000065e-03,8.882499999999999840e-01,9.902570000000000539e-01,-3.358280000000000154e-01,-3.868309999999999804e-01,-5.143389999999999906e-01,-1.828180000000000083e-01,2.507099999999999884e-01,-2.338210000000000011e-01,4.292210000000000192e-01,5.312280000000000335e-01,6.077320000000000499e-01,-1.063130000000000047e-01,3.782179999999999986e-01,5.567290000000000294e-01,9.769999999999999518e-02,1.232010000000000050e-01,4.669600000000000140e-02,-2.848249999999999948e-01,-3.613299999999999845e-01,7.352410000000000334e-01,-5.530999999999999805e-02,-8.081199999999999495e-02,5.057260000000000089e-01,1.487030000000000018e-01,5.057260000000000089e-01,2.252079999999999915e-01,-5.530999999999999805e-02,2.119499999999999856e-02,4.669600000000000140e-02,2.252079999999999915e-01,2.252079999999999915e-01,-6.673489999999999700e-01,-5.908440000000000358e-01,4.669600000000000140e-02,2.119499999999999856e-02,8.882499999999999840e-01,7.219799999999999829e-02,9.902570000000000539e-01,4.292210000000000192e-01,-5.908440000000000358e-01,6.077320000000000499e-01,-1.063130000000000047e-01,4.547229999999999883e-01,5.567290000000000294e-01,1.742049999999999987e-01,-3.358280000000000154e-01,-5.653430000000000399e-01,-3.103259999999999907e-01,1.232010000000000050e-01,1.015759000000000079e+00,2.061326000000000214e+00,-1.253886999999999974e+00,-2.299453999999999887e+00,-8.458609999999999740e-01,1.742049999999999987e-01,1.755306000000000033e+00,1.372781000000000029e+00,7.352410000000000334e-01,8.372469999999999635e-01,9.137520000000000087e-01,8.117459999999999676e-01,-1.483402000000000109e+00,-1.967932999999999932e+00,-4.123330000000000051e-01,2.252079999999999915e-01,2.252079999999999915e-01,-1.024372000000000060e+00,1.755306000000000033e+00,8.372469999999999635e-01,6.077320000000000499e-01,1.117764999999999898e+00,2.762109999999999843e-01,-1.177381999999999929e+00,-3.868309999999999804e-01,3.272140000000000049e-01,4.547229999999999883e-01,3.272140000000000049e-01,3.782179999999999986e-01,-3.358280000000000154e-01,1.487030000000000018e-01,-5.653430000000000399e-01,-2.452463999999999977e+00,1.232010000000000050e-01,3.081390999999999991e+00,2.545856999999999815e+00,-8.203589999999999494e-01,-2.732981999999999800e+00,-1.828180000000000083e-01,1.831811000000000078e+00,2.214335000000000164e+00,1.232010000000000050e-01,-6.928509999999999946e-01,-3.868309999999999804e-01,-6.163459999999999495e-01,-8.081199999999999495e-02,7.607420000000000293e-01,4.037189999999999945e-01,-1.330392000000000019e+00,-7.438540000000000152e-01,1.423785000000000078e+00,1.933816999999999897e+00,-7.948570000000000357e-01,2.762109999999999843e-01,3.272140000000000049e-01,-2.848249999999999948e-01,-1.381394999999999929e+00,1.232010000000000050e-01,1.729803999999999897e+00,1.168768000000000029e+00,-7.693560000000000398e-01,4.037189999999999945e-01,-1.318149999999999877e-01,-3.103259999999999907e-01,1.041260000000000074e+00,5.567290000000000294e-01,-1.063130000000000047e-01,-1.100877000000000105e+00,-1.100877000000000105e+00,1.232010000000000050e-01,1.117764999999999898e+00,9.902570000000000539e-01,-1.075374999999999970e+00,9.392540000000000333e-01,9.392540000000000333e-01,7.219799999999999829e-02,1.232010000000000050e-01,1.245273000000000074e+00,-1.318149999999999877e-01,-1.318149999999999877e-01,-1.063130000000000047e-01,9.647550000000000292e-01,-9.733690000000000397e-01,-4.888379999999999947e-01,6.587359999999999882e-01,3.272140000000000049e-01,5.312280000000000335e-01,6.587359999999999882e-01,6.587359999999999882e-01,-2.848249999999999948e-01,3.272140000000000049e-01,-6.163459999999999495e-01,1.194269999999999943e+00,-6.928509999999999946e-01,-3.217512999999999845e+00,6.332339999999999636e-01,1.347280000000000033e+00,1.551293000000000033e+00,1.168768000000000029e+00,-1.063130000000000047e-01,4.292210000000000192e-01,6.077320000000000499e-01,-4.378349999999999742e-01,-1.279387999999999970e+00,-2.083200000000000052e-01,4.037189999999999945e-01,8.627489999999999881e-01,-4.123330000000000051e-01,1.742049999999999987e-01,4.669600000000000140e-02,9.769999999999999518e-02,2.119499999999999856e-02,1.704302999999999901e+00,-5.908440000000000358e-01,-9.988700000000000356e-01,1.729803999999999897e+00,-8.713619999999999699e-01,-2.350457000000000019e+00,1.857312000000000074e+00,2.762109999999999843e-01,-9.478670000000000151e-01,1.143267000000000033e+00,-4.123330000000000051e-01,9.647550000000000292e-01,1.066761999999999988e+00,3.527159999999999740e-01,6.587359999999999882e-01,1.997059999999999946e-01,-1.763919000000000015e+00,2.507099999999999884e-01,1.997059999999999946e-01,1.015759000000000079e+00,-4.888379999999999947e-01,-7.438540000000000152e-01,1.742049999999999987e-01,1.232010000000000050e-01,-2.338210000000000011e-01,9.647550000000000292e-01,4.802239999999999842e-01,3.272140000000000049e-01,-1.318149999999999877e-01,3.782179999999999986e-01,-1.318149999999999877e-01,2.252079999999999915e-01,5.567290000000000294e-01,4.802239999999999842e-01,1.487030000000000018e-01,2.119499999999999856e-02,3.017130000000000090e-01,1.015759000000000079e+00,-1.967932999999999932e+00,-2.350457000000000019e+00,1.321777999999999897e+00,1.296276999999999902e+00,1.041260000000000074e+00,8.627489999999999881e-01,-1.202884000000000064e+00,4.292210000000000192e-01,7.352410000000000334e-01,8.372469999999999635e-01,2.507099999999999884e-01,7.352410000000000334e-01,1.487030000000000018e-01,-1.432398000000000060e+00,-1.126379000000000019e+00,-1.508903000000000105e+00,-3.868309999999999804e-01,6.842369999999999841e-01,6.842369999999999841e-01,2.086826999999999988e+00,1.219772000000000078e+00,1.168768000000000029e+00,-2.848249999999999948e-01,-3.868309999999999804e-01,-8.968639999999999946e-01,-4.633360000000000256e-01,2.507099999999999884e-01,6.332339999999999636e-01,5.312280000000000335e-01,8.372469999999999635e-01,-5.143389999999999906e-01,4.292210000000000192e-01,5.567290000000000294e-01,-3.868309999999999804e-01,-8.458609999999999740e-01,-4.307000000000000065e-03,4.802239999999999842e-01,6.077320000000000499e-01,-5.908440000000000358e-01,5.312280000000000335e-01,1.653299000000000074e+00,3.017130000000000090e-01,-1.304890000000000105e+00,-3.868309999999999804e-01,7.097390000000000088e-01,8.372469999999999635e-01,1.321777999999999897e+00,8.372469999999999635e-01,3.017130000000000090e-01,7.219799999999999829e-02,-9.733690000000000397e-01,1.997059999999999946e-01,-1.049873999999999974e+00,1.742049999999999987e-01,2.762109999999999843e-01,2.252079999999999915e-01,-5.530999999999999805e-02,4.292210000000000192e-01,8.117459999999999676e-01,1.959319000000000033e+00,-8.203589999999999494e-01,-3.243014000000000063e+00,1.398282999999999943e+00,2.035823999999999856e+00,5.567290000000000294e-01,6.077320000000000499e-01,-5.908440000000000358e-01,-4.123330000000000051e-01,4.292210000000000192e-01,6.842369999999999841e-01,-2.338210000000000011e-01,-4.378349999999999742e-01,-8.458609999999999740e-01,7.607420000000000293e-01,4.292210000000000192e-01,-8.081199999999999495e-02,8.117459999999999676e-01,4.037189999999999945e-01,-5.530999999999999805e-02,9.647550000000000292e-01,7.219799999999999829e-02,-8.458609999999999740e-01,-4.633360000000000256e-01,3.017130000000000090e-01,3.272140000000000049e-01,1.487030000000000018e-01,-2.338210000000000011e-01,5.567290000000000294e-01,8.372469999999999635e-01,9.137520000000000087e-01,-3.358280000000000154e-01,-1.151880000000000015e+00,5.057260000000000089e-01,3.272140000000000049e-01,5.822310000000000541e-01,6.332339999999999636e-01,-1.075374999999999970e+00,-7.183530000000000193e-01,1.117764999999999898e+00,6.332339999999999636e-01,-5.653430000000000399e-01,-6.928509999999999946e-01,2.188833999999999946e+00,-2.848249999999999948e-01,-9.988700000000000356e-01,3.782179999999999986e-01,1.487030000000000018e-01,8.882499999999999840e-01,9.392540000000000333e-01,7.862440000000000540e-01,-2.980800000000000116e-02,-4.888379999999999947e-01,-2.083200000000000052e-01,1.296276999999999902e+00,1.742049999999999987e-01,-2.083200000000000052e-01,-4.888379999999999947e-01,-7.438540000000000152e-01,-6.928509999999999946e-01,1.347280000000000033e+00,1.232010000000000050e-01,-6.928509999999999946e-01,-4.888379999999999947e-01,6.332339999999999636e-01,1.143267000000000033e+00,2.252079999999999915e-01,-9.478670000000000151e-01,-1.063130000000000047e-01,1.678800999999999988e+00,-4.307000000000000065e-03,-5.143389999999999906e-01,6.332339999999999636e-01,9.647550000000000292e-01,-4.378349999999999742e-01,7.219799999999999829e-02,5.312280000000000335e-01,3.272140000000000049e-01,-1.636411000000000060e+00,-5.908440000000000358e-01,-1.916929000000000105e+00,2.035823999999999856e+00,1.653299000000000074e+00,5.822310000000000541e-01,-3.358280000000000154e-01,6.077320000000000499e-01,-1.253886999999999974e+00,6.842369999999999841e-01,1.627798000000000078e+00,4.292210000000000192e-01,8.627489999999999881e-01,-6.418479999999999741e-01,1.232010000000000050e-01,-7.948570000000000357e-01,-6.673489999999999700e-01,5.822310000000000541e-01,6.077320000000000499e-01,-1.318149999999999877e-01,3.527159999999999740e-01,2.119499999999999856e-02,5.567290000000000294e-01,3.782179999999999986e-01,-5.653430000000000399e-01,9.902570000000000539e-01,-8.968639999999999946e-01,1.232010000000000050e-01,-1.318149999999999877e-01,1.551293000000000033e+00,-1.063130000000000047e-01,-4.633360000000000256e-01,3.272140000000000049e-01,7.097390000000000088e-01,1.997059999999999946e-01,-5.908440000000000358e-01,6.077320000000000499e-01,8.117459999999999676e-01,-1.573170000000000124e-01,-1.330392000000000019e+00,-2.083200000000000052e-01,1.092262999999999984e+00,9.137520000000000087e-01,7.607420000000000293e-01,6.587359999999999882e-01,-2.426962000000000064e+00,-8.458609999999999740e-01,5.822310000000000541e-01,8.372469999999999635e-01,1.270774999999999988e+00,7.097390000000000088e-01,1.742049999999999987e-01,2.507099999999999884e-01,-9.223660000000000192e-01,-1.355893000000000015e+00,-7.183530000000000193e-01,1.423785000000000078e+00,1.245273000000000074e+00,7.862440000000000540e-01,-3.358280000000000154e-01,-5.530999999999999805e-02,-2.980800000000000116e-02,1.117764999999999898e+00,2.119499999999999856e-02,-2.848249999999999948e-01,4.547229999999999883e-01,-5.143389999999999906e-01,4.547229999999999883e-01,2.762109999999999843e-01,1.997059999999999946e-01,-9.223660000000000192e-01,3.272140000000000049e-01,3.017130000000000090e-01,2.762109999999999843e-01,1.092262999999999984e+00,5.312280000000000335e-01,-1.610910000000000064e+00,-7.948570000000000357e-01,5.822310000000000541e-01,1.232010000000000050e-01,-6.673489999999999700e-01,1.296276999999999902e+00,1.066761999999999988e+00,5.057260000000000089e-01,4.292210000000000192e-01,1.487030000000000018e-01,-1.318149999999999877e-01,-4.633360000000000256e-01,-2.593230000000000257e-01,-5.908440000000000358e-01,-6.928509999999999946e-01,1.232010000000000050e-01,1.015759000000000079e+00,1.882813999999999988e+00,3.782179999999999986e-01,-2.980800000000000116e-02,5.312280000000000335e-01,-5.398410000000000153e-01,-7.948570000000000357e-01,-4.307000000000000065e-03,-5.398410000000000153e-01,1.500289999999999901e+00,1.576794999999999947e+00,-1.573170000000000124e-01,2.252079999999999915e-01,3.272140000000000049e-01,-9.223660000000000192e-01,-1.318149999999999877e-01,2.119499999999999856e-02,4.292210000000000192e-01,9.769999999999999518e-02,1.232010000000000050e-01,7.097390000000000088e-01,-1.100877000000000105e+00,1.997059999999999946e-01,9.647550000000000292e-01,1.066761999999999988e+00,-2.593230000000000257e-01,1.742049999999999987e-01,3.782179999999999986e-01,2.119499999999999856e-02,1.997059999999999946e-01,9.769999999999999518e-02,5.567290000000000294e-01,1.742049999999999987e-01,-3.358280000000000154e-01,2.119499999999999856e-02,-8.458609999999999740e-01,8.882499999999999840e-01,1.678800999999999988e+00,-8.203589999999999494e-01,-7.693560000000000398e-01,-1.573170000000000124e-01,8.372469999999999635e-01,5.057260000000000089e-01,-6.928509999999999946e-01,-9.988700000000000356e-01,5.312280000000000335e-01,5.567290000000000294e-01,5.567290000000000294e-01,7.607420000000000293e-01,7.862440000000000540e-01,3.272140000000000049e-01,1.997059999999999946e-01,-3.868309999999999804e-01,-5.653430000000000399e-01,7.862440000000000540e-01,-1.202884000000000064e+00,-2.083200000000000052e-01,1.194269999999999943e+00,7.607420000000000293e-01,-5.530999999999999805e-02,7.352410000000000334e-01,1.015759000000000079e+00,-8.713619999999999699e-01,-5.908440000000000358e-01,4.547229999999999883e-01,2.507099999999999884e-01,-1.202884000000000064e+00,-3.103259999999999907e-01,5.822310000000000541e-01,2.239837000000000078e+00,-4.123330000000000051e-01,-5.653430000000000399e-01,6.587359999999999882e-01,6.077320000000000499e-01,-2.848249999999999948e-01,3.782179999999999986e-01,-7.438540000000000152e-01,2.252079999999999915e-01,1.117764999999999898e+00,-1.573170000000000124e-01,-4.123330000000000051e-01,9.392540000000000333e-01,3.272140000000000049e-01,-1.063130000000000047e-01,-1.063130000000000047e-01,-4.378349999999999742e-01,-6.163459999999999495e-01,6.332339999999999636e-01,4.547229999999999883e-01,2.762109999999999843e-01,1.933816999999999897e+00,-3.868309999999999804e-01,-2.860489999999999977e+00,4.037189999999999945e-01,1.423785000000000078e+00,1.194269999999999943e+00,9.137520000000000087e-01,8.627489999999999881e-01,-4.378349999999999742e-01,-1.585407999999999928e+00,-2.083200000000000052e-01,2.507099999999999884e-01,7.862440000000000540e-01,5.567290000000000294e-01,1.066761999999999988e+00,-3.358280000000000154e-01,-5.398410000000000153e-01,-6.163459999999999495e-01,6.332339999999999636e-01,2.507099999999999884e-01,2.762109999999999843e-01,2.762109999999999843e-01,3.272140000000000049e-01,1.232010000000000050e-01,-1.573170000000000124e-01,-3.358280000000000154e-01,1.742049999999999987e-01,4.547229999999999883e-01,8.372469999999999635e-01,4.802239999999999842e-01,3.017130000000000090e-01,1.398282999999999943e+00,-2.848249999999999948e-01,-3.447026999999999841e+00,-2.980800000000000116e-02,9.137520000000000087e-01,3.527159999999999740e-01,8.372469999999999635e-01,1.219772000000000078e+00,7.862440000000000540e-01,1.232010000000000050e-01,1.487030000000000018e-01,-5.530999999999999805e-02,-1.318149999999999877e-01,-5.653430000000000399e-01,1.742049999999999987e-01,-8.081199999999999495e-02,1.232010000000000050e-01,-1.063130000000000047e-01,3.782179999999999986e-01,-2.593230000000000257e-01,-4.888379999999999947e-01,8.882499999999999840e-01,4.037189999999999945e-01,8.117459999999999676e-01,-7.438540000000000152e-01,2.762109999999999843e-01,2.119499999999999856e-02,-8.081199999999999495e-02,-2.083200000000000052e-01,1.398282999999999943e+00,7.607420000000000293e-01,-3.103259999999999907e-01,1.487030000000000018e-01,-4.888379999999999947e-01,9.769999999999999518e-02,6.077320000000000499e-01,5.822310000000000541e-01,4.037189999999999945e-01,-2.593230000000000257e-01,-7.438540000000000152e-01,-3.613299999999999845e-01,5.567290000000000294e-01,2.507099999999999884e-01,1.525790999999999897e+00,-1.049873999999999974e+00,-1.100877000000000105e+00,-6.673489999999999700e-01,5.822310000000000541e-01,1.525790999999999897e+00,1.143267000000000033e+00,6.332339999999999636e-01,7.097390000000000088e-01,2.762109999999999843e-01,-2.338210000000000011e-01,-6.418479999999999741e-01,-6.418479999999999741e-01,6.842369999999999841e-01,4.547229999999999883e-01,-1.075374999999999970e+00,1.997059999999999946e-01,5.057260000000000089e-01,-1.573170000000000124e-01,3.272140000000000049e-01,8.882499999999999840e-01,4.802239999999999842e-01,-2.593230000000000257e-01,1.487030000000000018e-01,1.997059999999999946e-01,1.232010000000000050e-01,4.547229999999999883e-01,3.017130000000000090e-01,7.097390000000000088e-01,-3.103259999999999907e-01,-1.508903000000000105e+00,9.769999999999999518e-02,1.372781000000000029e+00,1.168768000000000029e+00,-2.083200000000000052e-01,-1.100877000000000105e+00,-3.103259999999999907e-01,5.312280000000000335e-01,8.372469999999999635e-01,-4.633360000000000256e-01,-4.307000000000000065e-03,3.527159999999999740e-01,1.487030000000000018e-01,4.292210000000000192e-01,8.372469999999999635e-01,1.232010000000000050e-01,5.312280000000000335e-01,2.507099999999999884e-01,2.119499999999999856e-02,-1.406897000000000064e+00,-1.687415000000000109e+00,6.332339999999999636e-01,7.607420000000000293e-01,1.117764999999999898e+00,7.352410000000000334e-01,1.117764999999999898e+00,-1.573170000000000124e-01,-7.693560000000000398e-01,7.219799999999999829e-02,1.232010000000000050e-01,7.097390000000000088e-01,4.669600000000000140e-02,-1.483402000000000109e+00,2.762109999999999843e-01,1.232010000000000050e-01,-1.573170000000000124e-01,6.077320000000000499e-01,4.037189999999999945e-01,2.507099999999999884e-01,6.332339999999999636e-01,3.272140000000000049e-01,1.742049999999999987e-01,-5.653430000000000399e-01,2.119499999999999856e-02,2.507099999999999884e-01,-9.988700000000000356e-01,-2.083200000000000052e-01,8.882499999999999840e-01,1.117764999999999898e+00,-3.868309999999999804e-01,-3.358280000000000154e-01,3.272140000000000049e-01,1.398282999999999943e+00,1.117764999999999898e+00,-1.573170000000000124e-01,-1.573170000000000124e-01,-5.143389999999999906e-01,-6.163459999999999495e-01,3.527159999999999740e-01,2.119499999999999856e-02,3.017130000000000090e-01,1.487030000000000018e-01,1.232010000000000050e-01,1.487030000000000018e-01,5.567290000000000294e-01,3.782179999999999986e-01,2.762109999999999843e-01,-5.143389999999999906e-01,-1.318149999999999877e-01,5.057260000000000089e-01,5.057260000000000089e-01,1.487030000000000018e-01,3.527159999999999740e-01,2.119499999999999856e-02,5.057260000000000089e-01,6.077320000000000499e-01,-3.613299999999999845e-01,6.077320000000000499e-01,-1.304890000000000105e+00,-5.143389999999999906e-01,-5.530999999999999805e-02,5.312280000000000335e-01,8.372469999999999635e-01,2.252079999999999915e-01,6.077320000000000499e-01,1.015759000000000079e+00,-7.183530000000000193e-01,-8.968639999999999946e-01,-6.418479999999999741e-01,7.352410000000000334e-01,9.392540000000000333e-01,4.802239999999999842e-01,-1.573170000000000124e-01,-1.318149999999999877e-01,-1.318149999999999877e-01,5.312280000000000335e-01,1.525790999999999897e+00,1.487030000000000018e-01,-1.330392000000000019e+00,-1.100877000000000105e+00,-2.593230000000000257e-01,4.292210000000000192e-01,1.092262999999999984e+00,1.487030000000000018e-01,9.769999999999999518e-02,1.219772000000000078e+00,4.547229999999999883e-01,4.669600000000000140e-02,6.077320000000000499e-01,4.037189999999999945e-01,-4.307000000000000065e-03,-1.024372000000000060e+00,-3.358280000000000154e-01,2.119499999999999856e-02,2.252079999999999915e-01,1.997059999999999946e-01,-1.573170000000000124e-01,8.117459999999999676e-01,9.647550000000000292e-01,-1.202884000000000064e+00,-5.908440000000000358e-01,3.527159999999999740e-01,3.527159999999999740e-01,1.729803999999999897e+00,1.500289999999999901e+00,-1.534405000000000019e+00,-1.355893000000000015e+00,-3.103259999999999907e-01,1.653299000000000074e+00,1.372781000000000029e+00,5.567290000000000294e-01,-5.530999999999999805e-02,-5.530999999999999805e-02,-5.653430000000000399e-01,-5.530999999999999805e-02,-2.848249999999999948e-01,7.607420000000000293e-01,-6.163459999999999495e-01,-7.438540000000000152e-01,-3.358280000000000154e-01,6.332339999999999636e-01,-2.848249999999999948e-01,1.092262999999999984e+00,4.802239999999999842e-01,5.312280000000000335e-01,1.372781000000000029e+00,-5.908440000000000358e-01,-9.733690000000000397e-01,4.547229999999999883e-01,7.352410000000000334e-01,3.272140000000000049e-01,8.117459999999999676e-01,6.332339999999999636e-01,-8.968639999999999946e-01,-1.126379000000000019e+00,2.762109999999999843e-01,1.015759000000000079e+00,1.997059999999999946e-01,1.997059999999999946e-01,-3.613299999999999845e-01,1.997059999999999946e-01,2.119499999999999856e-02,-4.888379999999999947e-01,5.057260000000000089e-01,5.312280000000000335e-01,-2.593230000000000257e-01,3.782179999999999986e-01,1.296276999999999902e+00,-7.948570000000000357e-01,2.119499999999999856e-02,5.567290000000000294e-01,4.547229999999999883e-01,-2.083200000000000052e-01,9.769999999999999518e-02,-5.908440000000000358e-01,-3.358280000000000154e-01,9.647550000000000292e-01,5.057260000000000089e-01,2.252079999999999915e-01,-2.980800000000000116e-02,-3.613299999999999845e-01,3.782179999999999986e-01,6.077320000000000499e-01,1.742049999999999987e-01,-1.573170000000000124e-01,-7.438540000000000152e-01,-3.868309999999999804e-01,4.292210000000000192e-01,1.742049999999999987e-01,2.762109999999999843e-01,5.567290000000000294e-01,9.392540000000000333e-01,-1.318149999999999877e-01,-4.378349999999999742e-01,4.037189999999999945e-01,-3.103259999999999907e-01,4.292210000000000192e-01,-1.330392000000000019e+00,5.822310000000000541e-01,1.449286000000000074e+00,-4.307000000000000065e-03,-1.318149999999999877e-01,5.567290000000000294e-01,-3.103259999999999907e-01,4.292210000000000192e-01,2.507099999999999884e-01,2.252079999999999915e-01,6.587359999999999882e-01,-4.307000000000000065e-03,-7.438540000000000152e-01,-1.483402000000000109e+00,5.567290000000000294e-01,2.252079999999999915e-01,-3.103259999999999907e-01,6.842369999999999841e-01,1.245273000000000074e+00,1.321777999999999897e+00,7.607420000000000293e-01,-1.304890000000000105e+00,-1.126379000000000019e+00,9.769999999999999518e-02,9.137520000000000087e-01,-1.828180000000000083e-01,-1.573170000000000124e-01,1.041260000000000074e+00,1.092262999999999984e+00,9.392540000000000333e-01,-1.253886999999999974e+00,-1.828180000000000083e-01,5.312280000000000335e-01,4.292210000000000192e-01,1.487030000000000018e-01,-9.478670000000000151e-01,2.252079999999999915e-01,5.312280000000000335e-01,-1.063130000000000047e-01,-6.163459999999999495e-01,6.077320000000000499e-01,-1.318149999999999877e-01,-1.318149999999999877e-01,7.352410000000000334e-01,9.392540000000000333e-01,-8.081199999999999495e-02,1.232010000000000050e-01,7.352410000000000334e-01,-2.848249999999999948e-01,-1.049873999999999974e+00,6.587359999999999882e-01,6.842369999999999841e-01,-4.123330000000000051e-01,-4.123330000000000051e-01,9.769999999999999518e-02,7.352410000000000334e-01,5.567290000000000294e-01,6.842369999999999841e-01,2.119499999999999856e-02,-1.075374999999999970e+00,4.292210000000000192e-01,8.117459999999999676e-01,1.232010000000000050e-01,-4.378349999999999742e-01,-2.980800000000000116e-02,2.252079999999999915e-01,-5.530999999999999805e-02,4.292210000000000192e-01,5.567290000000000294e-01,-3.103259999999999907e-01,2.507099999999999884e-01,-8.081199999999999495e-02,6.077320000000000499e-01,-2.593230000000000257e-01,-4.307000000000000065e-03,-1.049873999999999974e+00,-3.613299999999999845e-01,6.842369999999999841e-01,4.292210000000000192e-01,5.822310000000000541e-01,8.372469999999999635e-01,6.587359999999999882e-01,9.137520000000000087e-01,-1.024372000000000060e+00,-1.177381999999999929e+00,4.037189999999999945e-01,2.762109999999999843e-01,7.352410000000000334e-01,4.802239999999999842e-01,-2.593230000000000257e-01,2.507099999999999884e-01,1.487030000000000018e-01,4.037189999999999945e-01,-5.530999999999999805e-02,-3.358280000000000154e-01,-6.928509999999999946e-01,6.077320000000000499e-01,5.312280000000000335e-01,4.292210000000000192e-01,-1.828180000000000083e-01,3.017130000000000090e-01,4.802239999999999842e-01,-1.828180000000000083e-01,2.119499999999999856e-02,9.769999999999999518e-02,2.252079999999999915e-01,4.669600000000000140e-02,5.567290000000000294e-01,8.117459999999999676e-01,-5.530999999999999805e-02,-1.063130000000000047e-01,-5.530999999999999805e-02,4.669600000000000140e-02,-3.358280000000000154e-01,6.332339999999999636e-01,4.037189999999999945e-01,5.822310000000000541e-01,-8.968639999999999946e-01,4.037189999999999945e-01,6.587359999999999882e-01,5.567290000000000294e-01,3.017130000000000090e-01,-3.358280000000000154e-01,-7.183530000000000193e-01,-1.063130000000000047e-01,3.272140000000000049e-01,7.097390000000000088e-01,1.372781000000000029e+00,7.352410000000000334e-01,-6.163459999999999495e-01,-4.888379999999999947e-01,-1.828180000000000083e-01,1.232010000000000050e-01,2.762109999999999843e-01,-3.103259999999999907e-01,5.057260000000000089e-01,3.272140000000000049e-01,-2.338210000000000011e-01,6.077320000000000499e-01,1.742049999999999987e-01,-5.908440000000000358e-01,4.547229999999999883e-01,3.527159999999999740e-01,-6.163459999999999495e-01,-1.063130000000000047e-01,9.902570000000000539e-01,1.908315999999999901e+00,1.997059999999999946e-01,-7.693560000000000398e-01,-1.063130000000000047e-01,-1.318149999999999877e-01,-7.948570000000000357e-01,6.077320000000000499e-01,3.527159999999999740e-01,4.037189999999999945e-01,-8.081199999999999495e-02,3.017130000000000090e-01,5.567290000000000294e-01,5.312280000000000335e-01,1.742049999999999987e-01,1.232010000000000050e-01,-2.083200000000000052e-01,-5.398410000000000153e-01,-4.307000000000000065e-03,4.802239999999999842e-01,-8.081199999999999495e-02,-4.888379999999999947e-01,5.822310000000000541e-01,7.352410000000000334e-01,-4.307000000000000065e-03,-2.980800000000000116e-02,9.392540000000000333e-01,-3.103259999999999907e-01,-8.081199999999999495e-02,4.292210000000000192e-01,1.487030000000000018e-01,1.487030000000000018e-01,4.037189999999999945e-01,1.487030000000000018e-01,-8.081199999999999495e-02,2.252079999999999915e-01,9.769999999999999518e-02,3.782179999999999986e-01,3.017130000000000090e-01,-1.573170000000000124e-01,-3.358280000000000154e-01,-3.358280000000000154e-01,-6.928509999999999946e-01,6.077320000000000499e-01,1.321777999999999897e+00,8.627489999999999881e-01,-4.123330000000000051e-01,2.252079999999999915e-01,-1.063130000000000047e-01,-1.828180000000000083e-01,3.272140000000000049e-01,2.762109999999999843e-01,6.332339999999999636e-01,6.842369999999999841e-01,5.312280000000000335e-01,2.119499999999999856e-02,-1.828180000000000083e-01,-1.318149999999999877e-01,-2.980800000000000116e-02,-4.307000000000000065e-03,4.669600000000000140e-02,-5.398410000000000153e-01,-2.338210000000000011e-01,-4.307000000000000065e-03,4.547229999999999883e-01,7.352410000000000334e-01,2.252079999999999915e-01,9.392540000000000333e-01,-8.081199999999999495e-02,-2.980800000000000116e-02,3.017130000000000090e-01,5.057260000000000089e-01,3.017130000000000090e-01,4.547229999999999883e-01,2.119499999999999856e-02,-1.573170000000000124e-01,-9.733690000000000397e-01,-7.438540000000000152e-01,2.507099999999999884e-01,6.332339999999999636e-01,1.997059999999999946e-01,8.372469999999999635e-01,7.352410000000000334e-01,1.232010000000000050e-01,1.232010000000000050e-01,5.567290000000000294e-01,-1.100877000000000105e+00,4.547229999999999883e-01,5.567290000000000294e-01,-6.418479999999999741e-01,-8.968639999999999946e-01,6.842369999999999841e-01,9.647550000000000292e-01,1.041260000000000074e+00,2.119499999999999856e-02,1.487030000000000018e-01,-8.968639999999999946e-01,-2.593230000000000257e-01,1.997059999999999946e-01,-5.530999999999999805e-02,1.742049999999999987e-01,3.017130000000000090e-01,-1.318149999999999877e-01,6.332339999999999636e-01,4.292210000000000192e-01,4.802239999999999842e-01,2.252079999999999915e-01,7.219799999999999829e-02,-3.103259999999999907e-01,4.669600000000000140e-02,1.997059999999999946e-01,2.507099999999999884e-01,1.742049999999999987e-01,1.487030000000000018e-01,2.252079999999999915e-01,2.119499999999999856e-02,8.372469999999999635e-01,-6.673489999999999700e-01,-4.307000000000000065e-03,-8.968639999999999946e-01,7.607420000000000293e-01,4.037189999999999945e-01,-4.378349999999999742e-01,4.292210000000000192e-01,1.143267000000000033e+00,4.802239999999999842e-01,3.272140000000000049e-01,1.742049999999999987e-01,-8.081199999999999495e-02,-4.307000000000000065e-03,-5.398410000000000153e-01,-6.418479999999999741e-01,3.782179999999999986e-01,1.168768000000000029e+00,-3.103259999999999907e-01,-5.398410000000000153e-01,3.527159999999999740e-01,2.252079999999999915e-01,6.587359999999999882e-01,3.017130000000000090e-01,2.252079999999999915e-01,1.232010000000000050e-01,4.037189999999999945e-01,6.842369999999999841e-01,1.232010000000000050e-01,-3.103259999999999907e-01,1.742049999999999987e-01,-1.828180000000000083e-01,7.097390000000000088e-01,5.057260000000000089e-01,-2.452463999999999977e+00,-8.081199999999999495e-02,7.607420000000000293e-01,8.117459999999999676e-01,7.352410000000000334e-01,5.822310000000000541e-01,4.547229999999999883e-01,3.527159999999999740e-01,-3.868309999999999804e-01,4.669600000000000140e-02,1.997059999999999946e-01,-4.307000000000000065e-03,-4.307000000000000065e-03,3.782179999999999986e-01,3.017130000000000090e-01,-7.438540000000000152e-01,4.547229999999999883e-01,4.292210000000000192e-01,4.292210000000000192e-01,2.252079999999999915e-01,-4.378349999999999742e-01,-1.063130000000000047e-01,8.882499999999999840e-01,1.398282999999999943e+00,6.332339999999999636e-01,-1.100877000000000105e+00,-4.633360000000000256e-01,-3.613299999999999845e-01,-5.908440000000000358e-01,7.097390000000000088e-01,-5.530999999999999805e-02,9.392540000000000333e-01,1.372781000000000029e+00,-2.848249999999999948e-01,-4.888379999999999947e-01,-1.828180000000000083e-01,9.769999999999999518e-02,5.822310000000000541e-01,4.037189999999999945e-01,-6.928509999999999946e-01,5.057260000000000089e-01,1.041260000000000074e+00,-2.848249999999999948e-01,-6.163459999999999495e-01,1.232010000000000050e-01,-2.593230000000000257e-01,1.092262999999999984e+00,9.769999999999999518e-02,1.232010000000000050e-01,3.782179999999999986e-01,1.232010000000000050e-01,2.119499999999999856e-02,1.487030000000000018e-01,4.669600000000000140e-02,-4.307000000000000065e-03,4.802239999999999842e-01,9.769999999999999518e-02,-4.123330000000000051e-01,1.487030000000000018e-01,3.017130000000000090e-01,-2.338210000000000011e-01,4.292210000000000192e-01,-4.888379999999999947e-01,-1.063130000000000047e-01,7.352410000000000334e-01,1.143267000000000033e+00,1.245273000000000074e+00,3.017130000000000090e-01,-2.338210000000000011e-01,-8.968639999999999946e-01,-7.183530000000000193e-01,-3.358280000000000154e-01,1.219772000000000078e+00,7.097390000000000088e-01,4.802239999999999842e-01,3.272140000000000049e-01,1.232010000000000050e-01,-2.848249999999999948e-01,-4.888379999999999947e-01,5.312280000000000335e-01,-8.081199999999999495e-02,-5.398410000000000153e-01,1.232010000000000050e-01,4.292210000000000192e-01,6.587359999999999882e-01,4.802239999999999842e-01,-3.103259999999999907e-01,9.769999999999999518e-02,-1.508903000000000105e+00,6.077320000000000499e-01,1.194269999999999943e+00,5.822310000000000541e-01,2.252079999999999915e-01,-5.653430000000000399e-01,1.232010000000000050e-01,4.547229999999999883e-01,-2.593230000000000257e-01,3.272140000000000049e-01,6.842369999999999841e-01,-1.828180000000000083e-01,1.232010000000000050e-01,7.352410000000000334e-01,1.742049999999999987e-01,-5.908440000000000358e-01,-4.378349999999999742e-01,6.332339999999999636e-01,-7.183530000000000193e-01,2.252079999999999915e-01,9.902570000000000539e-01,1.296276999999999902e+00,2.507099999999999884e-01,-1.100877000000000105e+00,-1.049873999999999974e+00,2.119499999999999856e-02,9.392540000000000333e-01,7.607420000000000293e-01,1.742049999999999987e-01,9.769999999999999518e-02,7.862440000000000540e-01,-8.713619999999999699e-01,-4.633360000000000256e-01,5.312280000000000335e-01,4.037189999999999945e-01,6.077320000000000499e-01,1.742049999999999987e-01,2.507099999999999884e-01,-2.980800000000000116e-02,5.057260000000000089e-01,3.782179999999999986e-01,-8.203589999999999494e-01,-1.151880000000000015e+00,7.097390000000000088e-01,3.527159999999999740e-01,3.017130000000000090e-01,1.232010000000000050e-01,8.372469999999999635e-01,3.272140000000000049e-01,-8.968639999999999946e-01,3.527159999999999740e-01,1.066761999999999988e+00,-1.228385000000000060e+00,-3.868309999999999804e-01,1.270774999999999988e+00,1.997059999999999946e-01,1.742049999999999987e-01,2.507099999999999884e-01,1.742049999999999987e-01,5.057260000000000089e-01,1.487030000000000018e-01,-3.613299999999999845e-01,1.232010000000000050e-01,-3.358280000000000154e-01,9.769999999999999518e-02,5.312280000000000335e-01,4.292210000000000192e-01,-4.378349999999999742e-01,-8.081199999999999495e-02,9.647550000000000292e-01,4.669600000000000140e-02,-3.103259999999999907e-01,-2.848249999999999948e-01,3.527159999999999740e-01,9.392540000000000333e-01,1.997059999999999946e-01,-2.083200000000000052e-01,9.769999999999999518e-02,-3.613299999999999845e-01,7.219799999999999829e-02,-2.338210000000000011e-01,1.015759000000000079e+00,1.525790999999999897e+00,-7.183530000000000193e-01,-1.151880000000000015e+00,-8.081199999999999495e-02,3.272140000000000049e-01,5.567290000000000294e-01,6.587359999999999882e-01,7.862440000000000540e-01,-6.928509999999999946e-01,2.119499999999999856e-02,-6.163459999999999495e-01,-1.126379000000000019e+00,7.097390000000000088e-01,-2.593230000000000257e-01,6.587359999999999882e-01,7.097390000000000088e-01,8.117459999999999676e-01,2.252079999999999915e-01,6.332339999999999636e-01,6.842369999999999841e-01,-1.202884000000000064e+00,9.769999999999999518e-02,2.507099999999999884e-01,-6.163459999999999495e-01,6.842369999999999841e-01,6.077320000000000499e-01,4.292210000000000192e-01,7.219799999999999829e-02,-2.980800000000000116e-02,-5.653430000000000399e-01,1.232010000000000050e-01,-1.318149999999999877e-01,6.332339999999999636e-01,7.097390000000000088e-01,1.232010000000000050e-01,7.219799999999999829e-02,3.527159999999999740e-01,-4.307000000000000065e-03,3.782179999999999986e-01,5.822310000000000541e-01,-8.968639999999999946e-01,-9.988700000000000356e-01,3.017130000000000090e-01,1.015759000000000079e+00,5.312280000000000335e-01,-2.083200000000000052e-01,6.587359999999999882e-01,2.762109999999999843e-01,-2.848249999999999948e-01,-5.143389999999999906e-01,-7.183530000000000193e-01,1.015759000000000079e+00,1.627798000000000078e+00,7.862440000000000540e-01,-3.358280000000000154e-01,-1.126379000000000019e+00,-1.585407999999999928e+00,7.219799999999999829e-02,1.347280000000000033e+00,5.312280000000000335e-01,1.041260000000000074e+00,8.372469999999999635e-01,-4.123330000000000051e-01,-9.223660000000000192e-01,2.252079999999999915e-01,7.097390000000000088e-01,4.292210000000000192e-01,5.567290000000000294e-01,-4.307000000000000065e-03,-1.151880000000000015e+00,-8.081199999999999495e-02,2.762109999999999843e-01,1.066761999999999988e+00,7.097390000000000088e-01,-4.888379999999999947e-01,-2.018936000000000064e+00,8.117459999999999676e-01,6.077320000000000499e-01,-2.848249999999999948e-01,8.372469999999999635e-01,4.802239999999999842e-01,5.567290000000000294e-01,1.997059999999999946e-01,4.669600000000000140e-02,1.742049999999999987e-01,6.077320000000000499e-01,1.742049999999999987e-01,-3.358280000000000154e-01,-1.228385000000000060e+00,-4.888379999999999947e-01,9.137520000000000087e-01,5.312280000000000335e-01,8.882499999999999840e-01,-1.828180000000000083e-01,-1.202884000000000064e+00,-1.534405000000000019e+00,1.500289999999999901e+00,1.143267000000000033e+00,-7.948570000000000357e-01,1.742049999999999987e-01,1.194269999999999943e+00,1.143267000000000033e+00,4.037189999999999945e-01,2.762109999999999843e-01,6.587359999999999882e-01,4.292210000000000192e-01,-2.273951999999999973e+00,-1.406897000000000064e+00,8.372469999999999635e-01,7.097390000000000088e-01,5.057260000000000089e-01,-3.613299999999999845e-01,-5.530999999999999805e-02,1.117764999999999898e+00,4.292210000000000192e-01,3.527159999999999740e-01,5.312280000000000335e-01,5.312280000000000335e-01,2.252079999999999915e-01,-4.378349999999999742e-01,2.119499999999999856e-02,2.119499999999999856e-02,-4.307000000000000065e-03,4.547229999999999883e-01,2.252079999999999915e-01,-4.378349999999999742e-01,-4.123330000000000051e-01,1.742049999999999987e-01,5.822310000000000541e-01,4.669600000000000140e-02,3.782179999999999986e-01,6.332339999999999636e-01,2.762109999999999843e-01,-6.163459999999999495e-01,-1.559906000000000015e+00,-4.633360000000000256e-01,2.086826999999999988e+00,2.290840000000000209e+00,-2.848249999999999948e-01,-6.673489999999999700e-01,-1.828180000000000083e-01,5.567290000000000294e-01,9.392540000000000333e-01,-2.120941999999999883e+00,-7.183530000000000193e-01,6.842369999999999841e-01,7.097390000000000088e-01,5.822310000000000541e-01,6.332339999999999636e-01,6.332339999999999636e-01,-2.848249999999999948e-01,-8.968639999999999946e-01,3.017130000000000090e-01,5.057260000000000089e-01,2.252079999999999915e-01,-2.848249999999999948e-01,-8.713619999999999699e-01,5.057260000000000089e-01,3.527159999999999740e-01,4.037189999999999945e-01,3.017130000000000090e-01,7.352410000000000334e-01,1.487030000000000018e-01,-1.828180000000000083e-01,2.252079999999999915e-01,2.762109999999999843e-01,8.117459999999999676e-01,-1.828180000000000083e-01,3.782179999999999986e-01,-1.712916000000000105e+00,-1.304890000000000105e+00,4.292210000000000192e-01,1.704302999999999901e+00,1.959319000000000033e+00,-1.202884000000000064e+00,1.742049999999999987e-01,-5.530999999999999805e-02,8.372469999999999635e-01,3.272140000000000049e-01,9.902570000000000539e-01,-4.307000000000000065e-03,-6.163459999999999495e-01,1.232010000000000050e-01,3.017130000000000090e-01,1.245273000000000074e+00,-7.183530000000000193e-01,-2.324955000000000105e+00,9.392540000000000333e-01,2.762109999999999843e-01,2.762109999999999843e-01,7.862440000000000540e-01,4.802239999999999842e-01,-4.307000000000000065e-03,2.252079999999999915e-01,3.272140000000000049e-01,2.119499999999999856e-02,5.822310000000000541e-01,2.119499999999999856e-02,-5.908440000000000358e-01,4.037189999999999945e-01,-2.980800000000000116e-02,-2.083200000000000052e-01,1.653299000000000074e+00,5.312280000000000335e-01,-9.988700000000000356e-01,1.487030000000000018e-01,-1.573170000000000124e-01,-5.908440000000000358e-01,-4.378349999999999742e-01,-8.081199999999999495e-02,1.168768000000000029e+00,-4.378349999999999742e-01,-3.868309999999999804e-01,1.296276999999999902e+00,8.117459999999999676e-01,-2.848249999999999948e-01,3.527159999999999740e-01,7.607420000000000293e-01,1.066761999999999988e+00,1.474787999999999988e+00,-1.457899999999999974e+00,-1.636411000000000060e+00,7.219799999999999829e-02,2.762109999999999843e-01,3.782179999999999986e-01,-4.307000000000000065e-03,1.742049999999999987e-01,4.292210000000000192e-01,-1.828180000000000083e-01,1.997059999999999946e-01,1.997059999999999946e-01,1.041260000000000074e+00,-3.868309999999999804e-01,-9.223660000000000192e-01,1.742049999999999987e-01,1.066761999999999988e+00,1.372781000000000029e+00,1.232010000000000050e-01,-1.024372000000000060e+00,-5.653430000000000399e-01,1.321777999999999897e+00,6.587359999999999882e-01,-8.081199999999999495e-02,-3.613299999999999845e-01,-2.848249999999999948e-01,3.272140000000000049e-01,-2.338210000000000011e-01,-1.318149999999999877e-01,1.487030000000000018e-01,1.041260000000000074e+00,8.117459999999999676e-01,-8.713619999999999699e-01,-3.868309999999999804e-01,4.802239999999999842e-01,8.372469999999999635e-01,5.057260000000000089e-01,-1.318149999999999877e-01,-5.398410000000000153e-01,-2.083200000000000052e-01,-6.163459999999999495e-01,6.587359999999999882e-01,9.137520000000000087e-01,1.857312000000000074e+00,5.822310000000000541e-01,-7.438540000000000152e-01,-3.868309999999999804e-01,-5.908440000000000358e-01,2.507099999999999884e-01,-8.081199999999999495e-02,6.077320000000000499e-01,4.037189999999999945e-01,-1.126379000000000019e+00,8.882499999999999840e-01,3.782179999999999986e-01,1.997059999999999946e-01,-1.573170000000000124e-01,3.782179999999999986e-01,6.587359999999999882e-01,1.742049999999999987e-01,-5.398410000000000153e-01,1.015759000000000079e+00,-6.418479999999999741e-01,2.119499999999999856e-02,2.762109999999999843e-01,-8.081199999999999495e-02,7.352410000000000334e-01,2.507099999999999884e-01,2.762109999999999843e-01,6.332339999999999636e-01,4.547229999999999883e-01,4.669600000000000140e-02,-2.338210000000000011e-01,9.769999999999999518e-02,4.802239999999999842e-01,-4.378349999999999742e-01,3.272140000000000049e-01,1.487030000000000018e-01,-2.848249999999999948e-01,1.487030000000000018e-01,3.272140000000000049e-01,9.769999999999999518e-02,4.802239999999999842e-01,6.587359999999999882e-01,-1.381394999999999929e+00,-2.593230000000000257e-01,1.245273000000000074e+00,2.252079999999999915e-01,-4.888379999999999947e-01,9.769999999999999518e-02,6.077320000000000499e-01,4.802239999999999842e-01,-1.279387999999999970e+00,2.252079999999999915e-01,9.647550000000000292e-01,8.882499999999999840e-01,-1.828180000000000083e-01,-2.083200000000000052e-01,4.547229999999999883e-01,-2.083200000000000052e-01,1.232010000000000050e-01,2.507099999999999884e-01,7.219799999999999829e-02,-2.083200000000000052e-01,6.332339999999999636e-01,1.997059999999999946e-01,4.547229999999999883e-01,-1.534405000000000019e+00,3.527159999999999740e-01,6.842369999999999841e-01,5.822310000000000541e-01,5.057260000000000089e-01,-4.888379999999999947e-01,-1.318149999999999877e-01,9.902570000000000539e-01,6.077320000000000499e-01,4.037189999999999945e-01,1.232010000000000050e-01,-7.693560000000000398e-01,3.272140000000000049e-01,4.292210000000000192e-01,-1.202884000000000064e+00,-8.203589999999999494e-01,4.292210000000000192e-01,9.392540000000000333e-01,-2.083200000000000052e-01,1.742049999999999987e-01,4.292210000000000192e-01,1.245273000000000074e+00,1.245273000000000074e+00,-1.828180000000000083e-01,-2.146443999999999797e+00,-6.928509999999999946e-01,4.669600000000000140e-02,4.292210000000000192e-01,1.092262999999999984e+00,7.607420000000000293e-01,5.822310000000000541e-01,3.782179999999999986e-01,-5.908440000000000358e-01,-2.848249999999999948e-01,1.232010000000000050e-01,3.527159999999999740e-01,4.037189999999999945e-01,1.742049999999999987e-01,-4.307000000000000065e-03,-1.828180000000000083e-01,5.057260000000000089e-01,-5.530999999999999805e-02,-1.840424000000000060e+00,6.842369999999999841e-01,5.312280000000000335e-01,1.041260000000000074e+00,4.802239999999999842e-01,-8.713619999999999699e-01,1.347280000000000033e+00,1.742049999999999987e-01,7.097390000000000088e-01,-1.318149999999999877e-01,-5.653430000000000399e-01,-1.891428000000000109e+00,7.607420000000000293e-01,1.398282999999999943e+00,3.017130000000000090e-01,-3.868309999999999804e-01,5.057260000000000089e-01,1.296276999999999902e+00,-1.828180000000000083e-01,-5.908440000000000358e-01,2.507099999999999884e-01,6.077320000000000499e-01,7.219799999999999829e-02,-4.633360000000000256e-01,3.782179999999999986e-01,3.272140000000000049e-01,-8.203589999999999494e-01,-1.610910000000000064e+00,9.769999999999999518e-02,7.352410000000000334e-01,6.587359999999999882e-01,1.168768000000000029e+00,4.292210000000000192e-01,-4.378349999999999742e-01,-5.398410000000000153e-01,4.547229999999999883e-01,9.392540000000000333e-01,3.017130000000000090e-01,1.232010000000000050e-01,1.997059999999999946e-01,-4.307000000000000065e-03,-1.075374999999999970e+00,-8.081199999999999495e-02,-5.530999999999999805e-02,5.822310000000000541e-01,5.057260000000000089e-01,3.782179999999999986e-01,7.862440000000000540e-01,4.547229999999999883e-01,-8.458609999999999740e-01,-1.151880000000000015e+00,4.669600000000000140e-02,1.015759000000000079e+00,1.296276999999999902e+00,-2.848249999999999948e-01,-1.828180000000000083e-01,4.547229999999999883e-01,4.802239999999999842e-01,-3.868309999999999804e-01,2.507099999999999884e-01,1.168768000000000029e+00,-8.968639999999999946e-01,-6.163459999999999495e-01,1.487030000000000018e-01,1.015759000000000079e+00,-6.928509999999999946e-01,1.092262999999999984e+00,1.143267000000000033e+00,-1.457899999999999974e+00,-4.888379999999999947e-01,2.507099999999999884e-01,-4.307000000000000065e-03,6.077320000000000499e-01,7.607420000000000293e-01,1.296276999999999902e+00,6.842369999999999841e-01,-8.203589999999999494e-01,1.487030000000000018e-01,6.332339999999999636e-01,-1.534405000000000019e+00,-1.573170000000000124e-01,3.272140000000000049e-01,2.119499999999999856e-02,3.017130000000000090e-01,1.143267000000000033e+00,4.802239999999999842e-01,2.119499999999999856e-02,3.782179999999999986e-01,-2.593230000000000257e-01,-1.573170000000000124e-01,2.762109999999999843e-01,4.292210000000000192e-01,-2.980800000000000116e-02,-4.307000000000000065e-03,1.015759000000000079e+00,1.219772000000000078e+00,-6.163459999999999495e-01,-7.438540000000000152e-01,4.292210000000000192e-01,3.272140000000000049e-01,6.332339999999999636e-01,6.332339999999999636e-01,-7.183530000000000193e-01,3.272140000000000049e-01,1.742049999999999987e-01,6.587359999999999882e-01,-2.848249999999999948e-01,2.119499999999999856e-02,1.487030000000000018e-01,-1.063130000000000047e-01,7.219799999999999829e-02,1.449286000000000074e+00,-1.126379000000000019e+00,-1.151880000000000015e+00,9.647550000000000292e-01,1.653299000000000074e+00,4.669600000000000140e-02,-6.163459999999999495e-01,7.607420000000000293e-01,1.232010000000000050e-01,3.272140000000000049e-01,4.292210000000000192e-01,-4.888379999999999947e-01,-5.908440000000000358e-01,3.527159999999999740e-01,1.347280000000000033e+00,-2.338210000000000011e-01,-6.928509999999999946e-01,-2.338210000000000011e-01,1.372781000000000029e+00,1.449286000000000074e+00,4.547229999999999883e-01,-8.968639999999999946e-01,-7.183530000000000193e-01,2.762109999999999843e-01,3.017130000000000090e-01,3.017130000000000090e-01,4.669600000000000140e-02,-1.318149999999999877e-01,-4.123330000000000051e-01,-4.307000000000000065e-03,-8.968639999999999946e-01,7.352410000000000334e-01,1.143267000000000033e+00,8.882499999999999840e-01,3.782179999999999986e-01,8.627489999999999881e-01,-4.307000000000000065e-03,1.092262999999999984e+00,-9.733690000000000397e-01,-2.848249999999999948e-01,-4.378349999999999742e-01,-1.049873999999999974e+00,-4.307000000000000065e-03,5.312280000000000335e-01,1.474787999999999988e+00,1.653299000000000074e+00,-1.228385000000000060e+00,-8.458609999999999740e-01,-5.530999999999999805e-02,4.802239999999999842e-01,1.704302999999999901e+00,7.097390000000000088e-01,-1.942431000000000019e+00,3.782179999999999986e-01,9.902570000000000539e-01,1.742049999999999987e-01,-1.304890000000000105e+00,3.017130000000000090e-01,1.857312000000000074e+00,1.232010000000000050e-01,3.527159999999999740e-01,-2.299453999999999887e+00,1.997059999999999946e-01,1.576794999999999947e+00,9.392540000000000333e-01,-3.868309999999999804e-01,-1.534405000000000019e+00,8.117459999999999676e-01,4.669600000000000140e-02,3.782179999999999986e-01,9.392540000000000333e-01,4.802239999999999842e-01,4.669600000000000140e-02,-8.081199999999999495e-02,-1.432398000000000060e+00,4.547229999999999883e-01,5.057260000000000089e-01,3.782179999999999986e-01,6.077320000000000499e-01,-2.593230000000000257e-01,-1.024372000000000060e+00,2.507099999999999884e-01,8.882499999999999840e-01,4.037189999999999945e-01,7.352410000000000334e-01,5.312280000000000335e-01,1.015759000000000079e+00,5.567290000000000294e-01,-4.888379999999999947e-01,-6.928509999999999946e-01,-4.307000000000000065e-03,2.119499999999999856e-02,-8.968639999999999946e-01,9.392540000000000333e-01,1.219772000000000078e+00,1.653299000000000074e+00,-7.693560000000000398e-01,-1.712916000000000105e+00,-2.083200000000000052e-01,5.312280000000000335e-01,-2.848249999999999948e-01,-2.593230000000000257e-01,9.392540000000000333e-01,2.762109999999999843e-01,3.527159999999999740e-01,1.232010000000000050e-01,1.398282999999999943e+00,3.017130000000000090e-01,-4.378349999999999742e-01,-4.633360000000000256e-01,1.066761999999999988e+00,2.252079999999999915e-01,-5.398410000000000153e-01,4.292210000000000192e-01,6.077320000000000499e-01,-2.083200000000000052e-01,-3.103259999999999907e-01,9.902570000000000539e-01,7.862440000000000540e-01,-6.163459999999999495e-01,-1.483402000000000109e+00,-1.330392000000000019e+00,1.321777999999999897e+00,1.576794999999999947e+00,4.292210000000000192e-01,5.312280000000000335e-01,1.742049999999999987e-01,-8.968639999999999946e-01,6.077320000000000499e-01,4.669600000000000140e-02,3.782179999999999986e-01,-8.458609999999999740e-01,-1.865925999999999974e+00,8.882499999999999840e-01,5.312280000000000335e-01,2.112328999999999901e+00,5.312280000000000335e-01,-5.653430000000000399e-01,4.802239999999999842e-01,-4.888379999999999947e-01,-3.868309999999999804e-01,3.272140000000000049e-01,1.831811000000000078e+00,-8.081199999999999495e-02,-1.304890000000000105e+00,-5.908440000000000358e-01,-1.483402000000000109e+00,1.232010000000000050e-01,7.352410000000000334e-01,7.352410000000000334e-01,1.372781000000000029e+00,4.037189999999999945e-01,1.984820999999999946e+00,2.119499999999999856e-02,-1.763919000000000015e+00,-3.868309999999999804e-01,-3.613299999999999845e-01,-7.948570000000000357e-01,7.219799999999999829e-02,1.066761999999999988e+00,1.092262999999999984e+00,1.997059999999999946e-01,-3.103259999999999907e-01,3.272140000000000049e-01,9.902570000000000539e-01,7.352410000000000334e-01,-2.338210000000000011e-01,-1.330392000000000019e+00,3.272140000000000049e-01,9.769999999999999518e-02,-1.063130000000000047e-01,5.567290000000000294e-01,-1.318149999999999877e-01,-2.338210000000000011e-01,-1.063130000000000047e-01,4.802239999999999842e-01,4.802239999999999842e-01,5.822310000000000541e-01,-2.980800000000000116e-02,-4.123330000000000051e-01,8.882499999999999840e-01,1.729803999999999897e+00,-2.848249999999999948e-01,-3.498031000000000112e+00,-1.661912999999999974e+00,1.678800999999999988e+00,1.602295999999999943e+00,9.137520000000000087e-01,2.010321999999999942e+00,2.507099999999999884e-01,-1.151880000000000015e+00,2.119499999999999856e-02,-3.868309999999999804e-01,7.862440000000000540e-01,2.622361000000000164e+00,7.219799999999999829e-02,-5.793178000000000161e+00,-1.049873999999999974e+00,1.398282999999999943e+00,3.782179999999999986e-01,-2.848249999999999948e-01,3.527159999999999740e-01,1.704302999999999901e+00,8.627489999999999881e-01,1.398282999999999943e+00,1.347280000000000033e+00,4.547229999999999883e-01,-2.083200000000000052e-01,-4.633360000000000256e-01,-6.163459999999999495e-01,-2.083200000000000052e-01,-4.123330000000000051e-01,4.669600000000000140e-02,-8.081199999999999495e-02,2.119499999999999856e-02,-4.888379999999999947e-01,4.037189999999999945e-01,3.527159999999999740e-01,5.057260000000000089e-01,5.312280000000000335e-01,-2.848249999999999948e-01,5.057260000000000089e-01,8.117459999999999676e-01,-5.398410000000000153e-01,-1.661912999999999974e+00,-2.146443999999999797e+00,2.571358000000000033e+00,2.061326000000000214e+00,1.041260000000000074e+00,4.802239999999999842e-01,1.997059999999999946e-01,1.015759000000000079e+00,-1.228385000000000060e+00,-3.294017000000000195e+00,-1.024372000000000060e+00,5.057260000000000089e-01,1.487030000000000018e-01,1.653299000000000074e+00,1.092262999999999984e+00,9.902570000000000539e-01,-2.980800000000000116e-02,-2.980800000000000116e-02,-4.888379999999999947e-01,1.742049999999999987e-01,-1.712916000000000105e+00,4.669600000000000140e-02,5.567290000000000294e-01,1.551293000000000033e+00,1.194269999999999943e+00,1.997059999999999946e-01,-8.081199999999999495e-02,-2.848249999999999948e-01,9.769999999999999518e-02,5.057260000000000089e-01,-3.358280000000000154e-01,-5.398410000000000153e-01,5.312280000000000335e-01,-1.828180000000000083e-01,-4.123330000000000051e-01,1.997059999999999946e-01,2.119499999999999856e-02,1.525790999999999897e+00,1.423785000000000078e+00,-2.324955000000000105e+00,-1.100877000000000105e+00,-4.633360000000000256e-01,1.143267000000000033e+00,1.143267000000000033e+00,1.041260000000000074e+00,5.822310000000000541e-01,4.547229999999999883e-01,-1.573170000000000124e-01,-4.378349999999999742e-01,-8.081199999999999495e-02,6.842369999999999841e-01,5.312280000000000335e-01,9.769999999999999518e-02,-4.378349999999999742e-01,-9.223660000000000192e-01,-1.661912999999999974e+00,-1.024372000000000060e+00,8.117459999999999676e-01,8.882499999999999840e-01,1.245273000000000074e+00,1.602295999999999943e+00,2.252079999999999915e-01,2.762109999999999843e-01,1.742049999999999987e-01,-4.307000000000000065e-03,1.232010000000000050e-01,9.769999999999999518e-02,-9.223660000000000192e-01,-2.593230000000000257e-01,-2.503467000000000109e+00,1.015759000000000079e+00,1.627798000000000078e+00,1.500289999999999901e+00,7.352410000000000334e-01,-1.865925999999999974e+00,7.352410000000000334e-01,1.232010000000000050e-01,8.372469999999999635e-01,9.137520000000000087e-01,-3.358280000000000154e-01,-1.534405000000000019e+00,-3.358280000000000154e-01,2.119499999999999856e-02,1.194269999999999943e+00,3.527159999999999740e-01,-1.865925999999999974e+00,3.782179999999999986e-01,7.862440000000000540e-01,5.822310000000000541e-01,4.802239999999999842e-01,-5.530999999999999805e-02,5.567290000000000294e-01,6.842369999999999841e-01,1.194269999999999943e+00,5.312280000000000335e-01,-1.330392000000000019e+00,-1.508903000000000105e+00,1.232010000000000050e-01,2.507099999999999884e-01,6.842369999999999841e-01,6.332339999999999636e-01,5.567290000000000294e-01,1.997059999999999946e-01,4.292210000000000192e-01,8.627489999999999881e-01,-1.100877000000000105e+00,-1.228385000000000060e+00,-1.573170000000000124e-01,7.097390000000000088e-01,1.066761999999999988e+00,3.782179999999999986e-01,-9.478670000000000151e-01,6.842369999999999841e-01,1.321777999999999897e+00,-9.478670000000000151e-01,-1.636411000000000060e+00,9.137520000000000087e-01,1.219772000000000078e+00,1.143267000000000033e+00,1.347280000000000033e+00,3.527159999999999740e-01,-5.530999999999999805e-02,-1.330392000000000019e+00,1.232010000000000050e-01,-1.151880000000000015e+00,-9.733690000000000397e-01,4.292210000000000192e-01,9.137520000000000087e-01,1.270774999999999988e+00,4.802239999999999842e-01,-5.908440000000000358e-01,8.117459999999999676e-01,-3.358280000000000154e-01,6.842369999999999841e-01,-8.968639999999999946e-01,-5.398410000000000153e-01,7.352410000000000334e-01,1.525790999999999897e+00,3.782179999999999986e-01,-1.432398000000000060e+00,6.077320000000000499e-01,8.372469999999999635e-01,5.567290000000000294e-01,1.296276999999999902e+00,-1.100877000000000105e+00,-5.908440000000000358e-01,5.057260000000000089e-01,9.647550000000000292e-01,-5.143389999999999906e-01,-9.988700000000000356e-01,6.842369999999999841e-01,-3.613299999999999845e-01,7.862440000000000540e-01,-1.063130000000000047e-01,-2.338210000000000011e-01,1.398282999999999943e+00,5.057260000000000089e-01,-2.593230000000000257e-01,7.607420000000000293e-01,-4.633360000000000256e-01,3.272140000000000049e-01,-2.980800000000000116e-02,-2.848249999999999948e-01,2.762109999999999843e-01,1.997059999999999946e-01,1.041260000000000074e+00,4.802239999999999842e-01,-7.693560000000000398e-01,-1.738418000000000019e+00,-2.848249999999999948e-01,1.347280000000000033e+00,6.332339999999999636e-01,7.219799999999999829e-02,1.168768000000000029e+00,1.015759000000000079e+00,-7.693560000000000398e-01,-1.100877000000000105e+00,-4.888379999999999947e-01,3.272140000000000049e-01,1.806308999999999942e+00,-1.828180000000000083e-01,4.547229999999999883e-01,1.219772000000000078e+00,4.292210000000000192e-01,-1.573170000000000124e-01,3.527159999999999740e-01,2.252079999999999915e-01,-1.610910000000000064e+00,-5.653430000000000399e-01,1.487030000000000018e-01,4.292210000000000192e-01,-9.223660000000000192e-01,7.097390000000000088e-01,1.270774999999999988e+00,2.137830000000000119e+00,-7.693560000000000398e-01,-2.248451000000000199e+00,4.669600000000000140e-02,8.117459999999999676e-01,1.143267000000000033e+00,1.449286000000000074e+00,3.272140000000000049e-01,-2.338210000000000011e-01,-5.398410000000000153e-01,-5.530999999999999805e-02,3.527159999999999740e-01,4.037189999999999945e-01,-1.828180000000000083e-01,-7.438540000000000152e-01,-1.891428000000000109e+00,8.882499999999999840e-01,1.092262999999999984e+00,-4.307000000000000065e-03,3.017130000000000090e-01,1.398282999999999943e+00,7.862440000000000540e-01,8.117459999999999676e-01,-1.330392000000000019e+00,1.997059999999999946e-01,7.352410000000000334e-01,-1.828180000000000083e-01,1.678800999999999988e+00,-1.253886999999999974e+00,-1.432398000000000060e+00,4.802239999999999842e-01,7.097390000000000088e-01,-4.633360000000000256e-01,6.332339999999999636e-01,6.587359999999999882e-01,5.057260000000000089e-01,1.232010000000000050e-01,4.669600000000000140e-02,2.119499999999999856e-02,-1.318149999999999877e-01,-1.063130000000000047e-01,5.057260000000000089e-01,4.669600000000000140e-02,-1.828180000000000083e-01,8.627489999999999881e-01,5.567290000000000294e-01,-7.183530000000000193e-01,-8.203589999999999494e-01,-6.163459999999999495e-01,7.097390000000000088e-01,5.312280000000000335e-01,7.607420000000000293e-01,5.312280000000000335e-01,1.296276999999999902e+00,7.862440000000000540e-01,-3.613299999999999845e-01,-8.081199999999999495e-02,4.547229999999999883e-01,7.219799999999999829e-02,-5.398410000000000153e-01,-2.630974999999999842e+00,4.802239999999999842e-01,5.057260000000000089e-01,7.219799999999999829e-02,7.607420000000000293e-01,1.755306000000000033e+00,1.474787999999999988e+00,-2.044436999999999838e+00,-7.693560000000000398e-01,9.137520000000000087e-01,-1.063130000000000047e-01,8.882499999999999840e-01,3.782179999999999986e-01,2.507099999999999884e-01,-1.573170000000000124e-01,2.252079999999999915e-01,3.017130000000000090e-01,1.232010000000000050e-01,-2.848249999999999948e-01,1.997059999999999946e-01,4.802239999999999842e-01,-1.828180000000000083e-01,-2.593230000000000257e-01,-7.948570000000000357e-01,4.669600000000000140e-02,9.769999999999999518e-02,8.372469999999999635e-01,8.882499999999999840e-01,1.653299000000000074e+00,-2.848249999999999948e-01,-1.636411000000000060e+00,-7.183530000000000193e-01,1.742049999999999987e-01,-2.083200000000000052e-01,9.902570000000000539e-01,2.953882999999999814e+00,9.902570000000000539e-01,-2.083200000000000052e-01,3.017130000000000090e-01,-5.908440000000000358e-01,-4.888379999999999947e-01,-8.203589999999999494e-01,-5.398410000000000153e-01,-1.063130000000000047e-01,-8.081199999999999495e-02,2.507099999999999884e-01,2.762109999999999843e-01,-8.081199999999999495e-02,4.037189999999999945e-01,5.057260000000000089e-01,5.057260000000000089e-01,7.352410000000000334e-01,-3.868309999999999804e-01,-1.432398000000000060e+00,5.567290000000000294e-01,8.117459999999999676e-01,7.607420000000000293e-01,7.097390000000000088e-01,4.802239999999999842e-01,-4.123330000000000051e-01,2.119499999999999856e-02,2.762109999999999843e-01,-1.318149999999999877e-01,-2.593230000000000257e-01,4.037189999999999945e-01,-6.418479999999999741e-01,2.252079999999999915e-01,-2.848249999999999948e-01,3.527159999999999740e-01,1.742049999999999987e-01,3.272140000000000049e-01,1.194269999999999943e+00,-5.530999999999999805e-02,-2.848249999999999948e-01,6.332339999999999636e-01,-5.908440000000000358e-01,-1.432398000000000060e+00,1.449286000000000074e+00,7.352410000000000334e-01,4.292210000000000192e-01,6.842369999999999841e-01,4.037189999999999945e-01,-3.103259999999999907e-01,1.232010000000000050e-01,3.272140000000000049e-01,-4.123330000000000051e-01,1.487030000000000018e-01,3.782179999999999986e-01,2.762109999999999843e-01,4.802239999999999842e-01,-4.888379999999999947e-01,-1.024372000000000060e+00,2.762109999999999843e-01,3.782179999999999986e-01,3.782179999999999986e-01,-1.828180000000000083e-01,4.547229999999999883e-01,1.232010000000000050e-01,7.219799999999999829e-02,1.755306000000000033e+00,9.902570000000000539e-01,-1.828180000000000083e-01,-2.120941999999999883e+00,-9.223660000000000192e-01,1.908315999999999901e+00,2.762109999999999843e-01,-2.120941999999999883e+00,6.077320000000000499e-01,1.270774999999999988e+00,1.143267000000000033e+00,-8.081199999999999495e-02,-7.183530000000000193e-01,1.232010000000000050e-01,4.292210000000000192e-01,2.252079999999999915e-01,9.392540000000000333e-01,9.137520000000000087e-01,-5.143389999999999906e-01,-1.916929000000000105e+00,4.547229999999999883e-01,1.232010000000000050e-01,8.882499999999999840e-01,1.117764999999999898e+00,3.527159999999999740e-01,-8.713619999999999699e-01,1.232010000000000050e-01,1.742049999999999987e-01,3.782179999999999986e-01,-5.530999999999999805e-02,4.669600000000000140e-02,1.270774999999999988e+00,-8.081199999999999495e-02,-3.358280000000000154e-01,-3.103259999999999907e-01,1.232010000000000050e-01,-1.573170000000000124e-01,5.312280000000000335e-01,1.423785000000000078e+00,-6.163459999999999495e-01,-5.908440000000000358e-01,-3.358280000000000154e-01,9.137520000000000087e-01,1.245273000000000074e+00,-4.633360000000000256e-01,-3.868309999999999804e-01,2.762109999999999843e-01,5.312280000000000335e-01,3.527159999999999740e-01,-2.083200000000000052e-01,1.742049999999999987e-01,2.762109999999999843e-01,-2.980800000000000116e-02,3.527159999999999740e-01,3.782179999999999986e-01,4.669600000000000140e-02,-2.848249999999999948e-01,-6.673489999999999700e-01,-6.928509999999999946e-01,1.066761999999999988e+00,1.041260000000000074e+00,6.332339999999999636e-01,2.252079999999999915e-01,2.507099999999999884e-01,1.232010000000000050e-01,7.219799999999999829e-02,-2.083200000000000052e-01,-2.980800000000000116e-02,4.669600000000000140e-02,-1.573170000000000124e-01,2.119499999999999856e-02,1.487030000000000018e-01,2.507099999999999884e-01,4.547229999999999883e-01,-2.338210000000000011e-01,-8.203589999999999494e-01,1.742049999999999987e-01,1.997059999999999946e-01,1.551293000000000033e+00,9.392540000000000333e-01,-6.418479999999999741e-01,-8.968639999999999946e-01,7.352410000000000334e-01,7.607420000000000293e-01,7.219799999999999829e-02,5.312280000000000335e-01,1.232010000000000050e-01,-1.063130000000000047e-01,2.252079999999999915e-01,7.219799999999999829e-02,-3.358280000000000154e-01,3.782179999999999986e-01,2.507099999999999884e-01,-6.673489999999999700e-01,-6.928509999999999946e-01,5.567290000000000294e-01,4.292210000000000192e-01,7.352410000000000334e-01,6.587359999999999882e-01,3.782179999999999986e-01,3.527159999999999740e-01,-2.593230000000000257e-01,-5.143389999999999906e-01,4.669600000000000140e-02,-8.081199999999999495e-02,3.272140000000000049e-01,1.423785000000000078e+00,4.802239999999999842e-01,-1.763919000000000015e+00,-1.063130000000000047e-01,7.352410000000000334e-01,1.487030000000000018e-01,2.507099999999999884e-01,8.882499999999999840e-01,-1.318149999999999877e-01,-1.177381999999999929e+00,-1.828180000000000083e-01,7.097390000000000088e-01,7.097390000000000088e-01,1.372781000000000029e+00,2.762109999999999843e-01,-1.457899999999999974e+00,-8.203589999999999494e-01,7.352410000000000334e-01,1.143267000000000033e+00,2.507099999999999884e-01,-4.123330000000000051e-01,4.669600000000000140e-02,3.272140000000000049e-01,-1.828180000000000083e-01,2.507099999999999884e-01,8.882499999999999840e-01,4.669600000000000140e-02,-2.554469999999999796e+00,1.487030000000000018e-01,8.627489999999999881e-01,9.137520000000000087e-01,2.252079999999999915e-01,6.842369999999999841e-01,2.119499999999999856e-02,9.769999999999999518e-02,2.762109999999999843e-01,-2.980800000000000116e-02,2.762109999999999843e-01,-1.151880000000000015e+00,-3.103259999999999907e-01,8.372469999999999635e-01,-1.318149999999999877e-01,7.219799999999999829e-02,9.902570000000000539e-01,6.077320000000000499e-01,2.762109999999999843e-01,1.232010000000000050e-01,4.669600000000000140e-02,-2.083200000000000052e-01,6.587359999999999882e-01,3.527159999999999740e-01,-1.151880000000000015e+00,-5.398410000000000153e-01,1.066761999999999988e+00,2.119499999999999856e-02,3.527159999999999740e-01,1.742049999999999987e-01,4.669600000000000140e-02,-2.338210000000000011e-01,-5.908440000000000358e-01,-3.103259999999999907e-01,1.525790999999999897e+00,1.143267000000000033e+00,-3.868309999999999804e-01,1.997059999999999946e-01,2.762109999999999843e-01,-4.378349999999999742e-01,2.119499999999999856e-02,5.312280000000000335e-01,5.312280000000000335e-01,5.312280000000000335e-01,1.232010000000000050e-01,7.219799999999999829e-02,5.567290000000000294e-01,-2.593230000000000257e-01,-1.304890000000000105e+00,4.037189999999999945e-01,3.782179999999999986e-01,4.547229999999999883e-01,5.822310000000000541e-01,-1.253886999999999974e+00,-7.438540000000000152e-01,1.041260000000000074e+00,8.882499999999999840e-01,3.527159999999999740e-01,4.292210000000000192e-01,4.802239999999999842e-01,1.232010000000000050e-01,6.842369999999999841e-01,-7.183530000000000193e-01,-1.712916000000000105e+00,-1.063130000000000047e-01,3.272140000000000049e-01,7.352410000000000334e-01,1.296276999999999902e+00,2.119499999999999856e-02,-2.593230000000000257e-01,3.272140000000000049e-01,9.769999999999999518e-02,-5.530999999999999805e-02,1.232010000000000050e-01,1.487030000000000018e-01,-4.307000000000000065e-03,2.507099999999999884e-01,7.219799999999999829e-02,5.567290000000000294e-01,-3.358280000000000154e-01,-2.338210000000000011e-01,3.017130000000000090e-01,1.997059999999999946e-01,6.077320000000000499e-01,2.507099999999999884e-01,4.669600000000000140e-02,-1.151880000000000015e+00,3.782179999999999986e-01,2.137830000000000119e+00,4.292210000000000192e-01,-2.980800000000000116e-02,-8.081199999999999495e-02,-8.713619999999999699e-01,-4.888379999999999947e-01,8.882499999999999840e-01,-5.530999999999999805e-02,7.862440000000000540e-01,-3.613299999999999845e-01,-7.438540000000000152e-01,7.219799999999999829e-02,9.902570000000000539e-01,4.547229999999999883e-01,7.352410000000000334e-01,3.272140000000000049e-01,7.097390000000000088e-01,-1.610910000000000064e+00,7.219799999999999829e-02,7.352410000000000334e-01,5.057260000000000089e-01,1.487030000000000018e-01,7.219799999999999829e-02,1.742049999999999987e-01,7.219799999999999829e-02,-1.828180000000000083e-01,-5.530999999999999805e-02,-3.613299999999999845e-01,2.762109999999999843e-01,1.347280000000000033e+00,6.332339999999999636e-01,-8.713619999999999699e-01,4.292210000000000192e-01,9.769999999999999518e-02,-7.438540000000000152e-01,-1.279387999999999970e+00,7.097390000000000088e-01,9.137520000000000087e-01,8.882499999999999840e-01,-8.081199999999999495e-02,-1.573170000000000124e-01,3.782179999999999986e-01,1.742049999999999987e-01,-2.338210000000000011e-01,-1.253886999999999974e+00,7.862440000000000540e-01,1.219772000000000078e+00,9.647550000000000292e-01,5.312280000000000335e-01,-7.183530000000000193e-01,7.219799999999999829e-02,-5.398410000000000153e-01,-5.530999999999999805e-02,1.398282999999999943e+00,1.372781000000000029e+00,-7.438540000000000152e-01,-2.222948999999999842e+00,4.669600000000000140e-02,6.587359999999999882e-01,4.802239999999999842e-01,8.882499999999999840e-01,4.802239999999999842e-01,-4.307000000000000065e-03,2.252079999999999915e-01,-1.063130000000000047e-01,7.607420000000000293e-01,-7.183530000000000193e-01,-1.151880000000000015e+00,6.332339999999999636e-01,1.245273000000000074e+00,-8.081199999999999495e-02,-5.398410000000000153e-01,7.219799999999999829e-02,1.296276999999999902e+00,9.769999999999999518e-02,-1.828180000000000083e-01,2.762109999999999843e-01,5.057260000000000089e-01,4.669600000000000140e-02,-2.083200000000000052e-01,4.547229999999999883e-01,-7.948570000000000357e-01,-6.163459999999999495e-01,4.292210000000000192e-01,1.487030000000000018e-01,9.647550000000000292e-01,6.332339999999999636e-01,-1.828180000000000083e-01,-5.398410000000000153e-01,4.292210000000000192e-01,3.782179999999999986e-01,4.292210000000000192e-01,1.015759000000000079e+00,-5.143389999999999906e-01,-1.738418000000000019e+00,9.392540000000000333e-01,5.312280000000000335e-01,-2.083200000000000052e-01,1.742049999999999987e-01,-6.418479999999999741e-01,5.057260000000000089e-01,1.092262999999999984e+00,1.232010000000000050e-01,9.769999999999999518e-02,-3.103259999999999907e-01,-5.398410000000000153e-01,-2.338210000000000011e-01,7.097390000000000088e-01,5.312280000000000335e-01,-3.358280000000000154e-01,1.997059999999999946e-01,6.077320000000000499e-01,4.292210000000000192e-01,4.669600000000000140e-02,2.252079999999999915e-01,5.312280000000000335e-01,6.332339999999999636e-01,-4.378349999999999742e-01,-7.948570000000000357e-01,-1.024372000000000060e+00,1.168768000000000029e+00,8.372469999999999635e-01,3.527159999999999740e-01,1.232010000000000050e-01,4.669600000000000140e-02,-6.673489999999999700e-01,3.272140000000000049e-01,6.332339999999999636e-01,8.882499999999999840e-01,8.117459999999999676e-01,-4.123330000000000051e-01,-1.228385000000000060e+00,1.997059999999999946e-01,3.527159999999999740e-01,8.117459999999999676e-01,1.117764999999999898e+00,-7.183530000000000193e-01,-1.483402000000000109e+00,9.647550000000000292e-01,7.352410000000000334e-01,4.547229999999999883e-01,3.017130000000000090e-01,-2.338210000000000011e-01,9.392540000000000333e-01,2.762109999999999843e-01,-8.968639999999999946e-01,4.292210000000000192e-01,4.802239999999999842e-01,3.782179999999999986e-01,-2.980800000000000116e-02,-1.318149999999999877e-01,-1.063130000000000047e-01,-4.307000000000000065e-03,2.252079999999999915e-01,1.232010000000000050e-01,-1.318149999999999877e-01,1.997059999999999946e-01,1.232010000000000050e-01,-8.081199999999999495e-02,-5.530999999999999805e-02,1.487030000000000018e-01,7.862440000000000540e-01,1.219772000000000078e+00,1.245273000000000074e+00,-4.633360000000000256e-01,1.742049999999999987e-01,-6.928509999999999946e-01,-6.928509999999999946e-01,-2.083200000000000052e-01,2.507099999999999884e-01,-9.988700000000000356e-01,-1.318149999999999877e-01,1.117764999999999898e+00,3.527159999999999740e-01,3.782179999999999986e-01,1.423785000000000078e+00,5.312280000000000335e-01,-1.406897000000000064e+00,-5.530999999999999805e-02,4.802239999999999842e-01,5.567290000000000294e-01,7.352410000000000334e-01,5.057260000000000089e-01,-5.143389999999999906e-01,-5.908440000000000358e-01,4.669600000000000140e-02,3.272140000000000049e-01,2.119499999999999856e-02,5.057260000000000089e-01,4.802239999999999842e-01,-1.573170000000000124e-01,1.997059999999999946e-01,-7.948570000000000357e-01,-9.988700000000000356e-01,1.066761999999999988e+00,2.119499999999999856e-02,2.762109999999999843e-01,9.392540000000000333e-01,8.627489999999999881e-01,2.762109999999999843e-01,-5.653430000000000399e-01,3.272140000000000049e-01,7.352410000000000334e-01,-3.868309999999999804e-01,-1.828180000000000083e-01,4.547229999999999883e-01,6.842369999999999841e-01,9.392540000000000333e-01,1.742049999999999987e-01,4.037189999999999945e-01,-1.075374999999999970e+00,2.507099999999999884e-01,7.352410000000000334e-01,-6.928509999999999946e-01,-5.398410000000000153e-01,-8.081199999999999495e-02,7.097390000000000088e-01,1.143267000000000033e+00,-5.908440000000000358e-01,6.842369999999999841e-01,8.372469999999999635e-01,-3.358280000000000154e-01,-1.483402000000000109e+00,3.272140000000000049e-01,1.423785000000000078e+00,9.137520000000000087e-01,2.762109999999999843e-01,-5.908440000000000358e-01,-1.318149999999999877e-01,-2.848249999999999948e-01,9.769999999999999518e-02,-2.083200000000000052e-01,4.037189999999999945e-01,8.117459999999999676e-01,-4.633360000000000256e-01,4.669600000000000140e-02,-1.049873999999999974e+00,1.092262999999999984e+00,7.862440000000000540e-01,-5.143389999999999906e-01,-6.673489999999999700e-01,4.292210000000000192e-01,4.802239999999999842e-01,6.587359999999999882e-01,1.296276999999999902e+00,-2.083200000000000052e-01,-5.398410000000000153e-01,-5.530999999999999805e-02,9.769999999999999518e-02,2.119499999999999856e-02,6.587359999999999882e-01,9.769999999999999518e-02,1.232010000000000050e-01,2.252079999999999915e-01,-2.083200000000000052e-01,7.219799999999999829e-02,6.332339999999999636e-01,-4.378349999999999742e-01,-8.203589999999999494e-01,1.500289999999999901e+00,1.117764999999999898e+00,-1.534405000000000019e+00,2.119499999999999856e-02,4.802239999999999842e-01,4.037189999999999945e-01,1.232010000000000050e-01,9.769999999999999518e-02,7.097390000000000088e-01,8.372469999999999635e-01,4.547229999999999883e-01,-2.980800000000000116e-02,-2.848249999999999948e-01,-1.559906000000000015e+00,-2.593230000000000257e-01,7.352410000000000334e-01,8.882499999999999840e-01,1.168768000000000029e+00,-1.483402000000000109e+00,2.507099999999999884e-01,1.015759000000000079e+00,5.567290000000000294e-01,-4.307000000000000065e-03,4.669600000000000140e-02,2.119499999999999856e-02,-1.573170000000000124e-01,1.232010000000000050e-01,4.547229999999999883e-01,1.997059999999999946e-01,-8.081199999999999495e-02,-2.338210000000000011e-01,7.607420000000000293e-01,7.097390000000000088e-01,-1.712916000000000105e+00,-1.661912999999999974e+00,6.842369999999999841e-01,1.525790999999999897e+00,2.571358000000000033e+00,3.017130000000000090e-01,1.232010000000000050e-01
-9.478670000000000151e-01,1.117764999999999898e+00,1.959319000000000033e+00,1.997059999999999946e-01,-6.418479999999999741e-01,-1.712916000000000105e+00,3.527159999999999740e-01,1.117764999999999898e+00,1.347280000000000033e+00,9.392540000000000333e-01,1.653299000000000074e+00,7.097390000000000088e-01,-1.942431000000000019e+00,-1.610910000000000064e+00,9.137520000000000087e-01,2.119499999999999856e-02,-1.828180000000000083e-01,7.352410000000000334e-01,2.252079999999999915e-01,3.527159999999999740e-01,-9.223660000000000192e-01,-1.202884000000000064e+00,1.755306000000000033e+00,1.959319000000000033e+00,2.119499999999999856e-02,-1.828180000000000083e-01,-1.049873999999999974e+00,-7.183530000000000193e-01,9.392540000000000333e-01,3.272140000000000049e-01,-1.049873999999999974e+00,4.802239999999999842e-01,1.525790999999999897e+00,1.729803999999999897e+00,8.372469999999999635e-01,-1.508903000000000105e+00,-5.398410000000000153e-01,1.959319000000000033e+00,1.347280000000000033e+00,-3.727545000000000108e+00,-1.738418000000000019e+00,4.292210000000000192e-01,2.762109999999999843e-01,1.627798000000000078e+00,6.332339999999999636e-01,-2.248451000000000199e+00,4.292210000000000192e-01,1.704302999999999901e+00,1.041260000000000074e+00,1.232010000000000050e-01,4.802239999999999842e-01,-1.828180000000000083e-01,-3.103259999999999907e-01,1.245273000000000074e+00,6.332339999999999636e-01,-6.928509999999999946e-01,4.037189999999999945e-01,-1.049873999999999974e+00,-1.024372000000000060e+00,-1.355893000000000015e+00,-9.988700000000000356e-01,1.959319000000000033e+00,2.137830000000000119e+00,-1.063130000000000047e-01,-3.103259999999999907e-01,7.219799999999999829e-02,2.507099999999999884e-01,-1.828180000000000083e-01,4.037189999999999945e-01,-8.081199999999999495e-02,-1.063130000000000047e-01,-1.318149999999999877e-01,1.525790999999999897e+00,7.862440000000000540e-01,-9.478670000000000151e-01,-1.075374999999999970e+00,-1.177381999999999929e+00,1.487030000000000018e-01,1.117764999999999898e+00,1.729803999999999897e+00,1.449286000000000074e+00,-1.279387999999999970e+00,-8.968639999999999946e-01,3.527159999999999740e-01,5.057260000000000089e-01,3.272140000000000049e-01,-4.123330000000000051e-01,4.669600000000000140e-02,4.802239999999999842e-01,1.168768000000000029e+00,-2.848249999999999948e-01,5.057260000000000089e-01,-2.848249999999999948e-01,-2.732981999999999800e+00,1.232010000000000050e-01,2.061326000000000214e+00,1.959319000000000033e+00,6.077320000000000499e-01,-8.081199999999999495e-02,-1.304890000000000105e+00,-8.081199999999999495e-02,2.762109999999999843e-01,4.037189999999999945e-01,-1.318149999999999877e-01,9.137520000000000087e-01,-2.095441000000000109e+00,-2.083200000000000052e-01,2.507099999999999884e-01,7.862440000000000540e-01,9.137520000000000087e-01,8.627489999999999881e-01,1.742049999999999987e-01,9.137520000000000087e-01,-2.338210000000000011e-01,3.272140000000000049e-01,-1.814923000000000064e+00,-1.534405000000000019e+00,4.802239999999999842e-01,1.627798000000000078e+00,7.097390000000000088e-01,-8.081199999999999495e-02,-2.980800000000000116e-02,4.669600000000000140e-02,6.332339999999999636e-01,1.066761999999999988e+00,3.272140000000000049e-01,-1.916929000000000105e+00,-1.063130000000000047e-01,-1.075374999999999970e+00,-5.530999999999999805e-02,1.347280000000000033e+00,1.525790999999999897e+00,1.347280000000000033e+00,-1.865925999999999974e+00,-5.398410000000000153e-01,-2.018936000000000064e+00,1.449286000000000074e+00,7.097390000000000088e-01,1.576794999999999947e+00,3.438413999999999859e+00,1.997059999999999946e-01,-3.549033999999999800e+00,8.882499999999999840e-01,2.163332000000000033e+00,2.877378000000000213e+00,-4.186575000000000379e+00,-7.246770999999999852e+00,-1.610910000000000064e+00,2.494852999999999987e+00,2.851875999999999856e+00,2.469352000000000213e+00,2.979384000000000032e+00,-4.378349999999999742e-01,1.742049999999999987e-01,1.168768000000000029e+00,-1.712916000000000105e+00,-2.069939000000000195e+00,9.769999999999999518e-02,9.392540000000000333e-01,4.669600000000000140e-02,9.902570000000000539e-01,1.755306000000000033e+00,-1.253886999999999974e+00,-1.253886999999999974e+00,-2.980800000000000116e-02,-2.083200000000000052e-01,1.398282999999999943e+00,1.729803999999999897e+00,4.292210000000000192e-01,1.997059999999999946e-01,-1.063130000000000047e-01,1.143267000000000033e+00,7.352410000000000334e-01,-2.273951999999999973e+00,-2.962495999999999796e+00,-2.095441000000000109e+00,2.119499999999999856e-02,3.017130000000000090e-01,2.112328999999999901e+00,1.602295999999999943e+00,1.653299000000000074e+00,2.119499999999999856e-02,2.507099999999999884e-01,-7.438540000000000152e-01,7.862440000000000540e-01,2.035823999999999856e+00,-1.024372000000000060e+00,-4.161073000000000022e+00,9.647550000000000292e-01,9.392540000000000333e-01,1.500289999999999901e+00,3.782179999999999986e-01,-1.049873999999999974e+00,2.252079999999999915e-01,1.627798000000000078e+00,9.769999999999999518e-02,-5.530999999999999805e-02,2.507099999999999884e-01,-9.478670000000000151e-01,1.219772000000000078e+00,8.372469999999999635e-01,2.252079999999999915e-01,1.232010000000000050e-01,-4.888379999999999947e-01,1.143267000000000033e+00,-1.355893000000000015e+00,1.500289999999999901e+00,6.332339999999999636e-01,-3.217512999999999845e+00,-7.183530000000000193e-01,1.704302999999999901e+00,-8.713619999999999699e-01,3.081390999999999991e+00,1.041260000000000074e+00,-2.681977999999999973e+00,1.321777999999999897e+00,2.367344999999999811e+00,-1.712916000000000105e+00,3.782179999999999986e-01,1.270774999999999988e+00,3.017130000000000090e-01,-2.401460000000000150e+00,-4.307000000000000065e-03,2.119499999999999856e-02,2.507099999999999884e-01,-2.848249999999999948e-01,1.347280000000000033e+00,2.392847000000000168e+00,3.106892999999999905e+00,-2.324955000000000105e+00,-3.549033999999999800e+00,-6.418479999999999741e-01,1.117764999999999898e+00,8.627489999999999881e-01,6.842369999999999841e-01,9.137520000000000087e-01,1.704302999999999901e+00,3.527159999999999740e-01,-1.075374999999999970e+00,-1.508903000000000105e+00,-9.478670000000000151e-01,-1.202884000000000064e+00,5.312280000000000335e-01,1.882813999999999988e+00,9.392540000000000333e-01,-3.868309999999999804e-01,-8.203589999999999494e-01,1.806308999999999942e+00,1.474787999999999988e+00,1.576794999999999947e+00,-4.033565000000000289e+00,-4.378349999999999742e-01,1.755306000000000033e+00,1.525790999999999897e+00,1.232010000000000050e-01,-1.483402000000000109e+00,-1.483402000000000109e+00,1.997059999999999946e-01,9.137520000000000087e-01,8.372469999999999635e-01,7.352410000000000334e-01,2.252079999999999915e-01,2.762109999999999843e-01,-2.848249999999999948e-01,-9.733690000000000397e-01,-1.304890000000000105e+00,1.015759000000000079e+00,8.117459999999999676e-01,1.117764999999999898e+00,1.194269999999999943e+00,6.077320000000000499e-01,-5.530999999999999805e-02,-1.738418000000000019e+00,7.862440000000000540e-01,4.292210000000000192e-01,-1.738418000000000019e+00,-7.948570000000000357e-01,4.547229999999999883e-01,1.398282999999999943e+00,1.755306000000000033e+00,2.367344999999999811e+00,-8.713619999999999699e-01,-3.868309999999999804e-01,-1.661912999999999974e+00,-1.228385000000000060e+00,-4.307000000000000065e-03,9.902570000000000539e-01,1.576794999999999947e+00,-1.573170000000000124e-01,-6.673489999999999700e-01,7.097390000000000088e-01,1.525790999999999897e+00,-2.848249999999999948e-01,-1.636411000000000060e+00,9.902570000000000539e-01,9.902570000000000539e-01,-8.203589999999999494e-01,1.704302999999999901e+00,-1.381394999999999929e+00,-4.237578000000000067e+00,1.270774999999999988e+00,2.239837000000000078e+00,-4.307000000000000065e-03,-4.307000000000000065e-03,1.194269999999999943e+00,7.607420000000000293e-01,9.902570000000000539e-01,2.119499999999999856e-02,8.117459999999999676e-01,-9.988700000000000356e-01,-1.508903000000000105e+00,6.332339999999999636e-01,5.567290000000000294e-01,1.984820999999999946e+00,1.296276999999999902e+00,-5.334147999999999890e+00,-1.763919000000000015e+00,6.842369999999999841e-01,5.057260000000000089e-01,1.653299000000000074e+00,-5.530999999999999805e-02,1.372781000000000029e+00,2.953882999999999814e+00,1.742049999999999987e-01,-8.458609999999999740e-01,1.997059999999999946e-01,1.041260000000000074e+00,-1.177381999999999929e+00,-1.967932999999999932e+00,-1.330392000000000019e+00,1.232010000000000050e-01,1.474787999999999988e+00,1.194269999999999943e+00,8.117459999999999676e-01,1.143267000000000033e+00,-4.123330000000000051e-01,-1.573170000000000124e-01,1.653299000000000074e+00,-1.828180000000000083e-01,1.487030000000000018e-01,2.252079999999999915e-01,-6.928509999999999946e-01,-1.457899999999999974e+00,4.292210000000000192e-01,1.143267000000000033e+00,7.862440000000000540e-01,-4.307000000000000065e-03,4.547229999999999883e-01,7.352410000000000334e-01,-3.549033999999999800e+00,6.077320000000000499e-01,2.826375000000000082e+00,-1.508903000000000105e+00,-1.151880000000000015e+00,7.607420000000000293e-01,7.097390000000000088e-01,1.168768000000000029e+00,5.057260000000000089e-01,5.822310000000000541e-01,4.037189999999999945e-01,8.627489999999999881e-01,1.270774999999999988e+00,-1.687415000000000109e+00,-1.814923000000000064e+00,2.252079999999999915e-01,3.272140000000000049e-01,-1.828180000000000083e-01,-8.081199999999999495e-02,1.755306000000000033e+00,1.423785000000000078e+00,-1.508903000000000105e+00,-2.426962000000000064e+00,1.041260000000000074e+00,-1.100877000000000105e+00,4.802239999999999842e-01,2.265338999999999992e+00,1.015759000000000079e+00,-3.868309999999999804e-01,1.347280000000000033e+00,3.272140000000000049e-01,-3.358280000000000154e-01,-1.177381999999999929e+00,2.507099999999999884e-01,1.270774999999999988e+00,2.507099999999999884e-01,-8.203589999999999494e-01,-1.100877000000000105e+00,-2.018936000000000064e+00,4.802239999999999842e-01,1.653299000000000074e+00,1.551293000000000033e+00,1.997059999999999946e-01,6.332339999999999636e-01,4.669600000000000140e-02,4.802239999999999842e-01,-1.916929000000000105e+00,3.782179999999999986e-01,-8.713619999999999699e-01,7.352410000000000334e-01,3.527159999999999740e-01,-4.307000000000000065e-03,4.547229999999999883e-01,-4.378349999999999742e-01,8.372469999999999635e-01,2.469352000000000213e+00,-1.661912999999999974e+00,-3.613299999999999845e-01,6.332339999999999636e-01,3.782179999999999986e-01,1.742049999999999987e-01,-1.063130000000000047e-01,-2.338210000000000011e-01,-9.733690000000000397e-01,1.270774999999999988e+00,1.372781000000000029e+00,-1.508903000000000105e+00,2.507099999999999884e-01,1.882813999999999988e+00,-1.840424000000000060e+00,5.567290000000000294e-01,6.332339999999999636e-01,4.669600000000000140e-02,-2.980800000000000116e-02,2.507099999999999884e-01,3.272140000000000049e-01,-3.868309999999999804e-01,-4.378349999999999742e-01,8.117459999999999676e-01,1.398282999999999943e+00,5.567290000000000294e-01,-4.135570999999999664e+00,1.066761999999999988e+00,9.137520000000000087e-01,1.296276999999999902e+00,1.347280000000000033e+00,-2.273951999999999973e+00,8.117459999999999676e-01,1.270774999999999988e+00,-8.713619999999999699e-01,2.119499999999999856e-02,8.627489999999999881e-01,1.487030000000000018e-01,-4.123330000000000051e-01,2.252079999999999915e-01,2.252079999999999915e-01,1.232010000000000050e-01,-7.693560000000000398e-01,-3.358280000000000154e-01,9.769999999999999518e-02,7.352410000000000334e-01,7.352410000000000334e-01,-1.687415000000000109e+00,-9.478670000000000151e-01,1.168768000000000029e+00,3.922944999999999904e+00,-1.828180000000000083e-01,-2.758483000000000018e+00,6.587359999999999882e-01,1.270774999999999988e+00,1.742049999999999987e-01,1.576794999999999947e+00,1.347280000000000033e+00,-2.350457000000000019e+00,6.842369999999999841e-01,-9.988700000000000356e-01,-1.406897000000000064e+00,7.097390000000000088e-01,6.587359999999999882e-01,1.933816999999999897e+00,-8.713619999999999699e-01,3.272140000000000049e-01,1.015759000000000079e+00,-9.478670000000000151e-01,4.802239999999999842e-01,5.567290000000000294e-01,-2.980800000000000116e-02,-3.358280000000000154e-01,9.902570000000000539e-01,8.627489999999999881e-01,9.769999999999999518e-02,-1.828180000000000083e-01,-1.891428000000000109e+00,1.041260000000000074e+00,1.015759000000000079e+00,-9.733690000000000397e-01,-6.928509999999999946e-01,6.842369999999999841e-01,8.627489999999999881e-01,4.037189999999999945e-01,4.669600000000000140e-02,7.352410000000000334e-01,1.232010000000000050e-01,3.272140000000000049e-01,6.077320000000000499e-01,-2.980800000000000116e-02,-4.123330000000000051e-01,7.219799999999999829e-02,-3.868309999999999804e-01,-2.980800000000000116e-02,-2.980800000000000116e-02,-2.593230000000000257e-01,9.392540000000000333e-01,6.332339999999999636e-01,-5.653430000000000399e-01,6.332339999999999636e-01,5.567290000000000294e-01,-4.307000000000000065e-03,-1.279387999999999970e+00,6.587359999999999882e-01,2.252079999999999915e-01,-3.613299999999999845e-01,-9.223660000000000192e-01,1.372781000000000029e+00,4.560486000000000040e+00,1.015759000000000079e+00,-3.676541999999999977e+00,-1.075374999999999970e+00,-5.653430000000000399e-01,6.842369999999999841e-01,5.057260000000000089e-01,-2.338210000000000011e-01,1.487030000000000018e-01,1.729803999999999897e+00,8.627489999999999881e-01,-1.318149999999999877e-01,1.117764999999999898e+00,-1.304890000000000105e+00,-1.202884000000000064e+00,-1.406897000000000064e+00,-4.378349999999999742e-01,6.332339999999999636e-01,9.902570000000000539e-01,1.997059999999999946e-01,9.392540000000000333e-01,8.882499999999999840e-01,-1.828180000000000083e-01,-1.318149999999999877e-01,-5.530999999999999805e-02,-1.202884000000000064e+00,2.571358000000000033e+00,1.117764999999999898e+00,-2.324955000000000105e+00,-1.828180000000000083e-01,8.372469999999999635e-01,1.232010000000000050e-01,7.097390000000000088e-01,-1.318149999999999877e-01,2.119499999999999856e-02,1.270774999999999988e+00,1.487030000000000018e-01,-8.968639999999999946e-01,-1.457899999999999974e+00,7.352410000000000334e-01,2.119499999999999856e-02,-3.613299999999999845e-01,1.933816999999999897e+00,3.272140000000000049e-01,-1.687415000000000109e+00,8.117459999999999676e-01,-3.613299999999999845e-01,-2.197446999999999928e+00,3.017130000000000090e-01,2.392847000000000168e+00,1.984820999999999946e+00,2.119499999999999856e-02,-1.228385000000000060e+00,1.755306000000000033e+00,1.092262999999999984e+00,1.347280000000000033e+00,-2.681977999999999973e+00,-8.968639999999999946e-01,-3.103259999999999907e-01,5.312280000000000335e-01,2.762109999999999843e-01,-8.458609999999999740e-01,2.061326000000000214e+00,1.551293000000000033e+00,-1.075374999999999970e+00,-1.126379000000000019e+00,-8.081199999999999495e-02,-3.613299999999999845e-01,1.015759000000000079e+00,8.372469999999999635e-01,1.449286000000000074e+00,-2.980800000000000116e-02,-8.203589999999999494e-01,1.487030000000000018e-01,-3.103259999999999907e-01,4.547229999999999883e-01,1.041260000000000074e+00,-1.024372000000000060e+00,-2.848249999999999948e-01,2.507099999999999884e-01,6.077320000000000499e-01,-1.063130000000000047e-01,-2.171946000000000154e+00,1.474787999999999988e+00,1.194269999999999943e+00,3.017130000000000090e-01,3.782179999999999986e-01,2.507099999999999884e-01,3.272140000000000049e-01,9.137520000000000087e-01,-3.103259999999999907e-01,-1.457899999999999974e+00,-8.968639999999999946e-01,-7.438540000000000152e-01,7.097390000000000088e-01,4.802239999999999842e-01,-5.143389999999999906e-01,9.647550000000000292e-01,1.755306000000000033e+00,4.547229999999999883e-01,6.587359999999999882e-01,-1.304890000000000105e+00,-1.573170000000000124e-01,-1.177381999999999929e+00,9.392540000000000333e-01,2.137830000000000119e+00,3.017130000000000090e-01,-5.530999999999999805e-02,-3.358280000000000154e-01,-5.653430000000000399e-01,3.017130000000000090e-01,2.507099999999999884e-01,-2.848249999999999948e-01,1.232010000000000050e-01,3.272140000000000049e-01,-5.398410000000000153e-01,-2.273951999999999973e+00,-4.888379999999999947e-01,2.239837000000000078e+00,2.775370999999999810e+00,5.312280000000000335e-01,-1.840424000000000060e+00,1.296276999999999902e+00,2.800873000000000168e+00,9.392540000000000333e-01,-2.120941999999999883e+00,-1.457899999999999974e+00,-3.868309999999999804e-01,4.292210000000000192e-01,9.647550000000000292e-01,4.669600000000000140e-02,-1.828180000000000083e-01,5.057260000000000089e-01,4.292210000000000192e-01,1.041260000000000074e+00,2.119499999999999856e-02,-5.908440000000000358e-01,-2.083200000000000052e-01,1.168768000000000029e+00,7.862440000000000540e-01,1.487030000000000018e-01,-7.438540000000000152e-01,2.507099999999999884e-01,1.270774999999999988e+00,7.352410000000000334e-01,-1.763919000000000015e+00,-5.908440000000000358e-01,-5.143389999999999906e-01,1.959319000000000033e+00,6.077320000000000499e-01,3.527159999999999740e-01,-1.049873999999999974e+00,6.332339999999999636e-01,6.842369999999999841e-01,4.037189999999999945e-01,7.862440000000000540e-01,-7.438540000000000152e-01,-1.318149999999999877e-01,-1.228385000000000060e+00,1.066761999999999988e+00,1.372781000000000029e+00,-5.908440000000000358e-01,-1.559906000000000015e+00,7.607420000000000293e-01,5.567290000000000294e-01,-5.530999999999999805e-02,9.902570000000000539e-01,5.822310000000000541e-01,-1.202884000000000064e+00,3.272140000000000049e-01,2.252079999999999915e-01,1.015759000000000079e+00,-1.075374999999999970e+00,8.627489999999999881e-01,1.245273000000000074e+00,-1.063130000000000047e-01,-3.358280000000000154e-01,1.232010000000000050e-01,-1.126379000000000019e+00,-6.418479999999999741e-01,-2.593230000000000257e-01,1.347280000000000033e+00,1.474787999999999988e+00,-1.063130000000000047e-01,-1.585407999999999928e+00,-8.968639999999999946e-01,-6.163459999999999495e-01,2.762109999999999843e-01,1.117764999999999898e+00,2.392847000000000168e+00,1.500289999999999901e+00,-1.024372000000000060e+00,8.627489999999999881e-01,-1.253886999999999974e+00,3.782179999999999986e-01,2.252079999999999915e-01,2.252079999999999915e-01,4.292210000000000192e-01,-8.203589999999999494e-01,5.057260000000000089e-01,6.332339999999999636e-01,6.332339999999999636e-01,-6.163459999999999495e-01,-7.948570000000000357e-01,3.782179999999999986e-01,5.567290000000000294e-01,4.802239999999999842e-01,7.862440000000000540e-01,-6.928509999999999946e-01,-2.222948999999999842e+00,-2.593230000000000257e-01,2.367344999999999811e+00,1.143267000000000033e+00,3.272140000000000049e-01,1.245273000000000074e+00,-2.426962000000000064e+00,5.567290000000000294e-01,-7.693560000000000398e-01,5.312280000000000335e-01,6.587359999999999882e-01,3.527159999999999740e-01,-2.980800000000000116e-02,3.782179999999999986e-01,6.842369999999999841e-01,-8.081199999999999495e-02,-2.120941999999999883e+00,-1.063130000000000047e-01,4.292210000000000192e-01,5.057260000000000089e-01,9.902570000000000539e-01,7.219799999999999829e-02,-1.279387999999999970e+00,7.862440000000000540e-01,1.487030000000000018e-01,6.077320000000000499e-01,1.194269999999999943e+00,-2.069939000000000195e+00,9.137520000000000087e-01,7.352410000000000334e-01,-2.593230000000000257e-01,1.742049999999999987e-01,2.163332000000000033e+00,2.010321999999999942e+00,-2.962495999999999796e+00,-1.253886999999999974e+00,7.219799999999999829e-02,4.547229999999999883e-01,1.780807999999999947e+00,-5.398410000000000153e-01,-2.848249999999999948e-01,-6.673489999999999700e-01,-1.432398000000000060e+00,1.500289999999999901e+00,8.882499999999999840e-01,1.092262999999999984e+00,7.352410000000000334e-01,7.219799999999999829e-02,1.143267000000000033e+00,8.372469999999999635e-01,-3.358280000000000154e-01,-1.381394999999999929e+00,1.232010000000000050e-01,2.252079999999999915e-01,-1.573170000000000124e-01,4.669600000000000140e-02,1.997059999999999946e-01,7.352410000000000334e-01,2.119499999999999856e-02,-4.378349999999999742e-01,1.997059999999999946e-01,4.669600000000000140e-02,1.347280000000000033e+00,5.057260000000000089e-01,5.567290000000000294e-01,2.119499999999999856e-02,-3.103259999999999907e-01,3.527159999999999740e-01,5.057260000000000089e-01,-9.478670000000000151e-01,1.041260000000000074e+00,1.780807999999999947e+00,-2.987998000000000154e+00,-7.948570000000000357e-01,6.842369999999999841e-01,5.057260000000000089e-01,-2.593230000000000257e-01,1.092262999999999984e+00,1.487030000000000018e-01,-6.928509999999999946e-01,1.347280000000000033e+00,1.219772000000000078e+00,1.742049999999999987e-01,-6.163459999999999495e-01,-1.304890000000000105e+00,-6.673489999999999700e-01,1.143267000000000033e+00,1.015759000000000079e+00,1.232010000000000050e-01,1.117764999999999898e+00,-6.418479999999999741e-01,1.997059999999999946e-01,1.168768000000000029e+00,-4.123330000000000051e-01,-1.406897000000000064e+00,-4.123330000000000051e-01,1.500289999999999901e+00,2.762109999999999843e-01,-8.081199999999999495e-02,-1.253886999999999974e+00,1.755306000000000033e+00,-4.307000000000000065e-03,-3.613299999999999845e-01,-4.378349999999999742e-01,6.077320000000000499e-01,9.392540000000000333e-01,7.862440000000000540e-01,-2.593230000000000257e-01,-5.398410000000000153e-01,7.607420000000000293e-01,1.117764999999999898e+00,-1.063130000000000047e-01,-5.398410000000000153e-01,-8.713619999999999699e-01,-2.848249999999999948e-01,-1.063130000000000047e-01,-1.573170000000000124e-01,6.077320000000000499e-01,1.015759000000000079e+00,4.547229999999999883e-01,1.117764999999999898e+00,1.041260000000000074e+00,-2.554469999999999796e+00,-3.651040000000000063e+00,1.500289999999999901e+00,2.316342000000000123e+00,1.168768000000000029e+00,4.292210000000000192e-01,2.252079999999999915e-01,-1.318149999999999877e-01,2.252079999999999915e-01,-5.143389999999999906e-01,7.352410000000000334e-01,-2.848249999999999948e-01,-2.338210000000000011e-01,3.017130000000000090e-01,7.219799999999999829e-02,-7.438540000000000152e-01,6.842369999999999841e-01,8.372469999999999635e-01,-1.763919000000000015e+00,1.997059999999999946e-01,1.245273000000000074e+00,2.119499999999999856e-02,1.117764999999999898e+00,4.802239999999999842e-01,7.219799999999999829e-02,2.119499999999999856e-02,-1.063130000000000047e-01,4.292210000000000192e-01,1.270774999999999988e+00,5.057260000000000089e-01,-8.968639999999999946e-01,-7.438540000000000152e-01,7.352410000000000334e-01,-5.908440000000000358e-01,-9.478670000000000151e-01,-3.103259999999999907e-01,1.347280000000000033e+00,7.097390000000000088e-01,2.252079999999999915e-01,1.245273000000000074e+00,-1.063130000000000047e-01,-4.123330000000000051e-01,4.037189999999999945e-01,5.567290000000000294e-01,4.547229999999999883e-01,-9.478670000000000151e-01,-1.063130000000000047e-01,-1.151880000000000015e+00,8.372469999999999635e-01,3.527159999999999740e-01,3.272140000000000049e-01,1.487030000000000018e-01,1.321777999999999897e+00,6.077320000000000499e-01,-8.968639999999999946e-01,-4.123330000000000051e-01,-3.613299999999999845e-01,9.647550000000000292e-01,-3.868309999999999804e-01,7.862440000000000540e-01,5.312280000000000335e-01,6.587359999999999882e-01,1.232010000000000050e-01,2.507099999999999884e-01,-7.693560000000000398e-01,-1.100877000000000105e+00,3.272140000000000049e-01,2.545856999999999815e+00,-1.355893000000000015e+00,3.782179999999999986e-01,-1.432398000000000060e+00,-4.888379999999999947e-01,1.525790999999999897e+00,1.755306000000000033e+00,3.272140000000000049e-01,-8.713619999999999699e-01,6.077320000000000499e-01,-2.426962000000000064e+00,-5.530999999999999805e-02,1.398282999999999943e+00,1.551293000000000033e+00,1.372781000000000029e+00,-4.378349999999999742e-01,-8.713619999999999699e-01,1.742049999999999987e-01,3.017130000000000090e-01,2.119499999999999856e-02,1.041260000000000074e+00,3.527159999999999740e-01,2.507099999999999884e-01,7.219799999999999829e-02,-5.398410000000000153e-01,-1.432398000000000060e+00,-2.848249999999999948e-01,5.312280000000000335e-01,8.372469999999999635e-01,6.842369999999999841e-01,-3.868309999999999804e-01,1.245273000000000074e+00,2.252079999999999915e-01,1.487030000000000018e-01,1.729803999999999897e+00,1.232010000000000050e-01,-1.279387999999999970e+00,1.487030000000000018e-01,1.398282999999999943e+00,-1.075374999999999970e+00,-2.980800000000000116e-02,-1.573170000000000124e-01,-9.478670000000000151e-01,1.423785000000000078e+00,-1.916929000000000105e+00,-1.304890000000000105e+00,3.795437000000000172e+00,1.219772000000000078e+00,6.587359999999999882e-01,5.822310000000000541e-01,-3.778548999999999936e+00,-1.318149999999999877e-01,6.842369999999999841e-01,2.252079999999999915e-01,6.077320000000000499e-01,7.607420000000000293e-01,3.527159999999999740e-01,-9.478670000000000151e-01,-6.418479999999999741e-01,1.487030000000000018e-01,1.270774999999999988e+00,8.372469999999999635e-01,6.332339999999999636e-01,8.882499999999999840e-01,9.902570000000000539e-01,3.782179999999999986e-01,-1.840424000000000060e+00,-4.633360000000000256e-01,4.037189999999999945e-01,2.762109999999999843e-01,1.143267000000000033e+00,-2.848249999999999948e-01,-3.268515999999999977e+00,1.551293000000000033e+00,2.928380999999999901e+00,7.862440000000000540e-01,-2.338210000000000011e-01,-3.013500000000000068e+00,-3.868309999999999804e-01,2.545856999999999815e+00,8.117459999999999676e-01,-9.478670000000000151e-01,7.862440000000000540e-01,-6.163459999999999495e-01,-8.203589999999999494e-01,5.567290000000000294e-01,1.066761999999999988e+00,8.372469999999999635e-01,1.398282999999999943e+00,-6.928509999999999946e-01,-1.814923000000000064e+00,2.507099999999999884e-01,8.372469999999999635e-01,3.527159999999999740e-01,5.567290000000000294e-01,-7.438540000000000152e-01,-1.573170000000000124e-01,-1.318149999999999877e-01,1.551293000000000033e+00,2.119499999999999856e-02,2.119499999999999856e-02,-7.183530000000000193e-01,-5.653430000000000399e-01,8.372469999999999635e-01,1.398282999999999943e+00,-4.123330000000000051e-01,-1.151880000000000015e+00,4.802239999999999842e-01,8.627489999999999881e-01,-4.307000000000000065e-03,5.567290000000000294e-01,-1.318149999999999877e-01,9.902570000000000539e-01,5.822310000000000541e-01,1.117764999999999898e+00,1.487030000000000018e-01,-6.673489999999999700e-01,-5.653430000000000399e-01,-2.707479999999999887e+00,7.352410000000000334e-01,1.449286000000000074e+00,1.066761999999999988e+00,6.077320000000000499e-01,-1.063130000000000047e-01,9.769999999999999518e-02,-1.573170000000000124e-01,-7.693560000000000398e-01,7.097390000000000088e-01,-1.573170000000000124e-01,-8.081199999999999495e-02,4.037189999999999945e-01,2.443849999999999856e+00,2.469352000000000213e+00,-3.574535000000000018e+00,-1.942431000000000019e+00,7.862440000000000540e-01,1.041260000000000074e+00,1.066761999999999988e+00,3.527159999999999740e-01,-2.593230000000000257e-01,1.066761999999999988e+00,5.822310000000000541e-01,-4.307000000000000065e-03,-5.653430000000000399e-01,7.607420000000000293e-01,-2.338210000000000011e-01,9.769999999999999518e-02,-1.024372000000000060e+00,-1.483402000000000109e+00,4.802239999999999842e-01,1.321777999999999897e+00,1.423785000000000078e+00,1.092262999999999984e+00,-3.358280000000000154e-01,-1.942431000000000019e+00,3.272140000000000049e-01,9.392540000000000333e-01,1.232010000000000050e-01,6.332339999999999636e-01,4.802239999999999842e-01,-4.633360000000000256e-01,4.669600000000000140e-02,1.015759000000000079e+00,1.997059999999999946e-01,-1.318149999999999877e-01,-1.063130000000000047e-01,2.252079999999999915e-01,-6.163459999999999495e-01,-1.063130000000000047e-01,1.551293000000000033e+00,3.017130000000000090e-01,-3.868309999999999804e-01,4.802239999999999842e-01,6.587359999999999882e-01,2.119499999999999856e-02,5.057260000000000089e-01,-1.318149999999999877e-01,-2.980800000000000116e-02,-4.307000000000000065e-03,-1.891428000000000109e+00,-9.223660000000000192e-01,1.423785000000000078e+00,1.729803999999999897e+00,-5.653430000000000399e-01,4.292210000000000192e-01,-5.530999999999999805e-02,-8.713619999999999699e-01,5.822310000000000541e-01,1.487030000000000018e-01,-1.573170000000000124e-01,9.902570000000000539e-01,5.057260000000000089e-01,1.321777999999999897e+00,-2.848249999999999948e-01,-2.171946000000000154e+00,6.332339999999999636e-01,3.272140000000000049e-01,3.017130000000000090e-01,1.487030000000000018e-01,-2.593230000000000257e-01,1.474787999999999988e+00,5.057260000000000089e-01,-8.968639999999999946e-01,5.057260000000000089e-01,-2.338210000000000011e-01,-8.458609999999999740e-01,-3.868309999999999804e-01,5.567290000000000294e-01,1.232010000000000050e-01,1.742049999999999987e-01,1.908315999999999901e+00,2.035823999999999856e+00,-2.593230000000000257e-01,-3.166509000000000018e+00,7.219799999999999829e-02,8.372469999999999635e-01,3.272140000000000049e-01,5.057260000000000089e-01,-2.848249999999999948e-01,3.272140000000000049e-01,5.057260000000000089e-01,6.842369999999999841e-01,-3.613299999999999845e-01,7.219799999999999829e-02,-1.828180000000000083e-01,-3.868309999999999804e-01,8.372469999999999635e-01,2.119499999999999856e-02,1.041260000000000074e+00,1.066761999999999988e+00,-1.891428000000000109e+00,-2.783984999999999932e+00,6.842369999999999841e-01,2.010321999999999942e+00,5.057260000000000089e-01,-2.338210000000000011e-01,1.168768000000000029e+00,7.607420000000000293e-01,-7.183530000000000193e-01,3.017130000000000090e-01,3.272140000000000049e-01,2.252079999999999915e-01,7.219799999999999829e-02,9.769999999999999518e-02,-1.151880000000000015e+00,-4.378349999999999742e-01,3.017130000000000090e-01,7.352410000000000334e-01,1.117764999999999898e+00,1.245273000000000074e+00,-2.222948999999999842e+00,-7.183530000000000193e-01,4.547229999999999883e-01,9.392540000000000333e-01,5.312280000000000335e-01,3.272140000000000049e-01,2.252079999999999915e-01,3.782179999999999986e-01,6.587359999999999882e-01,4.669600000000000140e-02,1.742049999999999987e-01,3.782179999999999986e-01,2.762109999999999843e-01,-4.123330000000000051e-01,-1.738418000000000019e+00,-1.573170000000000124e-01,-4.307000000000000065e-03,1.219772000000000078e+00,1.500289999999999901e+00,-1.177381999999999929e+00,-1.063130000000000047e-01,-5.653430000000000399e-01,1.041260000000000074e+00,1.219772000000000078e+00,1.117764999999999898e+00,9.392540000000000333e-01,-1.483402000000000109e+00,-6.418479999999999741e-01,5.822310000000000541e-01,-8.081199999999999495e-02,-1.712916000000000105e+00,8.627489999999999881e-01,1.551293000000000033e+00,8.882499999999999840e-01,-6.163459999999999495e-01,-2.848249999999999948e-01,1.232010000000000050e-01,2.762109999999999843e-01,6.332339999999999636e-01,-4.633360000000000256e-01,1.997059999999999946e-01,-3.103259999999999907e-01,1.908315999999999901e+00,7.219799999999999829e-02,-1.508903000000000105e+00,4.037189999999999945e-01,-5.143389999999999906e-01,5.312280000000000335e-01,4.547229999999999883e-01,4.292210000000000192e-01,6.077320000000000499e-01,-3.103259999999999907e-01,7.219799999999999829e-02,1.742049999999999987e-01,3.782179999999999986e-01,-1.063130000000000047e-01,-3.103259999999999907e-01,5.312280000000000335e-01,9.902570000000000539e-01,-7.438540000000000152e-01,1.742049999999999987e-01,-5.908440000000000358e-01,1.487030000000000018e-01,2.762109999999999843e-01,6.332339999999999636e-01,7.352410000000000334e-01,4.802239999999999842e-01,-8.713619999999999699e-01,8.627489999999999881e-01,5.822310000000000541e-01,-2.528967999999999883e+00,-6.673489999999999700e-01,2.035823999999999856e+00,1.117764999999999898e+00,7.607420000000000293e-01,9.392540000000000333e-01,7.352410000000000334e-01,-4.633360000000000256e-01,-5.398410000000000153e-01,-2.848249999999999948e-01,-5.530999999999999805e-02,5.312280000000000335e-01,-5.530999999999999805e-02,-3.103259999999999907e-01,1.219772000000000078e+00,-5.908440000000000358e-01,-2.732981999999999800e+00,-5.398410000000000153e-01,1.143267000000000033e+00,1.168768000000000029e+00,1.806308999999999942e+00,2.119499999999999856e-02,2.119499999999999856e-02,1.997059999999999946e-01,-2.593230000000000257e-01,-4.888379999999999947e-01,5.312280000000000335e-01,-8.081199999999999495e-02,1.742049999999999987e-01,3.782179999999999986e-01,9.392540000000000333e-01,5.567290000000000294e-01,-1.573170000000000124e-01,4.802239999999999842e-01,-5.398410000000000153e-01,-1.559906000000000015e+00,-7.438540000000000152e-01,1.296276999999999902e+00,7.607420000000000293e-01,4.292210000000000192e-01,9.137520000000000087e-01,3.272140000000000049e-01,-9.733690000000000397e-01,-2.593230000000000257e-01,9.137520000000000087e-01,4.037189999999999945e-01,-2.848249999999999948e-01,2.762109999999999843e-01,3.272140000000000049e-01,3.017130000000000090e-01,-1.573170000000000124e-01,2.119499999999999856e-02,-8.081199999999999495e-02,-3.868309999999999804e-01,5.057260000000000089e-01,-7.183530000000000193e-01,3.782179999999999986e-01,4.292210000000000192e-01,3.272140000000000049e-01,4.292210000000000192e-01,1.449286000000000074e+00,1.245273000000000074e+00,-2.350457000000000019e+00,-1.840424000000000060e+00,1.997059999999999946e-01,9.392540000000000333e-01,1.219772000000000078e+00,1.831811000000000078e+00,-2.980800000000000116e-02,-5.908440000000000358e-01,-8.081199999999999495e-02,-1.573170000000000124e-01,-5.143389999999999906e-01,5.057260000000000089e-01,4.669600000000000140e-02,4.292210000000000192e-01,3.527159999999999740e-01,8.117459999999999676e-01,-7.948570000000000357e-01,-4.888379999999999947e-01,7.862440000000000540e-01,1.500289999999999901e+00,7.219799999999999829e-02,-2.069939000000000195e+00,8.372469999999999635e-01,1.092262999999999984e+00,-5.143389999999999906e-01,3.017130000000000090e-01,3.527159999999999740e-01,9.137520000000000087e-01,-1.063130000000000047e-01,-5.908440000000000358e-01,3.527159999999999740e-01,1.066761999999999988e+00,2.252079999999999915e-01,-7.438540000000000152e-01,-4.307000000000000065e-03,1.232010000000000050e-01,8.372469999999999635e-01,1.487030000000000018e-01,-8.203589999999999494e-01,-1.228385000000000060e+00,3.272140000000000049e-01,1.933816999999999897e+00,3.782179999999999986e-01,-5.653430000000000399e-01,9.902570000000000539e-01,-7.183530000000000193e-01,-1.049873999999999974e+00,3.527159999999999740e-01,8.117459999999999676e-01,5.822310000000000541e-01,8.372469999999999635e-01,9.647550000000000292e-01,-1.075374999999999970e+00,-1.559906000000000015e+00,3.272140000000000049e-01,8.627489999999999881e-01,7.097390000000000088e-01,-4.307000000000000065e-03,1.117764999999999898e+00,9.392540000000000333e-01,-3.868309999999999804e-01,-1.508903000000000105e+00,-3.103259999999999907e-01,4.037189999999999945e-01,8.627489999999999881e-01,6.332339999999999636e-01,1.997059999999999946e-01,2.507099999999999884e-01,-1.432398000000000060e+00,-7.183530000000000193e-01,-1.318149999999999877e-01,1.092262999999999984e+00,1.194269999999999943e+00,-8.203589999999999494e-01,8.372469999999999635e-01,9.137520000000000087e-01,3.017130000000000090e-01,9.769999999999999518e-02,-2.593230000000000257e-01,-8.081199999999999495e-02,-4.307000000000000065e-03,6.842369999999999841e-01,-1.151880000000000015e+00,-1.573170000000000124e-01,1.742049999999999987e-01,2.507099999999999884e-01,-2.848249999999999948e-01,4.037189999999999945e-01,4.802239999999999842e-01,2.762109999999999843e-01,1.143267000000000033e+00,2.252079999999999915e-01,-1.763919000000000015e+00,-3.613299999999999845e-01,1.831811000000000078e+00,5.057260000000000089e-01,3.782179999999999986e-01,6.587359999999999882e-01,-2.593230000000000257e-01,-1.534405000000000019e+00,8.372469999999999635e-01,1.066761999999999988e+00,-4.378349999999999742e-01,-5.143389999999999906e-01,8.882499999999999840e-01,-1.573170000000000124e-01,-4.307000000000000065e-03,7.607420000000000293e-01,4.037189999999999945e-01,-6.673489999999999700e-01,2.119499999999999856e-02,4.292210000000000192e-01,6.842369999999999841e-01,-3.103259999999999907e-01,2.507099999999999884e-01,-2.848249999999999948e-01,-1.318149999999999877e-01,9.769999999999999518e-02,4.547229999999999883e-01,9.137520000000000087e-01,3.017130000000000090e-01,-8.081199999999999495e-02,7.219799999999999829e-02,-2.593230000000000257e-01,7.219799999999999829e-02,-2.980800000000000116e-02,9.769999999999999518e-02,-2.338210000000000011e-01,3.527159999999999740e-01,5.312280000000000335e-01,4.292210000000000192e-01,-3.103259999999999907e-01,1.487030000000000018e-01,-5.530999999999999805e-02,7.219799999999999829e-02,9.769999999999999518e-02,3.017130000000000090e-01,3.272140000000000049e-01,6.332339999999999636e-01,-1.814923000000000064e+00,9.392540000000000333e-01,9.647550000000000292e-01,4.292210000000000192e-01,4.037189999999999945e-01,-1.738418000000000019e+00,-1.253886999999999974e+00,5.567290000000000294e-01,6.587359999999999882e-01,8.882499999999999840e-01,1.551293000000000033e+00,1.653299000000000074e+00,-3.868309999999999804e-01,-1.763919000000000015e+00,-1.534405000000000019e+00,4.547229999999999883e-01,8.117459999999999676e-01,7.607420000000000293e-01,4.292210000000000192e-01,-2.848249999999999948e-01,-4.888379999999999947e-01,4.802239999999999842e-01,5.057260000000000089e-01,2.119499999999999856e-02,-1.828180000000000083e-01,-8.081199999999999495e-02,7.352410000000000334e-01,1.487030000000000018e-01,1.232010000000000050e-01,-3.613299999999999845e-01,4.037189999999999945e-01,3.272140000000000049e-01,4.802239999999999842e-01,-5.398410000000000153e-01,3.782179999999999986e-01,7.097390000000000088e-01,-6.163459999999999495e-01,-1.049873999999999974e+00,-3.358280000000000154e-01,1.449286000000000074e+00,1.347280000000000033e+00,5.312280000000000335e-01,-4.378349999999999742e-01,5.312280000000000335e-01,2.252079999999999915e-01,-6.163459999999999495e-01,3.272140000000000049e-01,-8.968639999999999946e-01,-3.868309999999999804e-01,1.806308999999999942e+00,1.398282999999999943e+00,-7.438540000000000152e-01,-1.865925999999999974e+00,7.862440000000000540e-01,6.332339999999999636e-01,2.119499999999999856e-02,3.782179999999999986e-01,1.143267000000000033e+00,1.232010000000000050e-01,-5.653430000000000399e-01,1.487030000000000018e-01,4.669600000000000140e-02,1.232010000000000050e-01,7.219799999999999829e-02,5.312280000000000335e-01,1.742049999999999987e-01,1.232010000000000050e-01,2.119499999999999856e-02,-5.653430000000000399e-01,-1.318149999999999877e-01,5.312280000000000335e-01,8.117459999999999676e-01,3.017130000000000090e-01,4.292210000000000192e-01,-6.673489999999999700e-01,-1.738418000000000019e+00,-1.318149999999999877e-01,1.398282999999999943e+00,1.270774999999999988e+00,9.392540000000000333e-01,-2.848249999999999948e-01,-6.163459999999999495e-01,9.647550000000000292e-01,5.567290000000000294e-01,1.742049999999999987e-01,-4.307000000000000065e-03,2.119499999999999856e-02,7.219799999999999829e-02,-5.398410000000000153e-01,-1.024372000000000060e+00,2.762109999999999843e-01,6.587359999999999882e-01,4.547229999999999883e-01,-8.081199999999999495e-02,2.252079999999999915e-01,6.077320000000000499e-01,6.077320000000000499e-01,4.547229999999999883e-01,-5.398410000000000153e-01,3.272140000000000049e-01,-5.908440000000000358e-01,1.232010000000000050e-01,6.332339999999999636e-01,1.143267000000000033e+00,7.097390000000000088e-01,-1.967932999999999932e+00,7.607420000000000293e-01,-1.063130000000000047e-01,-8.081199999999999495e-02,1.117764999999999898e+00,1.041260000000000074e+00,-2.593230000000000257e-01,-2.848249999999999948e-01,-2.083200000000000052e-01,-7.438540000000000152e-01,7.352410000000000334e-01,9.137520000000000087e-01,9.137520000000000087e-01,-2.593230000000000257e-01,-4.888379999999999947e-01,-5.908440000000000358e-01,-8.081199999999999495e-02,9.769999999999999518e-02,3.782179999999999986e-01,1.742049999999999987e-01,-1.828180000000000083e-01,5.567290000000000294e-01,6.077320000000000499e-01,3.017130000000000090e-01,1.015759000000000079e+00,6.332339999999999636e-01,-1.355893000000000015e+00,-5.908440000000000358e-01,1.997059999999999946e-01,5.822310000000000541e-01,4.037189999999999945e-01,2.119499999999999856e-02,2.119499999999999856e-02,-1.318149999999999877e-01,6.587359999999999882e-01,-5.530999999999999805e-02,-3.868309999999999804e-01,-5.530999999999999805e-02,2.507099999999999884e-01,1.653299000000000074e+00,6.587359999999999882e-01,-2.630974999999999842e+00,5.312280000000000335e-01,6.842369999999999841e-01,8.372469999999999635e-01,5.822310000000000541e-01,-4.378349999999999742e-01,7.862440000000000540e-01,7.352410000000000334e-01,-8.203589999999999494e-01,-2.095441000000000109e+00,1.742049999999999987e-01,-2.848249999999999948e-01,1.041260000000000074e+00,1.449286000000000074e+00,8.627489999999999881e-01,1.092262999999999984e+00,-5.398410000000000153e-01,-1.049873999999999974e+00,-1.573170000000000124e-01,9.769999999999999518e-02,1.742049999999999987e-01,7.352410000000000334e-01,-1.318149999999999877e-01,3.782179999999999986e-01,1.997059999999999946e-01,5.567290000000000294e-01,7.219799999999999829e-02,-6.418479999999999741e-01,-3.868309999999999804e-01,3.782179999999999986e-01,-8.081199999999999495e-02,-6.163459999999999495e-01,6.077320000000000499e-01,6.077320000000000499e-01,7.352410000000000334e-01,1.551293000000000033e+00,-8.203589999999999494e-01,-1.828180000000000083e-01,-5.398410000000000153e-01,7.097390000000000088e-01,2.762109999999999843e-01,-6.928509999999999946e-01,1.232010000000000050e-01,2.507099999999999884e-01,2.762109999999999843e-01,8.882499999999999840e-01,-1.828180000000000083e-01,-9.223660000000000192e-01,3.272140000000000049e-01,3.017130000000000090e-01,3.017130000000000090e-01,1.487030000000000018e-01,2.252079999999999915e-01,-1.318149999999999877e-01,6.077320000000000499e-01,1.117764999999999898e+00,-4.123330000000000051e-01,-1.100877000000000105e+00,-1.573170000000000124e-01,-7.183530000000000193e-01,5.567290000000000294e-01,1.066761999999999988e+00,-1.075374999999999970e+00,5.312280000000000335e-01,7.097390000000000088e-01,6.332339999999999636e-01,4.037189999999999945e-01,-4.307000000000000065e-03,3.017130000000000090e-01,4.669600000000000140e-02,1.232010000000000050e-01,-6.163459999999999495e-01,-5.398410000000000153e-01,9.392540000000000333e-01,2.119499999999999856e-02,8.882499999999999840e-01,-4.888379999999999947e-01,-1.318149999999999877e-01,4.037189999999999945e-01,-5.398410000000000153e-01,5.057260000000000089e-01,1.232010000000000050e-01,4.547229999999999883e-01,-1.151880000000000015e+00,8.882499999999999840e-01,1.882813999999999988e+00,2.252079999999999915e-01,-2.980800000000000116e-02,2.119499999999999856e-02,-1.063130000000000047e-01,-3.868309999999999804e-01,5.822310000000000541e-01,5.312280000000000335e-01,1.997059999999999946e-01,-2.980800000000000116e-02,7.219799999999999829e-02,5.057260000000000089e-01,-1.063130000000000047e-01,-2.848249999999999948e-01,-2.083200000000000052e-01,-1.573170000000000124e-01,2.119499999999999856e-02,5.057260000000000089e-01,6.332339999999999636e-01,4.802239999999999842e-01,8.117459999999999676e-01,-4.307000000000000065e-03,9.769999999999999518e-02,-8.081199999999999495e-02,-6.928509999999999946e-01,-3.358280000000000154e-01,4.037189999999999945e-01,4.802239999999999842e-01,1.143267000000000033e+00,2.252079999999999915e-01,-2.338210000000000011e-01,3.782179999999999986e-01,3.017130000000000090e-01,2.252079999999999915e-01,9.769999999999999518e-02,-8.081199999999999495e-02,-1.049873999999999974e+00,2.507099999999999884e-01,6.842369999999999841e-01,-3.613299999999999845e-01,-4.888379999999999947e-01,1.997059999999999946e-01,-8.081199999999999495e-02,3.782179999999999986e-01,9.902570000000000539e-01,3.782179999999999986e-01,-3.358280000000000154e-01,2.252079999999999915e-01,-1.573170000000000124e-01,3.272140000000000049e-01,7.352410000000000334e-01,7.352410000000000334e-01,3.017130000000000090e-01,-1.828180000000000083e-01,-1.063130000000000047e-01,3.017130000000000090e-01,-1.828180000000000083e-01,-6.673489999999999700e-01,3.782179999999999986e-01,6.842369999999999841e-01,-3.103259999999999907e-01,1.487030000000000018e-01,1.232010000000000050e-01,4.547229999999999883e-01,6.587359999999999882e-01,-1.063130000000000047e-01,-1.508903000000000105e+00,-3.613299999999999845e-01,6.842369999999999841e-01,5.822310000000000541e-01,8.372469999999999635e-01,1.015759000000000079e+00,-4.307000000000000065e-03,-6.163459999999999495e-01,2.252079999999999915e-01,5.312280000000000335e-01,-2.338210000000000011e-01,-2.980800000000000116e-02,2.762109999999999843e-01,-8.081199999999999495e-02,5.822310000000000541e-01,3.272140000000000049e-01,-1.318149999999999877e-01,2.119499999999999856e-02,1.232010000000000050e-01,-2.848249999999999948e-01,-5.398410000000000153e-01,-3.868309999999999804e-01,4.037189999999999945e-01,1.041260000000000074e+00,1.117764999999999898e+00,2.507099999999999884e-01,-4.378349999999999742e-01,-9.988700000000000356e-01,8.627489999999999881e-01,1.525790999999999897e+00,-1.063130000000000047e-01,-1.355893000000000015e+00,6.842369999999999841e-01,2.507099999999999884e-01,4.802239999999999842e-01,3.782179999999999986e-01,-5.530999999999999805e-02,-4.307000000000000065e-03,2.507099999999999884e-01,1.487030000000000018e-01,4.037189999999999945e-01,-9.223660000000000192e-01,-2.593230000000000257e-01,2.252079999999999915e-01,9.769999999999999518e-02,8.372469999999999635e-01,8.627489999999999881e-01,5.822310000000000541e-01,-5.143389999999999906e-01,-2.980800000000000116e-02,4.292210000000000192e-01,5.057260000000000089e-01,-6.928509999999999946e-01,7.219799999999999829e-02,1.219772000000000078e+00,1.449286000000000074e+00,-1.610910000000000064e+00,-8.081199999999999495e-02,-1.318149999999999877e-01,2.762109999999999843e-01,4.547229999999999883e-01,-9.988700000000000356e-01,-1.228385000000000060e+00,7.607420000000000293e-01,2.367344999999999811e+00,9.137520000000000087e-01,-3.358280000000000154e-01,2.252079999999999915e-01,-9.733690000000000397e-01,9.137520000000000087e-01,5.822310000000000541e-01,-8.968639999999999946e-01,9.902570000000000539e-01,2.252079999999999915e-01,-1.202884000000000064e+00,-2.848249999999999948e-01,6.842369999999999841e-01,6.587359999999999882e-01,-6.163459999999999495e-01,3.272140000000000049e-01,4.547229999999999883e-01,2.119499999999999856e-02,1.997059999999999946e-01,9.647550000000000292e-01,3.017130000000000090e-01,-2.980800000000000116e-02,-2.593230000000000257e-01,-1.049873999999999974e+00,-8.081199999999999495e-02,1.015759000000000079e+00,6.587359999999999882e-01,2.119499999999999856e-02,-4.307000000000000065e-03,-2.338210000000000011e-01,5.057260000000000089e-01,3.017130000000000090e-01,5.312280000000000335e-01,-2.980800000000000116e-02,7.097390000000000088e-01,-5.653430000000000399e-01,-4.378349999999999742e-01,-2.197446999999999928e+00,2.762109999999999843e-01,1.627798000000000078e+00,1.627798000000000078e+00,6.842369999999999841e-01,1.232010000000000050e-01,-8.968639999999999946e-01,7.219799999999999829e-02,7.219799999999999829e-02,4.292210000000000192e-01,1.232010000000000050e-01,4.547229999999999883e-01,-1.828180000000000083e-01,6.332339999999999636e-01,7.097390000000000088e-01,-3.358280000000000154e-01,4.547229999999999883e-01,-2.044436999999999838e+00,7.097390000000000088e-01,7.352410000000000334e-01,7.097390000000000088e-01,7.352410000000000334e-01,5.057260000000000089e-01,7.352410000000000334e-01,-4.888379999999999947e-01,-7.948570000000000357e-01,-4.888379999999999947e-01,-2.083200000000000052e-01,7.219799999999999829e-02,6.332339999999999636e-01,6.332339999999999636e-01,2.507099999999999884e-01,1.232010000000000050e-01,3.782179999999999986e-01,4.802239999999999842e-01,-2.980800000000000116e-02,-2.083200000000000052e-01,1.232010000000000050e-01,9.769999999999999518e-02,2.507099999999999884e-01,3.272140000000000049e-01,4.669600000000000140e-02,-1.840424000000000060e+00,1.372781000000000029e+00,3.272140000000000049e-01,-8.081199999999999495e-02,6.332339999999999636e-01,-1.318149999999999877e-01,4.547229999999999883e-01,7.862440000000000540e-01,7.862440000000000540e-01,6.332339999999999636e-01,-4.888379999999999947e-01,-1.177381999999999929e+00,-3.103259999999999907e-01,4.037189999999999945e-01,3.017130000000000090e-01,1.997059999999999946e-01,9.769999999999999518e-02,4.037189999999999945e-01,1.232010000000000050e-01,-8.968639999999999946e-01,-2.593230000000000257e-01,1.398282999999999943e+00,-2.848249999999999948e-01,2.119499999999999856e-02,7.607420000000000293e-01,1.232010000000000050e-01,-1.828180000000000083e-01,6.332339999999999636e-01,1.270774999999999988e+00,1.232010000000000050e-01,5.312280000000000335e-01,-5.908440000000000358e-01,-7.183530000000000193e-01,1.117764999999999898e+00,-6.418479999999999741e-01,-2.083200000000000052e-01,-1.063130000000000047e-01,-1.126379000000000019e+00,1.232010000000000050e-01,5.312280000000000335e-01,8.372469999999999635e-01,8.627489999999999881e-01,1.729803999999999897e+00,1.398282999999999943e+00,-1.610910000000000064e+00,-1.610910000000000064e+00,-1.573170000000000124e-01,6.842369999999999841e-01,6.077320000000000499e-01,2.507099999999999884e-01,1.742049999999999987e-01,-1.318149999999999877e-01,8.117459999999999676e-01,-5.908440000000000358e-01,-1.151880000000000015e+00,5.312280000000000335e-01,-4.307000000000000065e-03,5.822310000000000541e-01,9.392540000000000333e-01,6.587359999999999882e-01,-2.593230000000000257e-01,1.232010000000000050e-01,-2.980800000000000116e-02,-4.123330000000000051e-01,6.332339999999999636e-01,5.312280000000000335e-01,2.507099999999999884e-01,6.332339999999999636e-01,-1.318149999999999877e-01,-1.151880000000000015e+00,3.272140000000000049e-01,-4.378349999999999742e-01,-1.151880000000000015e+00,-5.908440000000000358e-01,5.312280000000000335e-01,1.959319000000000033e+00,1.678800999999999988e+00,5.822310000000000541e-01,-2.083200000000000052e-01,1.997059999999999946e-01,-1.381394999999999929e+00,1.232010000000000050e-01,-1.063130000000000047e-01,-2.980800000000000116e-02,6.077320000000000499e-01,6.332339999999999636e-01,-2.980800000000000116e-02,1.487030000000000018e-01,-1.738418000000000019e+00,3.782179999999999986e-01,4.669600000000000140e-02,8.882499999999999840e-01,5.822310000000000541e-01,4.802239999999999842e-01,8.117459999999999676e-01,9.769999999999999518e-02,-7.438540000000000152e-01,-1.573170000000000124e-01,6.587359999999999882e-01,8.372469999999999635e-01,9.769999999999999518e-02,-2.083200000000000052e-01,-2.593230000000000257e-01,9.769999999999999518e-02,9.769999999999999518e-02,-6.418479999999999741e-01,-2.593230000000000257e-01,4.292210000000000192e-01,4.802239999999999842e-01,3.527159999999999740e-01,9.769999999999999518e-02,2.252079999999999915e-01,2.507099999999999884e-01,6.332339999999999636e-01,3.017130000000000090e-01,2.119499999999999856e-02,4.037189999999999945e-01,1.997059999999999946e-01,5.057260000000000089e-01,-8.081199999999999495e-02,-9.223660000000000192e-01,-7.948570000000000357e-01,1.487030000000000018e-01,-5.653430000000000399e-01,9.769999999999999518e-02,3.527159999999999740e-01,1.500289999999999901e+00,1.423785000000000078e+00,7.862440000000000540e-01,2.252079999999999915e-01,-5.398410000000000153e-01,-4.123330000000000051e-01,1.232010000000000050e-01,-3.613299999999999845e-01,-2.338210000000000011e-01,-1.573170000000000124e-01,3.782179999999999986e-01,1.997059999999999946e-01,-1.573170000000000124e-01,9.769999999999999518e-02,1.487030000000000018e-01,4.547229999999999883e-01,4.802239999999999842e-01,4.802239999999999842e-01,1.487030000000000018e-01,7.219799999999999829e-02,4.292210000000000192e-01,-1.573170000000000124e-01,-3.103259999999999907e-01,4.669600000000000140e-02,-1.318149999999999877e-01,3.272140000000000049e-01,1.487030000000000018e-01,-2.593230000000000257e-01,4.547229999999999883e-01,6.077320000000000499e-01,1.487030000000000018e-01,-4.307000000000000065e-03,9.392540000000000333e-01,1.270774999999999988e+00,-2.848249999999999948e-01,-1.993433999999999928e+00,-4.307000000000000065e-03,1.627798000000000078e+00,4.037189999999999945e-01,-1.304890000000000105e+00,1.742049999999999987e-01,5.312280000000000335e-01,-8.968639999999999946e-01,5.822310000000000541e-01,2.119499999999999856e-02,3.782179999999999986e-01,1.041260000000000074e+00,5.567290000000000294e-01,2.762109999999999843e-01,-5.530999999999999805e-02,-4.307000000000000065e-03,-2.848249999999999948e-01,-2.338210000000000011e-01,-1.063130000000000047e-01,7.219799999999999829e-02,1.487030000000000018e-01,8.117459999999999676e-01,7.607420000000000293e-01,8.882499999999999840e-01,-2.083200000000000052e-01,-1.865925999999999974e+00,-4.123330000000000051e-01,9.902570000000000539e-01,7.607420000000000293e-01,-4.307000000000000065e-03,4.669600000000000140e-02,2.507099999999999884e-01,1.755306000000000033e+00,1.997059999999999946e-01,-1.916929000000000105e+00,-3.613299999999999845e-01,5.567290000000000294e-01,4.802239999999999842e-01,5.567290000000000294e-01,9.392540000000000333e-01,6.587359999999999882e-01,3.782179999999999986e-01,-3.358280000000000154e-01,-4.888379999999999947e-01,-2.593230000000000257e-01,5.312280000000000335e-01,-2.848249999999999948e-01,-2.083200000000000052e-01,-1.828180000000000083e-01,2.762109999999999843e-01,1.066761999999999988e+00,5.312280000000000335e-01,1.742049999999999987e-01,-8.458609999999999740e-01,5.057260000000000089e-01,7.352410000000000334e-01,-1.381394999999999929e+00,-4.123330000000000051e-01,5.312280000000000335e-01,9.902570000000000539e-01,1.270774999999999988e+00,1.270774999999999988e+00,3.017130000000000090e-01,-1.828180000000000083e-01,-8.081199999999999495e-02,-1.151880000000000015e+00,-2.338210000000000011e-01,3.272140000000000049e-01,9.902570000000000539e-01,-1.828180000000000083e-01,-4.633360000000000256e-01,4.802239999999999842e-01,9.902570000000000539e-01,1.232010000000000050e-01,-3.358280000000000154e-01,-2.593230000000000257e-01,1.232010000000000050e-01,6.077320000000000499e-01,7.219799999999999829e-02,3.527159999999999740e-01,2.507099999999999884e-01,-2.980800000000000116e-02,-5.908440000000000358e-01,2.252079999999999915e-01,2.119499999999999856e-02,3.017130000000000090e-01,2.252079999999999915e-01,3.017130000000000090e-01,3.272140000000000049e-01,5.312280000000000335e-01,9.392540000000000333e-01,3.782179999999999986e-01,3.782179999999999986e-01,-1.355893000000000015e+00,-1.024372000000000060e+00,-4.378349999999999742e-01,4.802239999999999842e-01,1.347280000000000033e+00,-1.279387999999999970e+00,-4.888379999999999947e-01,1.168768000000000029e+00,2.086826999999999988e+00,1.041260000000000074e+00,4.669600000000000140e-02,-1.840424000000000060e+00,-5.530999999999999805e-02,2.252079999999999915e-01,-1.573170000000000124e-01,7.219799999999999829e-02,3.272140000000000049e-01,8.117459999999999676e-01,3.527159999999999740e-01,-4.123330000000000051e-01,-8.081199999999999495e-02,4.292210000000000192e-01,1.398282999999999943e+00,3.272140000000000049e-01,-9.223660000000000192e-01,-1.636411000000000060e+00,2.119499999999999856e-02,1.270774999999999988e+00,7.352410000000000334e-01,-2.069939000000000195e+00,9.902570000000000539e-01,6.077320000000000499e-01,3.017130000000000090e-01,1.015759000000000079e+00,9.137520000000000087e-01,1.742049999999999987e-01,7.219799999999999829e-02,-8.081199999999999495e-02,-2.980800000000000116e-02,-9.988700000000000356e-01,-2.593230000000000257e-01,3.272140000000000049e-01,-1.573170000000000124e-01,4.292210000000000192e-01,1.232010000000000050e-01,6.332339999999999636e-01,7.607420000000000293e-01,6.332339999999999636e-01,-4.123330000000000051e-01,-1.049873999999999974e+00,-2.338210000000000011e-01,6.332339999999999636e-01,1.997059999999999946e-01,5.057260000000000089e-01,5.057260000000000089e-01,6.587359999999999882e-01,9.392540000000000333e-01,-2.848249999999999948e-01,-1.151880000000000015e+00,-4.633360000000000256e-01,3.272140000000000049e-01,1.742049999999999987e-01,-2.980800000000000116e-02,6.332339999999999636e-01,-3.613299999999999845e-01,6.587359999999999882e-01,1.041260000000000074e+00,2.252079999999999915e-01,-6.928509999999999946e-01,1.117764999999999898e+00,9.392540000000000333e-01,-1.075374999999999970e+00,-7.693560000000000398e-01,7.219799999999999829e-02,3.527159999999999740e-01,-4.123330000000000051e-01,9.137520000000000087e-01,5.567290000000000294e-01,9.769999999999999518e-02,3.782179999999999986e-01,1.997059999999999946e-01,3.272140000000000049e-01,2.119499999999999856e-02,7.219799999999999829e-02,-7.948570000000000357e-01,-4.378349999999999742e-01,4.037189999999999945e-01,3.782179999999999986e-01,-4.307000000000000065e-03,1.232010000000000050e-01,-4.307000000000000065e-03,4.669600000000000140e-02,-1.738418000000000019e+00,6.077320000000000499e-01,1.143267000000000033e+00,1.398282999999999943e+00,1.245273000000000074e+00,5.312280000000000335e-01,-3.868309999999999804e-01,-6.673489999999999700e-01,1.487030000000000018e-01,7.219799999999999829e-02,-1.318149999999999877e-01,-1.228385000000000060e+00,2.252079999999999915e-01,5.822310000000000541e-01,4.802239999999999842e-01,-3.103259999999999907e-01,5.057260000000000089e-01,9.769999999999999518e-02,1.232010000000000050e-01,6.842369999999999841e-01,2.762109999999999843e-01,2.762109999999999843e-01,1.997059999999999946e-01,2.119499999999999856e-02,-1.534405000000000019e+00,-1.063130000000000047e-01,2.252079999999999915e-01,8.117459999999999676e-01,1.474787999999999988e+00,4.802239999999999842e-01,-1.228385000000000060e+00,4.292210000000000192e-01,6.077320000000000499e-01,3.017130000000000090e-01,-6.163459999999999495e-01,-8.081199999999999495e-02,3.017130000000000090e-01,1.997059999999999946e-01,9.769999999999999518e-02,-2.848249999999999948e-01,7.219799999999999829e-02,2.119499999999999856e-02,-8.081199999999999495e-02,3.782179999999999986e-01,9.769999999999999518e-02,1.232010000000000050e-01,3.017130000000000090e-01,4.292210000000000192e-01,8.372469999999999635e-01,4.292210000000000192e-01,-9.223660000000000192e-01,-3.613299999999999845e-01,9.769999999999999518e-02,1.997059999999999946e-01,4.802239999999999842e-01,4.292210000000000192e-01,2.762109999999999843e-01,7.862440000000000540e-01,3.017130000000000090e-01,2.762109999999999843e-01,-1.151880000000000015e+00,-2.554469999999999796e+00,6.842369999999999841e-01,1.041260000000000074e+00,2.252079999999999915e-01,-5.908440000000000358e-01,7.607420000000000293e-01,1.704302999999999901e+00,6.842369999999999841e-01,1.232010000000000050e-01,-5.398410000000000153e-01,-5.530999999999999805e-02,-1.063130000000000047e-01,-5.530999999999999805e-02,4.802239999999999842e-01,4.547229999999999883e-01,-2.848249999999999948e-01,-8.458609999999999740e-01,-2.083200000000000052e-01,4.037189999999999945e-01,5.567290000000000294e-01,4.547229999999999883e-01,5.312280000000000335e-01,3.017130000000000090e-01,-1.318149999999999877e-01,2.762109999999999843e-01,3.272140000000000049e-01,-3.868309999999999804e-01,1.997059999999999946e-01,3.272140000000000049e-01,-2.083200000000000052e-01,1.232010000000000050e-01,5.057260000000000089e-01,3.782179999999999986e-01,4.802239999999999842e-01,-6.163459999999999495e-01,-1.828180000000000083e-01,1.232010000000000050e-01,1.015759000000000079e+00,4.292210000000000192e-01,-1.916929000000000105e+00,3.527159999999999740e-01,1.194269999999999943e+00,4.037189999999999945e-01,4.292210000000000192e-01,6.842369999999999841e-01,4.292210000000000192e-01,2.762109999999999843e-01,-6.928509999999999946e-01,-6.163459999999999495e-01,-5.908440000000000358e-01,-2.980800000000000116e-02,4.802239999999999842e-01,5.822310000000000541e-01,-7.438540000000000152e-01,1.168768000000000029e+00,1.219772000000000078e+00,-1.828180000000000083e-01,-3.358280000000000154e-01,-2.980800000000000116e-02,2.762109999999999843e-01,2.507099999999999884e-01,3.782179999999999986e-01,-6.673489999999999700e-01,-1.063130000000000047e-01,2.762109999999999843e-01,5.312280000000000335e-01,6.332339999999999636e-01,3.527159999999999740e-01,-1.573170000000000124e-01,-5.530999999999999805e-02,-1.828180000000000083e-01,-8.081199999999999495e-02,1.015759000000000079e+00,6.332339999999999636e-01,-4.888379999999999947e-01,-1.063130000000000047e-01,-6.163459999999999495e-01,3.272140000000000049e-01,6.587359999999999882e-01,-2.338210000000000011e-01,4.292210000000000192e-01,-8.081199999999999495e-02,9.392540000000000333e-01,6.332339999999999636e-01,-1.828180000000000083e-01,5.567290000000000294e-01,6.077320000000000499e-01,-8.203589999999999494e-01,-4.888379999999999947e-01,2.119499999999999856e-02,3.782179999999999986e-01,-2.338210000000000011e-01,-5.530999999999999805e-02,1.296276999999999902e+00,5.057260000000000089e-01,-5.653430000000000399e-01,-8.458609999999999740e-01,2.252079999999999915e-01,3.527159999999999740e-01,4.037189999999999945e-01,4.547229999999999883e-01,2.252079999999999915e-01,-7.693560000000000398e-01,9.137520000000000087e-01,8.882499999999999840e-01,2.762109999999999843e-01,-2.980800000000000116e-02,-2.980800000000000116e-02,-4.307000000000000065e-03,-1.828180000000000083e-01,-1.828180000000000083e-01,-2.083200000000000052e-01,3.527159999999999740e-01,5.567290000000000294e-01,6.332339999999999636e-01,-9.988700000000000356e-01,7.097390000000000088e-01,7.352410000000000334e-01,7.219799999999999829e-02,-1.304890000000000105e+00,-2.848249999999999948e-01,5.312280000000000335e-01,4.292210000000000192e-01,8.372469999999999635e-01,1.041260000000000074e+00,-1.573170000000000124e-01,6.332339999999999636e-01,-3.103259999999999907e-01,-1.151880000000000015e+00,-2.338210000000000011e-01,-2.593230000000000257e-01,4.802239999999999842e-01,4.292210000000000192e-01,2.252079999999999915e-01,3.782179999999999986e-01,3.782179999999999986e-01,-6.418479999999999741e-01,4.669600000000000140e-02,2.507099999999999884e-01,7.352410000000000334e-01,9.902570000000000539e-01,7.219799999999999829e-02,8.372469999999999635e-01,-3.103259999999999907e-01,-2.401460000000000150e+00,4.669600000000000140e-02,8.117459999999999676e-01,5.057260000000000089e-01,1.143267000000000033e+00,3.272140000000000049e-01,-1.253886999999999974e+00,1.997059999999999946e-01,5.822310000000000541e-01,5.057260000000000089e-01,-1.063130000000000047e-01,5.057260000000000089e-01,5.312280000000000335e-01,1.997059999999999946e-01,-9.988700000000000356e-01,-4.633360000000000256e-01,4.547229999999999883e-01,-5.530999999999999805e-02,4.547229999999999883e-01,2.507099999999999884e-01,2.762109999999999843e-01,1.997059999999999946e-01,2.252079999999999915e-01,1.232010000000000050e-01,1.997059999999999946e-01,5.057260000000000089e-01,-1.063130000000000047e-01,-9.733690000000000397e-01,3.272140000000000049e-01,5.567290000000000294e-01,9.137520000000000087e-01,-6.418479999999999741e-01,4.547229999999999883e-01,5.822310000000000541e-01,-1.573170000000000124e-01,3.272140000000000049e-01,4.547229999999999883e-01,-1.075374999999999970e+00,4.547229999999999883e-01,5.057260000000000089e-01,3.527159999999999740e-01,1.232010000000000050e-01,1.742049999999999987e-01,9.137520000000000087e-01,-8.081199999999999495e-02,-4.888379999999999947e-01,3.782179999999999986e-01,-2.848249999999999948e-01,-7.438540000000000152e-01,4.802239999999999842e-01,5.567290000000000294e-01,7.607420000000000293e-01,9.137520000000000087e-01,-1.559906000000000015e+00,-2.083200000000000052e-01,9.392540000000000333e-01,1.780807999999999947e+00,-2.848249999999999948e-01,-1.075374999999999970e+00,-3.358280000000000154e-01,-9.988700000000000356e-01,9.137520000000000087e-01,-8.081199999999999495e-02,1.015759000000000079e+00,7.862440000000000540e-01,3.272140000000000049e-01,2.252079999999999915e-01,9.392540000000000333e-01,1.232010000000000050e-01,1.487030000000000018e-01,-1.075374999999999970e+00,-8.203589999999999494e-01,1.997059999999999946e-01,4.669600000000000140e-02,-5.653430000000000399e-01,2.119499999999999856e-02,5.057260000000000089e-01,6.332339999999999636e-01,1.487030000000000018e-01,4.037189999999999945e-01,9.902570000000000539e-01,-2.593230000000000257e-01,-1.355893000000000015e+00,1.066761999999999988e+00,1.372781000000000029e+00,5.057260000000000089e-01,-6.928509999999999946e-01,-1.508903000000000105e+00,1.742049999999999987e-01,6.332339999999999636e-01,1.551293000000000033e+00,7.219799999999999829e-02,2.762109999999999843e-01,7.219799999999999829e-02,-5.398410000000000153e-01,4.292210000000000192e-01,4.802239999999999842e-01,-5.143389999999999906e-01,4.037189999999999945e-01,-2.848249999999999948e-01,-1.318149999999999877e-01,1.372781000000000029e+00,1.232010000000000050e-01,-2.426962000000000064e+00,3.527159999999999740e-01,8.117459999999999676e-01,1.092262999999999984e+00,-8.081199999999999495e-02,1.423785000000000078e+00,-1.763919000000000015e+00,-1.610910000000000064e+00,1.551293000000000033e+00,1.678800999999999988e+00,2.252079999999999915e-01,8.372469999999999635e-01,-5.530999999999999805e-02,-9.988700000000000356e-01,7.097390000000000088e-01,7.097390000000000088e-01,-8.713619999999999699e-01,-2.324955000000000105e+00,-4.123330000000000051e-01,8.372469999999999635e-01,1.398282999999999943e+00,3.055889000000000078e+00,2.367344999999999811e+00,-7.948570000000000357e-01,-2.860489999999999977e+00,-5.908440000000000358e-01,2.507099999999999884e-01,-8.081199999999999495e-02,6.332339999999999636e-01,8.882499999999999840e-01,-2.338210000000000011e-01,-7.693560000000000398e-01,5.312280000000000335e-01,1.729803999999999897e+00,9.769999999999999518e-02,-1.381394999999999929e+00,2.622361000000000164e+00,-1.916929000000000105e+00,-1.916929000000000105e+00,1.755306000000000033e+00,1.474787999999999988e+00,-1.063130000000000047e-01,6.842369999999999841e-01,4.547229999999999883e-01,4.037189999999999945e-01,5.567290000000000294e-01,8.627489999999999881e-01,-2.018936000000000064e+00,-1.636411000000000060e+00,8.627489999999999881e-01,1.194269999999999943e+00,9.769999999999999518e-02,4.292210000000000192e-01,5.567290000000000294e-01,-1.738418000000000019e+00,-2.083200000000000052e-01,7.862440000000000540e-01,7.352410000000000334e-01,7.352410000000000334e-01,9.137520000000000087e-01,9.902570000000000539e-01,-1.828180000000000083e-01,-2.980800000000000116e-02,-8.081199999999999495e-02,-2.980800000000000116e-02,-2.338210000000000011e-01,7.219799999999999829e-02,-1.253886999999999974e+00,6.332339999999999636e-01,-6.673489999999999700e-01,1.015759000000000079e+00,2.035823999999999856e+00,2.188833999999999946e+00,4.802239999999999842e-01,-1.534405000000000019e+00,-1.738418000000000019e+00,1.194269999999999943e+00,1.806308999999999942e+00,-5.143389999999999906e-01,1.296276999999999902e+00,-1.355893000000000015e+00,-4.110070000000000334e+00,1.168768000000000029e+00,9.902570000000000539e-01,1.296276999999999902e+00,1.347280000000000033e+00,4.292210000000000192e-01,-4.123330000000000051e-01,9.769999999999999518e-02,-2.083200000000000052e-01,4.037189999999999945e-01,2.119499999999999856e-02,9.769999999999999518e-02,1.487030000000000018e-01,-3.103259999999999907e-01,4.802239999999999842e-01,4.547229999999999883e-01,-4.888379999999999947e-01,-4.307000000000000065e-03,3.782179999999999986e-01,5.312280000000000335e-01,2.507099999999999884e-01,-3.358280000000000154e-01,-3.358280000000000154e-01,-8.081199999999999495e-02,1.092262999999999984e+00,1.576794999999999947e+00,2.507099999999999884e-01,-1.432398000000000060e+00,8.882499999999999840e-01,5.312280000000000335e-01,5.822310000000000541e-01,-2.834988000000000063e+00,-1.967932999999999932e+00,2.367344999999999811e+00,1.117764999999999898e+00,-7.948570000000000357e-01,7.352410000000000334e-01,1.487030000000000018e-01,-5.398410000000000153e-01,9.392540000000000333e-01,1.487030000000000018e-01,6.332339999999999636e-01,8.882499999999999840e-01,2.762109999999999843e-01,-4.307000000000000065e-03,2.507099999999999884e-01,1.997059999999999946e-01,2.119499999999999856e-02,2.119499999999999856e-02,-3.103259999999999907e-01,-9.478670000000000151e-01,-4.633360000000000256e-01,-7.693560000000000398e-01,3.527159999999999740e-01,1.449286000000000074e+00,1.270774999999999988e+00,-3.868309999999999804e-01,6.587359999999999882e-01,1.576794999999999947e+00,-5.653430000000000399e-01,-3.855052999999999841e+00,5.312280000000000335e-01,1.219772000000000078e+00,1.704302999999999901e+00,1.997059999999999946e-01,-2.848249999999999948e-01,-1.573170000000000124e-01,5.822310000000000541e-01,7.352410000000000334e-01,5.822310000000000541e-01,1.742049999999999987e-01,-1.279387999999999970e+00,-1.063130000000000047e-01,-8.713619999999999699e-01,6.842369999999999841e-01,2.119499999999999856e-02,-1.151880000000000015e+00,7.607420000000000293e-01,9.392540000000000333e-01,7.607420000000000293e-01,9.769999999999999518e-02,1.742049999999999987e-01,4.547229999999999883e-01,-1.828180000000000083e-01,-6.928509999999999946e-01,6.842369999999999841e-01,4.802239999999999842e-01,-2.018936000000000064e+00,2.252079999999999915e-01,7.097390000000000088e-01,6.077320000000000499e-01,6.332339999999999636e-01,3.527159999999999740e-01,4.037189999999999945e-01,2.507099999999999884e-01,2.762109999999999843e-01,9.769999999999999518e-02,1.742049999999999987e-01,-2.848249999999999948e-01,-1.828180000000000083e-01,-2.980800000000000116e-02,-4.633360000000000256e-01,4.669600000000000140e-02,9.647550000000000292e-01,-8.203589999999999494e-01,2.252079999999999915e-01,1.015759000000000079e+00,5.312280000000000335e-01,2.316342000000000123e+00,-1.573170000000000124e-01,-2.248451000000000199e+00,-2.338210000000000011e-01,4.037189999999999945e-01,5.057260000000000089e-01,3.017130000000000090e-01,4.292210000000000192e-01,4.802239999999999842e-01,8.372469999999999635e-01,2.119499999999999856e-02,7.352410000000000334e-01,7.097390000000000088e-01,-2.375958999999999932e+00,-1.304890000000000105e+00,4.547229999999999883e-01,8.627489999999999881e-01,7.862440000000000540e-01,4.037189999999999945e-01,-5.143389999999999906e-01,-1.151880000000000015e+00,-3.868309999999999804e-01,9.137520000000000087e-01,2.163332000000000033e+00,-5.908440000000000358e-01,-4.378349999999999742e-01,9.137520000000000087e-01,4.669600000000000140e-02,5.567290000000000294e-01,6.332339999999999636e-01,-1.573170000000000124e-01,-1.828180000000000083e-01,2.119499999999999856e-02,-3.103259999999999907e-01,-1.828180000000000083e-01,-8.968639999999999946e-01,3.782179999999999986e-01,7.607420000000000293e-01,7.352410000000000334e-01,-2.593230000000000257e-01,-2.593230000000000257e-01,-5.908440000000000358e-01,2.252079999999999915e-01,-4.307000000000000065e-03,5.057260000000000089e-01,6.077320000000000499e-01,-2.593230000000000257e-01,4.292210000000000192e-01,9.137520000000000087e-01,3.527159999999999740e-01,4.669600000000000140e-02,-8.081199999999999495e-02,-8.081199999999999495e-02,-8.081199999999999495e-02,-1.063130000000000047e-01,-9.223660000000000192e-01,7.097390000000000088e-01,5.822310000000000541e-01,2.507099999999999884e-01,-1.828180000000000083e-01,1.168768000000000029e+00,-2.338210000000000011e-01,-1.661912999999999974e+00,1.449286000000000074e+00,2.252079999999999915e-01,-5.398410000000000153e-01,2.507099999999999884e-01,1.117764999999999898e+00,1.602295999999999943e+00,1.168768000000000029e+00,2.119499999999999856e-02,2.119499999999999856e-02,-3.103259999999999907e-01,-4.888379999999999947e-01,-2.593230000000000257e-01,-2.338210000000000011e-01,-5.530999999999999805e-02,-8.081199999999999495e-02,1.997059999999999946e-01,5.057260000000000089e-01,6.842369999999999841e-01,4.669600000000000140e-02,-6.163459999999999495e-01,-2.197446999999999928e+00,-6.418479999999999741e-01,1.525790999999999897e+00,1.602295999999999943e+00,1.474787999999999988e+00,5.312280000000000335e-01,9.769999999999999518e-02,9.769999999999999518e-02,-4.307000000000000065e-03,-1.828180000000000083e-01,-2.593230000000000257e-01,-2.848249999999999948e-01,-8.081199999999999495e-02,1.487030000000000018e-01,-3.103259999999999907e-01,-8.081199999999999495e-02,1.092262999999999984e+00,-5.530999999999999805e-02,-4.123330000000000051e-01,1.653299000000000074e+00,4.802239999999999842e-01,2.119499999999999856e-02,2.762109999999999843e-01,-4.633360000000000256e-01,3.272140000000000049e-01,1.487030000000000018e-01,1.232010000000000050e-01,-6.673489999999999700e-01,-3.868309999999999804e-01,1.347280000000000033e+00,1.041260000000000074e+00,2.252079999999999915e-01,-5.530999999999999805e-02,1.117764999999999898e+00,-1.063130000000000047e-01,5.057260000000000089e-01,-2.980800000000000116e-02,6.332339999999999636e-01,-4.378349999999999742e-01,-1.100877000000000105e+00,3.272140000000000049e-01,3.527159999999999740e-01,3.782179999999999986e-01,2.507099999999999884e-01,3.527159999999999740e-01,1.117764999999999898e+00,7.862440000000000540e-01,-1.738418000000000019e+00,-4.123330000000000051e-01,4.292210000000000192e-01,2.119499999999999856e-02,1.997059999999999946e-01,9.902570000000000539e-01,5.312280000000000335e-01,-1.828180000000000083e-01,2.252079999999999915e-01,1.487030000000000018e-01,4.292210000000000192e-01,-5.908440000000000358e-01,2.252079999999999915e-01,1.232010000000000050e-01,7.219799999999999829e-02,7.862440000000000540e-01,8.117459999999999676e-01,-9.733690000000000397e-01,-9.478670000000000151e-01,1.041260000000000074e+00,6.842369999999999841e-01,8.372469999999999635e-01,2.119499999999999856e-02,-4.307000000000000065e-03,8.372469999999999635e-01,-4.633360000000000256e-01,-1.126379000000000019e+00,2.119499999999999856e-02,1.449286000000000074e+00,-1.381394999999999929e+00,2.119499999999999856e-02,7.352410000000000334e-01,-4.123330000000000051e-01,1.270774999999999988e+00,-4.307000000000000065e-03,-2.593230000000000257e-01,-3.613299999999999845e-01,7.607420000000000293e-01,1.423785000000000078e+00,-3.613299999999999845e-01,-2.338210000000000011e-01,9.769999999999999518e-02,9.769999999999999518e-02,-3.103259999999999907e-01,1.143267000000000033e+00,2.507099999999999884e-01,-2.273951999999999973e+00,4.292210000000000192e-01,1.742049999999999987e-01,7.607420000000000293e-01,7.097390000000000088e-01,3.782179999999999986e-01,3.017130000000000090e-01,-2.593230000000000257e-01,-6.928509999999999946e-01,9.769999999999999518e-02,3.527159999999999740e-01,9.769999999999999518e-02,7.607420000000000293e-01,1.117764999999999898e+00,4.669600000000000140e-02,-1.712916000000000105e+00,4.669600000000000140e-02,1.194269999999999943e+00,4.037189999999999945e-01,-4.378349999999999742e-01,-5.143389999999999906e-01,-1.828180000000000083e-01,3.782179999999999986e-01,1.449286000000000074e+00,8.627489999999999881e-01,4.802239999999999842e-01,-9.223660000000000192e-01,-7.693560000000000398e-01,-3.868309999999999804e-01,1.347280000000000033e+00,9.392540000000000333e-01,-9.988700000000000356e-01,5.567290000000000294e-01,6.077320000000000499e-01,2.119499999999999856e-02,1.487030000000000018e-01,-3.868309999999999804e-01,9.769999999999999518e-02,2.507099999999999884e-01,2.119499999999999856e-02,1.232010000000000050e-01,-3.358280000000000154e-01,1.742049999999999987e-01,-6.163459999999999495e-01,5.822310000000000541e-01,8.372469999999999635e-01,4.037189999999999945e-01,9.769999999999999518e-02,4.547229999999999883e-01,-4.307000000000000065e-03,1.742049999999999987e-01,4.547229999999999883e-01,-5.530999999999999805e-02,1.487030000000000018e-01,2.507099999999999884e-01,-5.398410000000000153e-01,-8.081199999999999495e-02,2.762109999999999843e-01,-2.848249999999999948e-01,1.742049999999999987e-01,-2.146443999999999797e+00,7.352410000000000334e-01,1.627798000000000078e+00,2.469352000000000213e+00,-1.636411000000000060e+00,-2.222948999999999842e+00,2.749870000000000037e+00,7.607420000000000293e-01,-1.483402000000000109e+00,-6.418479999999999741e-01,7.352410000000000334e-01,1.066761999999999988e+00,6.077320000000000499e-01,1.474787999999999988e+00,1.742049999999999987e-01,-1.916929000000000105e+00,-4.123330000000000051e-01,-8.081199999999999495e-02,-8.081199999999999495e-02,9.647550000000000292e-01,8.372469999999999635e-01,6.077320000000000499e-01,3.527159999999999740e-01,1.997059999999999946e-01,3.272140000000000049e-01,-4.378349999999999742e-01,-7.948570000000000357e-01,7.219799999999999829e-02,-8.081199999999999495e-02,1.742049999999999987e-01,5.822310000000000541e-01,9.902570000000000539e-01,1.742049999999999987e-01,-6.928509999999999946e-01,-5.143389999999999906e-01,5.312280000000000335e-01,-1.828180000000000083e-01,2.119499999999999856e-02,8.372469999999999635e-01,9.392540000000000333e-01,-1.573170000000000124e-01,7.097390000000000088e-01,-4.123330000000000051e-01,-7.183530000000000193e-01,4.037189999999999945e-01,-5.653430000000000399e-01,2.252079999999999915e-01,7.352410000000000334e-01,1.321777999999999897e+00
1.487030000000000018e-01,1.487030000000000018e-01,4.547229999999999883e-01,4.669600000000000140e-02,1.487030000000000018e-01,3.272140000000000049e-01,2.762109999999999843e-01,2.252079999999999915e-01,4.669600000000000140e-02,-4.123330000000000051e-01,-1.063130000000000047e-01,8.117459999999999676e-01,5.312280000000000335e-01,-1.126379000000000019e+00,-6.163459999999999495e-01,6.077320000000000499e-01,9.647550000000000292e-01,1.997059999999999946e-01,7.097390000000000088e-01,1.742049999999999987e-01,7.219799999999999829e-02,9.392540000000000333e-01,7.607420000000000293e-01,-8.203589999999999494e-01,-1.636411000000000060e+00,9.769999999999999518e-02,-2.593230000000000257e-01,-1.063130000000000047e-01,9.137520000000000087e-01,1.997059999999999946e-01,6.077320000000000499e-01,1.270774999999999988e+00,3.527159999999999740e-01,-5.398410000000000153e-01,-4.888379999999999947e-01,3.527159999999999740e-01,4.037189999999999945e-01,1.232010000000000050e-01,1.232010000000000050e-01,-1.828180000000000083e-01,5.567290000000000294e-01,7.097390000000000088e-01,-4.307000000000000065e-03,-8.968639999999999946e-01,-1.828180000000000083e-01,-3.613299999999999845e-01,3.017130000000000090e-01,9.902570000000000539e-01,5.567290000000000294e-01,-6.673489999999999700e-01,2.119499999999999856e-02,6.332339999999999636e-01,7.352410000000000334e-01,8.627489999999999881e-01,6.842369999999999841e-01,-1.100877000000000105e+00,-5.908440000000000358e-01,3.017130000000000090e-01,1.997059999999999946e-01,-1.100877000000000105e+00,1.997059999999999946e-01,1.168768000000000029e+00,-4.307000000000000065e-03,1.219772000000000078e+00,8.372469999999999635e-01,2.762109999999999843e-01,-1.318149999999999877e-01,3.017130000000000090e-01,-6.163459999999999495e-01,-1.075374999999999970e+00,1.232010000000000050e-01,-1.318149999999999877e-01,-1.063130000000000047e-01,1.143267000000000033e+00,1.041260000000000074e+00,1.423785000000000078e+00,2.762109999999999843e-01,-4.888379999999999947e-01,-6.673489999999999700e-01,4.669600000000000140e-02,2.762109999999999843e-01,-1.024372000000000060e+00,-2.593230000000000257e-01,1.602295999999999943e+00,8.882499999999999840e-01,3.527159999999999740e-01,-4.307000000000000065e-03,-2.083200000000000052e-01,-8.458609999999999740e-01,-1.636411000000000060e+00,1.449286000000000074e+00,1.321777999999999897e+00,-8.968639999999999946e-01,-5.530999999999999805e-02,4.292210000000000192e-01,3.527159999999999740e-01,7.097390000000000088e-01,6.332339999999999636e-01,9.392540000000000333e-01,-5.908440000000000358e-01,-3.868309999999999804e-01,-3.358280000000000154e-01,-6.418479999999999741e-01,1.143267000000000033e+00,7.862440000000000540e-01,-1.126379000000000019e+00,-1.967932999999999932e+00,4.802239999999999842e-01,1.143267000000000033e+00,5.312280000000000335e-01,9.769999999999999518e-02,7.352410000000000334e-01,3.272140000000000049e-01,1.474787999999999988e+00,-3.613299999999999845e-01,-1.814923000000000064e+00,2.762109999999999843e-01,1.168768000000000029e+00,4.547229999999999883e-01,2.418347999999999942e+00,-4.307000000000000065e-03,-2.656477000000000199e+00,-2.605472999999999928e+00,5.057260000000000089e-01,1.245273000000000074e+00,4.802239999999999842e-01,-1.828180000000000083e-01,1.525790999999999897e+00,1.627798000000000078e+00,-4.378349999999999742e-01,-1.279387999999999970e+00,-2.848249999999999948e-01,1.398282999999999943e+00,2.252079999999999915e-01,-1.318149999999999877e-01,3.017130000000000090e-01,-4.633360000000000256e-01,1.984820999999999946e+00,8.372469999999999635e-01,-2.656477000000000199e+00,-1.355893000000000015e+00,9.902570000000000539e-01,9.647550000000000292e-01,1.551293000000000033e+00,-2.593230000000000257e-01,-6.418479999999999741e-01,1.270774999999999988e+00,-5.908440000000000358e-01,5.057260000000000089e-01,-1.202884000000000064e+00,2.252079999999999915e-01,1.117764999999999898e+00,7.607420000000000293e-01,-4.307000000000000065e-03,-2.980800000000000116e-02,7.219799999999999829e-02,7.352410000000000334e-01,1.041260000000000074e+00,3.272140000000000049e-01,-1.100877000000000105e+00,-5.398410000000000153e-01,-1.355893000000000015e+00,-3.868309999999999804e-01,1.487030000000000018e-01,3.527159999999999740e-01,1.755306000000000033e+00,1.857312000000000074e+00,9.769999999999999518e-02,-8.203589999999999494e-01,-2.980800000000000116e-02,-1.828180000000000083e-01,-1.573170000000000124e-01,7.097390000000000088e-01,1.347280000000000033e+00,-1.406897000000000064e+00,-4.123330000000000051e-01,5.567290000000000294e-01,-5.908440000000000358e-01,3.527159999999999740e-01,1.576794999999999947e+00,-1.063130000000000047e-01,6.587359999999999882e-01,9.769999999999999518e-02,-2.338210000000000011e-01,1.423785000000000078e+00,2.119499999999999856e-02,-2.324955000000000105e+00,-5.908440000000000358e-01,4.802239999999999842e-01,-2.083200000000000052e-01,1.041260000000000074e+00,8.117459999999999676e-01,3.782179999999999986e-01,1.576794999999999947e+00,-5.398410000000000153e-01,-1.228385000000000060e+00,1.066761999999999988e+00,1.474787999999999988e+00,2.507099999999999884e-01,2.762109999999999843e-01,-1.738418000000000019e+00,-3.778548999999999936e+00,1.627798000000000078e+00,2.367344999999999811e+00,1.551293000000000033e+00,3.782179999999999986e-01,9.392540000000000333e-01,-1.573170000000000124e-01,-2.018936000000000064e+00,-2.083200000000000052e-01,7.352410000000000334e-01,3.017130000000000090e-01,1.831811000000000078e+00,7.862440000000000540e-01,-2.018936000000000064e+00,5.057260000000000089e-01,4.292210000000000192e-01,-2.593230000000000257e-01,4.037189999999999945e-01,1.232010000000000050e-01,-8.968639999999999946e-01,7.219799999999999829e-02,-1.318149999999999877e-01,9.647550000000000292e-01,2.188833999999999946e+00,2.061326000000000214e+00,-8.203589999999999494e-01,-1.840424000000000060e+00,-1.126379000000000019e+00,4.802239999999999842e-01,8.627489999999999881e-01,2.673364999999999991e+00,-6.418479999999999741e-01,-9.478670000000000151e-01,4.292210000000000192e-01,-5.143389999999999906e-01,-1.573170000000000124e-01,3.272140000000000049e-01,9.902570000000000539e-01,2.507099999999999884e-01,2.119499999999999856e-02,-2.338210000000000011e-01,-1.049873999999999974e+00,2.119499999999999856e-02,1.742049999999999987e-01,2.341844000000000037e+00,1.678800999999999988e+00,-8.968639999999999946e-01,-3.064503000000000199e+00,5.057260000000000089e-01,3.272140000000000049e-01,2.252079999999999915e-01,3.272140000000000049e-01,1.092262999999999984e+00,2.877378000000000213e+00,4.547229999999999883e-01,-2.426962000000000064e+00,-2.083200000000000052e-01,2.507099999999999884e-01,1.041260000000000074e+00,-6.928509999999999946e-01,-1.126379000000000019e+00,-2.848249999999999948e-01,-1.279387999999999970e+00,1.831811000000000078e+00,1.398282999999999943e+00,3.527159999999999740e-01,-2.848249999999999948e-01,-8.081199999999999495e-02,1.742049999999999987e-01,5.057260000000000089e-01,1.997059999999999946e-01,4.802239999999999842e-01,5.312280000000000335e-01,-2.338210000000000011e-01,-3.103259999999999907e-01,3.782179999999999986e-01,3.782179999999999986e-01,2.119499999999999856e-02,-8.081199999999999495e-02,-1.318149999999999877e-01,-1.049873999999999974e+00,1.806308999999999942e+00,-4.307000000000000065e-03,-3.358280000000000154e-01,-2.783984999999999932e+00,-1.279387999999999970e+00,2.647863000000000078e+00,2.316342000000000123e+00,2.086826999999999988e+00,-2.848249999999999948e-01,-1.457899999999999974e+00,-2.980800000000000116e-02,-1.318149999999999877e-01,8.882499999999999840e-01,-1.763919000000000015e+00,-2.044436999999999838e+00,1.219772000000000078e+00,2.762109999999999843e-01,1.194269999999999943e+00,1.500289999999999901e+00,1.474787999999999988e+00,1.997059999999999946e-01,6.842369999999999841e-01,-4.123330000000000051e-01,-1.840424000000000060e+00,-2.848249999999999948e-01,7.607420000000000293e-01,1.232010000000000050e-01,-1.063130000000000047e-01,-1.573170000000000124e-01,-2.848249999999999948e-01,-2.980800000000000116e-02,7.862440000000000540e-01,3.017130000000000090e-01,-5.530999999999999805e-02,-3.358280000000000154e-01,7.352410000000000334e-01,1.627798000000000078e+00,-7.183530000000000193e-01,-1.330392000000000019e+00,2.112328999999999901e+00,5.312280000000000335e-01,-1.432398000000000060e+00,4.802239999999999842e-01,-1.610910000000000064e+00,1.755306000000000033e+00,2.698866000000000209e+00,-9.478670000000000151e-01,-1.049873999999999974e+00,-2.848249999999999948e-01,-3.613299999999999845e-01,1.219772000000000078e+00,9.137520000000000087e-01,-8.081199999999999495e-02,3.782179999999999986e-01,1.015759000000000079e+00,-1.828180000000000083e-01,-1.483402000000000109e+00,-1.151880000000000015e+00,5.312280000000000335e-01,4.037189999999999945e-01,7.097390000000000088e-01,1.755306000000000033e+00,3.272140000000000049e-01,-1.534405000000000019e+00,8.372469999999999635e-01,2.252079999999999915e-01,1.232010000000000050e-01,-8.081199999999999495e-02,5.312280000000000335e-01,5.057260000000000089e-01,3.272140000000000049e-01,-6.928509999999999946e-01,1.487030000000000018e-01,1.143267000000000033e+00,-1.304890000000000105e+00,2.252079999999999915e-01,2.507099999999999884e-01,6.332339999999999636e-01,-1.177381999999999929e+00,1.168768000000000029e+00,1.232010000000000050e-01,1.959319000000000033e+00,1.423785000000000078e+00,-4.633360000000000256e-01,-1.024372000000000060e+00,-1.573170000000000124e-01,8.882499999999999840e-01,3.782179999999999986e-01,-1.318149999999999877e-01,-1.840424000000000060e+00,-2.083200000000000052e-01,1.627798000000000078e+00,1.015759000000000079e+00,1.245273000000000074e+00,1.551293000000000033e+00,-1.024372000000000060e+00,-2.860489999999999977e+00,-1.151880000000000015e+00,1.602295999999999943e+00,1.449286000000000074e+00,2.762109999999999843e-01,9.647550000000000292e-01,3.527159999999999740e-01,2.762109999999999843e-01,2.507099999999999884e-01,7.219799999999999829e-02,-2.848249999999999948e-01,9.769999999999999518e-02,-4.378349999999999742e-01,-4.307000000000000065e-03,4.669600000000000140e-02,-2.980800000000000116e-02,2.252079999999999915e-01,1.143267000000000033e+00,4.037189999999999945e-01,-8.081199999999999495e-02,9.392540000000000333e-01,-6.418479999999999741e-01,-2.528967999999999883e+00,8.372469999999999635e-01,1.780807999999999947e+00,3.527159999999999740e-01,9.137520000000000087e-01,-2.593230000000000257e-01,1.742049999999999987e-01,3.017130000000000090e-01,-5.530999999999999805e-02,-2.426962000000000064e+00,-1.330392000000000019e+00,1.168768000000000029e+00,1.347280000000000033e+00,1.500289999999999901e+00,1.168768000000000029e+00,9.137520000000000087e-01,-1.330392000000000019e+00,-6.673489999999999700e-01,5.312280000000000335e-01,1.487030000000000018e-01,8.627489999999999881e-01,-1.828180000000000083e-01,-4.378349999999999742e-01,7.219799999999999829e-02,4.669600000000000140e-02,1.232010000000000050e-01,1.997059999999999946e-01,9.769999999999999518e-02,6.332339999999999636e-01,3.017130000000000090e-01,-3.868309999999999804e-01,5.822310000000000541e-01,1.143267000000000033e+00,-1.381394999999999929e+00,-6.928509999999999946e-01,1.525790999999999897e+00,2.507099999999999884e-01,1.780807999999999947e+00,1.423785000000000078e+00,-1.432398000000000060e+00,-2.911493000000000109e+00,4.669600000000000140e-02,1.296276999999999902e+00,1.806308999999999942e+00,-1.828180000000000083e-01,-4.378349999999999742e-01,1.551293000000000033e+00,-1.318149999999999877e-01,-1.100877000000000105e+00,7.219799999999999829e-02,3.782179999999999986e-01,3.017130000000000090e-01,3.017130000000000090e-01,1.487030000000000018e-01,1.015759000000000079e+00,8.372469999999999635e-01,-2.477965000000000195e+00,-5.908440000000000358e-01,3.527159999999999740e-01,1.232010000000000050e-01,7.352410000000000334e-01,9.392540000000000333e-01,-5.530999999999999805e-02,1.066761999999999988e+00,1.015759000000000079e+00,-1.457899999999999974e+00,-9.478670000000000151e-01,1.015759000000000079e+00,2.762109999999999843e-01,5.567290000000000294e-01,2.119499999999999856e-02,5.822310000000000541e-01,8.372469999999999635e-01,-1.763919000000000015e+00,-6.418479999999999741e-01,1.219772000000000078e+00,4.037189999999999945e-01,-2.980800000000000116e-02,-7.948570000000000357e-01,-7.183530000000000193e-01,1.653299000000000074e+00,1.245273000000000074e+00,5.057260000000000089e-01,-9.988700000000000356e-01,9.137520000000000087e-01,-4.378349999999999742e-01,-1.573170000000000124e-01,4.037189999999999945e-01,2.762109999999999843e-01,-2.593230000000000257e-01,4.037189999999999945e-01,2.252079999999999915e-01,-4.307000000000000065e-03,-1.573170000000000124e-01,6.077320000000000499e-01,3.782179999999999986e-01,-1.318149999999999877e-01,4.292210000000000192e-01,-2.848249999999999948e-01,-1.063130000000000047e-01,1.997059999999999946e-01,6.587359999999999882e-01,1.742049999999999987e-01,-6.928509999999999946e-01,7.352410000000000334e-01,3.272140000000000049e-01,-1.100877000000000105e+00,4.292210000000000192e-01,3.527159999999999740e-01,6.332339999999999636e-01,1.372781000000000029e+00,1.997059999999999946e-01,-9.478670000000000151e-01,1.487030000000000018e-01,9.392540000000000333e-01,1.092262999999999984e+00,2.252079999999999915e-01,1.232010000000000050e-01,-9.223660000000000192e-01,9.769999999999999518e-02,-3.868309999999999804e-01,-2.146443999999999797e+00,1.487030000000000018e-01,2.010321999999999942e+00,1.219772000000000078e+00,9.392540000000000333e-01,-1.228385000000000060e+00,-7.183530000000000193e-01,7.862440000000000540e-01,1.041260000000000074e+00,2.252079999999999915e-01,-1.573170000000000124e-01,-2.083200000000000052e-01,-1.024372000000000060e+00,9.769999999999999518e-02,7.862440000000000540e-01,2.507099999999999884e-01,4.802239999999999842e-01,4.802239999999999842e-01,-4.633360000000000256e-01,8.372469999999999635e-01,-1.100877000000000105e+00,-1.916929000000000105e+00,4.037189999999999945e-01,1.398282999999999943e+00,7.352410000000000334e-01,8.372469999999999635e-01,8.372469999999999635e-01,2.252079999999999915e-01,-3.613299999999999845e-01,-4.633360000000000256e-01,-1.508903000000000105e+00,1.755306000000000033e+00,1.347280000000000033e+00,4.037189999999999945e-01,-1.253886999999999974e+00,1.232010000000000050e-01,2.252079999999999915e-01,-1.151880000000000015e+00,-2.083200000000000052e-01,1.168768000000000029e+00,7.219799999999999829e-02,4.037189999999999945e-01,-2.980800000000000116e-02,-4.888379999999999947e-01,1.423785000000000078e+00,1.474787999999999988e+00,1.092262999999999984e+00,8.627489999999999881e-01,-8.968639999999999946e-01,-7.183530000000000193e-01,-5.530999999999999805e-02,9.137520000000000087e-01,-3.868309999999999804e-01,4.292210000000000192e-01,-3.613299999999999845e-01,-8.968639999999999946e-01,-1.330392000000000019e+00,-1.318149999999999877e-01,4.292210000000000192e-01,6.332339999999999636e-01,9.902570000000000539e-01,1.117764999999999898e+00,7.352410000000000334e-01,4.037189999999999945e-01,1.551293000000000033e+00,-1.712916000000000105e+00,-1.355893000000000015e+00,-4.123330000000000051e-01,2.507099999999999884e-01,6.077320000000000499e-01,9.902570000000000539e-01,8.882499999999999840e-01,1.487030000000000018e-01,-1.355893000000000015e+00,3.017130000000000090e-01,6.587359999999999882e-01,2.762109999999999843e-01,-1.381394999999999929e+00,5.567290000000000294e-01,2.119499999999999856e-02,-4.123330000000000051e-01,4.547229999999999883e-01,1.143267000000000033e+00,1.219772000000000078e+00,-2.980800000000000116e-02,-9.733690000000000397e-01,-4.307000000000000065e-03,2.507099999999999884e-01,1.474787999999999988e+00,6.842369999999999841e-01,-1.661912999999999974e+00,-7.693560000000000398e-01,7.352410000000000334e-01,7.352410000000000334e-01,1.092262999999999984e+00,-1.049873999999999974e+00,3.017130000000000090e-01,-1.457899999999999974e+00,1.742049999999999987e-01,6.332339999999999636e-01,1.092262999999999984e+00,6.842369999999999841e-01,-5.530999999999999805e-02,4.547229999999999883e-01,2.762109999999999843e-01,-8.081199999999999495e-02,-1.024372000000000060e+00,1.742049999999999987e-01,-6.418479999999999741e-01,1.742049999999999987e-01,2.252079999999999915e-01,3.782179999999999986e-01,2.252079999999999915e-01,1.755306000000000033e+00,1.232010000000000050e-01,-2.146443999999999797e+00,-4.378349999999999742e-01,-1.828180000000000083e-01,2.341844000000000037e+00,4.547229999999999883e-01,-6.928509999999999946e-01,1.015759000000000079e+00,1.015759000000000079e+00,-9.478670000000000151e-01,1.500289999999999901e+00,6.332339999999999636e-01,-1.636411000000000060e+00,-4.633360000000000256e-01,-5.530999999999999805e-02,9.137520000000000087e-01,-1.661912999999999974e+00,-1.100877000000000105e+00,1.525790999999999897e+00,7.352410000000000334e-01,-5.908440000000000358e-01,-7.438540000000000152e-01,9.647550000000000292e-01,8.372469999999999635e-01,1.245273000000000074e+00,6.842369999999999841e-01,1.232010000000000050e-01,-8.081199999999999495e-02,-5.530999999999999805e-02,2.252079999999999915e-01,-2.848249999999999948e-01,-2.848249999999999948e-01,-1.318149999999999877e-01,-9.733690000000000397e-01,4.292210000000000192e-01,1.219772000000000078e+00,-7.693560000000000398e-01,2.252079999999999915e-01,-5.530999999999999805e-02,6.587359999999999882e-01,7.097390000000000088e-01,1.117764999999999898e+00,1.194269999999999943e+00,-8.713619999999999699e-01,3.017130000000000090e-01,2.252079999999999915e-01,-3.103259999999999907e-01,8.117459999999999676e-01,5.567290000000000294e-01,-9.988700000000000356e-01,-2.593230000000000257e-01,1.092262999999999984e+00,-5.653430000000000399e-01,4.669600000000000140e-02,-8.968639999999999946e-01,-1.063130000000000047e-01,8.372469999999999635e-01,6.842369999999999841e-01,-4.307000000000000065e-03,7.607420000000000293e-01,-8.081199999999999495e-02,8.627489999999999881e-01,1.321777999999999897e+00,-1.814923000000000064e+00,-3.103259999999999907e-01,6.077320000000000499e-01,1.831811000000000078e+00,-1.304890000000000105e+00,-1.712916000000000105e+00,1.092262999999999984e+00,6.077320000000000499e-01,7.097390000000000088e-01,9.769999999999999518e-02,-1.177381999999999929e+00,6.077320000000000499e-01,4.802239999999999842e-01,-8.081199999999999495e-02,5.312280000000000335e-01,7.862440000000000540e-01,-3.103259999999999907e-01,-8.081199999999999495e-02,3.782179999999999986e-01,3.272140000000000049e-01,6.842369999999999841e-01,-1.024372000000000060e+00,-2.273951999999999973e+00,1.219772000000000078e+00,1.066761999999999988e+00,6.332339999999999636e-01,-3.358280000000000154e-01,1.194269999999999943e+00,2.762109999999999843e-01,7.219799999999999829e-02,-2.848249999999999948e-01,5.567290000000000294e-01,9.392540000000000333e-01,3.272140000000000049e-01,-1.828180000000000083e-01,-6.418479999999999741e-01,-1.406897000000000064e+00,9.392540000000000333e-01,6.077320000000000499e-01,5.822310000000000541e-01,-2.848249999999999948e-01,-1.318149999999999877e-01,2.507099999999999884e-01,9.392540000000000333e-01,-1.100877000000000105e+00,4.547229999999999883e-01,7.607420000000000293e-01,7.097390000000000088e-01,5.567290000000000294e-01,8.882499999999999840e-01,-1.828180000000000083e-01,-1.508903000000000105e+00,-5.908440000000000358e-01,2.265338999999999992e+00,3.782179999999999986e-01,-1.151880000000000015e+00,-1.534405000000000019e+00,2.507099999999999884e-01,1.270774999999999988e+00,5.312280000000000335e-01,1.500289999999999901e+00,5.057260000000000089e-01,-1.967932999999999932e+00,-1.967932999999999932e+00,7.352410000000000334e-01,1.576794999999999947e+00,3.527159999999999740e-01,1.487030000000000018e-01,-2.980800000000000116e-02,-2.980800000000000116e-02,5.822310000000000541e-01,3.527159999999999740e-01,3.782179999999999986e-01,-3.613299999999999845e-01,-1.318149999999999877e-01,2.252079999999999915e-01,3.272140000000000049e-01,2.119499999999999856e-02,5.567290000000000294e-01,2.762109999999999843e-01,-1.828180000000000083e-01,1.997059999999999946e-01,1.232010000000000050e-01,2.119499999999999856e-02,5.312280000000000335e-01,-2.083200000000000052e-01,-7.438540000000000152e-01,9.647550000000000292e-01,8.372469999999999635e-01,1.997059999999999946e-01,-4.888379999999999947e-01,2.762109999999999843e-01,-7.183530000000000193e-01,-6.928509999999999946e-01,1.525790999999999897e+00,3.017130000000000090e-01,-1.318149999999999877e-01,5.312280000000000335e-01,1.997059999999999946e-01,4.547229999999999883e-01,-6.163459999999999495e-01,6.587359999999999882e-01,-5.653430000000000399e-01,-9.223660000000000192e-01,9.902570000000000539e-01,6.842369999999999841e-01,2.119499999999999856e-02,-1.828180000000000083e-01,4.037189999999999945e-01,-1.063130000000000047e-01,1.232010000000000050e-01,7.097390000000000088e-01,4.802239999999999842e-01,-9.988700000000000356e-01,2.252079999999999915e-01,1.143267000000000033e+00,3.527159999999999740e-01,-1.318149999999999877e-01,-5.143389999999999906e-01,-8.081199999999999495e-02,8.882499999999999840e-01,3.782179999999999986e-01,-7.183530000000000193e-01,-8.081199999999999495e-02,5.567290000000000294e-01,6.842369999999999841e-01,7.862440000000000540e-01,5.822310000000000541e-01,-9.733690000000000397e-01,-3.358280000000000154e-01,4.547229999999999883e-01,-3.613299999999999845e-01,-3.103259999999999907e-01,5.822310000000000541e-01,2.010321999999999942e+00,8.627489999999999881e-01,-1.063130000000000047e-01,-2.848249999999999948e-01,7.352410000000000334e-01,4.547229999999999883e-01,-1.228385000000000060e+00,-1.559906000000000015e+00,-7.693560000000000398e-01,5.057260000000000089e-01,1.194269999999999943e+00,6.332339999999999636e-01,9.137520000000000087e-01,5.312280000000000335e-01,-2.593230000000000257e-01,4.547229999999999883e-01,5.057260000000000089e-01,-1.828180000000000083e-01,-8.713619999999999699e-01,-4.888379999999999947e-01,9.137520000000000087e-01,8.882499999999999840e-01,1.015759000000000079e+00,-7.948570000000000357e-01,-3.613299999999999845e-01,2.119499999999999856e-02,-1.063130000000000047e-01,5.312280000000000335e-01,2.119499999999999856e-02,4.292210000000000192e-01,5.312280000000000335e-01,6.332339999999999636e-01,-6.673489999999999700e-01,-1.100877000000000105e+00,-2.083200000000000052e-01,8.372469999999999635e-01,1.117764999999999898e+00,4.292210000000000192e-01,-3.358280000000000154e-01,4.547229999999999883e-01,-1.828180000000000083e-01,-2.980800000000000116e-02,4.292210000000000192e-01,1.117764999999999898e+00,-4.307000000000000065e-03,1.742049999999999987e-01,-1.304890000000000105e+00,-2.018936000000000064e+00,-6.673489999999999700e-01,1.729803999999999897e+00,1.423785000000000078e+00,8.882499999999999840e-01,-6.418479999999999741e-01,3.272140000000000049e-01,5.312280000000000335e-01,1.168768000000000029e+00,1.742049999999999987e-01,-6.418479999999999741e-01,-8.458609999999999740e-01,3.527159999999999740e-01,7.352410000000000334e-01,1.015759000000000079e+00,-6.673489999999999700e-01,-9.988700000000000356e-01,5.057260000000000089e-01,-2.980800000000000116e-02,1.487030000000000018e-01,3.782179999999999986e-01,1.487030000000000018e-01,1.997059999999999946e-01,5.822310000000000541e-01,2.762109999999999843e-01,3.272140000000000049e-01,3.017130000000000090e-01,6.842369999999999841e-01,-8.713619999999999699e-01,-7.183530000000000193e-01,-5.908440000000000358e-01,5.822310000000000541e-01,1.997059999999999946e-01,-5.653430000000000399e-01,1.653299000000000074e+00,6.587359999999999882e-01,-5.653430000000000399e-01,9.392540000000000333e-01,5.057260000000000089e-01,-5.143389999999999906e-01,1.041260000000000074e+00,-6.418479999999999741e-01,-1.075374999999999970e+00,-1.075374999999999970e+00,5.567290000000000294e-01,1.423785000000000078e+00,1.602295999999999943e+00,1.487030000000000018e-01,-1.712916000000000105e+00,-4.123330000000000051e-01,6.332339999999999636e-01,8.117459999999999676e-01,3.272140000000000049e-01,-5.398410000000000153e-01,6.842369999999999841e-01,3.527159999999999740e-01,-8.081199999999999495e-02,8.372469999999999635e-01,-1.573170000000000124e-01,-1.049873999999999974e+00,4.669600000000000140e-02,8.627489999999999881e-01,-5.530999999999999805e-02,-4.888379999999999947e-01,1.041260000000000074e+00,4.669600000000000140e-02,1.398282999999999943e+00,-4.307000000000000065e-03,-1.916929000000000105e+00,6.842369999999999841e-01,-3.103259999999999907e-01,-8.458609999999999740e-01,-1.151880000000000015e+00,1.066761999999999988e+00,2.596859999999999946e+00,2.163332000000000033e+00,5.822310000000000541e-01,-1.100877000000000105e+00,-9.478670000000000151e-01,-4.888379999999999947e-01,-3.868309999999999804e-01,9.137520000000000087e-01,5.057260000000000089e-01,6.587359999999999882e-01,-4.378349999999999742e-01,-1.381394999999999929e+00,7.219799999999999829e-02,9.392540000000000333e-01,7.862440000000000540e-01,8.117459999999999676e-01,7.219799999999999829e-02,-4.633360000000000256e-01,-1.024372000000000060e+00,-1.063130000000000047e-01,2.252079999999999915e-01,1.487030000000000018e-01,1.041260000000000074e+00,2.252079999999999915e-01,4.292210000000000192e-01,7.607420000000000293e-01,7.862440000000000540e-01,-5.398410000000000153e-01,-1.610910000000000064e+00,-5.908440000000000358e-01,3.527159999999999740e-01,4.292210000000000192e-01,1.729803999999999897e+00,9.902570000000000539e-01,-3.868309999999999804e-01,-4.123330000000000051e-01,-5.908440000000000358e-01,2.252079999999999915e-01,2.252079999999999915e-01,5.057260000000000089e-01,4.802239999999999842e-01,-4.633360000000000256e-01,-7.438540000000000152e-01,8.372469999999999635e-01,1.041260000000000074e+00,-1.483402000000000109e+00,1.997059999999999946e-01,8.627489999999999881e-01,7.862440000000000540e-01,6.332339999999999636e-01,-3.868309999999999804e-01,1.742049999999999987e-01,-2.593230000000000257e-01,4.292210000000000192e-01,6.587359999999999882e-01,4.669600000000000140e-02,-1.151880000000000015e+00,-3.103259999999999907e-01,-4.888379999999999947e-01,1.347280000000000033e+00,1.321777999999999897e+00,-6.163459999999999495e-01,3.782179999999999986e-01,7.862440000000000540e-01,5.567290000000000294e-01,-7.183530000000000193e-01,-9.223660000000000192e-01,7.607420000000000293e-01,3.527159999999999740e-01,-3.613299999999999845e-01,2.507099999999999884e-01,2.119499999999999856e-02,1.500289999999999901e+00,-2.848249999999999948e-01,-2.848249999999999948e-01,-1.828180000000000083e-01,-9.988700000000000356e-01,1.296276999999999902e+00,3.782179999999999986e-01,1.232010000000000050e-01,4.292210000000000192e-01,1.041260000000000074e+00,-7.438540000000000152e-01,-2.980800000000000116e-02,4.292210000000000192e-01,5.057260000000000089e-01,-8.081199999999999495e-02,7.219799999999999829e-02,-2.848249999999999948e-01,5.567290000000000294e-01,-9.733690000000000397e-01,-6.673489999999999700e-01,5.312280000000000335e-01,8.117459999999999676e-01,2.507099999999999884e-01,1.742049999999999987e-01,-8.968639999999999946e-01,-1.789420999999999928e+00,1.015759000000000079e+00,1.602295999999999943e+00,5.822310000000000541e-01,-3.613299999999999845e-01,1.997059999999999946e-01,1.066761999999999988e+00,5.057260000000000089e-01,-3.613299999999999845e-01,-1.573170000000000124e-01,-1.024372000000000060e+00,-1.304890000000000105e+00,-5.530999999999999805e-02,1.678800999999999988e+00,1.857312000000000074e+00,3.272140000000000049e-01,-1.075374999999999970e+00,-3.868309999999999804e-01,-2.980800000000000116e-02,-3.358280000000000154e-01,8.372469999999999635e-01,8.882499999999999840e-01,1.245273000000000074e+00,-7.948570000000000357e-01,-8.968639999999999946e-01,6.077320000000000499e-01,4.292210000000000192e-01,-2.980800000000000116e-02,9.769999999999999518e-02,3.782179999999999986e-01,2.119499999999999856e-02,-1.318149999999999877e-01,-6.418479999999999741e-01,-2.083200000000000052e-01,1.959319000000000033e+00,4.547229999999999883e-01,-1.712916000000000105e+00,1.997059999999999946e-01,-8.081199999999999495e-02,3.272140000000000049e-01,1.143267000000000033e+00,1.066761999999999988e+00,-4.633360000000000256e-01,-5.530999999999999805e-02,6.077320000000000499e-01,4.292210000000000192e-01,-5.530999999999999805e-02,-2.593230000000000257e-01,-5.398410000000000153e-01,-2.083200000000000052e-01,-1.828180000000000083e-01,3.272140000000000049e-01,4.802239999999999842e-01,1.742049999999999987e-01,4.037189999999999945e-01,1.487030000000000018e-01,3.782179999999999986e-01,2.507099999999999884e-01,3.272140000000000049e-01,-3.613299999999999845e-01,-5.530999999999999805e-02,4.037189999999999945e-01,5.312280000000000335e-01,1.232010000000000050e-01,-8.081199999999999495e-02,1.015759000000000079e+00,5.312280000000000335e-01,7.219799999999999829e-02,2.507099999999999884e-01,7.219799999999999829e-02,1.487030000000000018e-01,-2.338210000000000011e-01,-3.868309999999999804e-01,-2.848249999999999948e-01,-5.530999999999999805e-02,2.252079999999999915e-01,1.232010000000000050e-01,-2.083200000000000052e-01,2.762109999999999843e-01,8.882499999999999840e-01,1.143267000000000033e+00,1.742049999999999987e-01,-6.163459999999999495e-01,5.057260000000000089e-01,-6.163459999999999495e-01,1.780807999999999947e+00,2.762109999999999843e-01,1.232010000000000050e-01,7.219799999999999829e-02,-6.418479999999999741e-01,-7.438540000000000152e-01,4.802239999999999842e-01,7.607420000000000293e-01,3.782179999999999986e-01,1.487030000000000018e-01,-4.307000000000000065e-03,6.332339999999999636e-01,-2.593230000000000257e-01,-8.968639999999999946e-01,-4.633360000000000256e-01,-2.848249999999999948e-01,7.352410000000000334e-01,1.066761999999999988e+00,8.117459999999999676e-01,5.057260000000000089e-01,5.057260000000000089e-01,2.119499999999999856e-02,-1.318149999999999877e-01,-4.888379999999999947e-01,9.769999999999999518e-02,-1.828180000000000083e-01,-1.573170000000000124e-01,4.547229999999999883e-01,2.252079999999999915e-01,1.704302999999999901e+00,-2.593230000000000257e-01,-2.605472999999999928e+00,-4.888379999999999947e-01,1.168768000000000029e+00,1.551293000000000033e+00,-5.653430000000000399e-01,2.762109999999999843e-01,8.627489999999999881e-01,4.547229999999999883e-01,6.077320000000000499e-01,2.507099999999999884e-01,-7.183530000000000193e-01,-9.988700000000000356e-01,6.842369999999999841e-01,-1.202884000000000064e+00,-1.151880000000000015e+00,5.822310000000000541e-01,1.551293000000000033e+00,1.296276999999999902e+00,-1.063130000000000047e-01,-4.123330000000000051e-01,9.902570000000000539e-01,-4.307000000000000065e-03,-8.713619999999999699e-01,-3.103259999999999907e-01,5.057260000000000089e-01,4.037189999999999945e-01,1.041260000000000074e+00,-4.123330000000000051e-01,5.567290000000000294e-01,2.119499999999999856e-02,-8.458609999999999740e-01,-4.633360000000000256e-01,1.143267000000000033e+00,2.762109999999999843e-01,-1.865925999999999974e+00,-5.530999999999999805e-02,9.137520000000000087e-01,1.449286000000000074e+00,4.037189999999999945e-01,-1.828180000000000083e-01,4.547229999999999883e-01,1.232010000000000050e-01,-2.338210000000000011e-01,5.567290000000000294e-01,8.882499999999999840e-01,1.742049999999999987e-01,2.507099999999999884e-01,-2.980800000000000116e-02,-4.888379999999999947e-01,9.769999999999999518e-02,-1.318149999999999877e-01,5.312280000000000335e-01,9.769999999999999518e-02,-4.633360000000000256e-01,-5.398410000000000153e-01,5.312280000000000335e-01,6.077320000000000499e-01,6.587359999999999882e-01,-3.868309999999999804e-01,-5.530999999999999805e-02,5.567290000000000294e-01,1.296276999999999902e+00,-3.358280000000000154e-01,5.057260000000000089e-01,4.547229999999999883e-01,-3.868309999999999804e-01,-6.928509999999999946e-01,1.742049999999999987e-01,4.292210000000000192e-01,9.902570000000000539e-01,-5.398410000000000153e-01,-1.840424000000000060e+00,-1.828180000000000083e-01,6.332339999999999636e-01,1.041260000000000074e+00,5.822310000000000541e-01,1.219772000000000078e+00,-4.307000000000000065e-03,-8.081199999999999495e-02,-8.081199999999999495e-02,6.587359999999999882e-01,1.487030000000000018e-01,-1.049873999999999974e+00,-1.636411000000000060e+00,8.882499999999999840e-01,2.252079999999999915e-01,5.567290000000000294e-01,8.627489999999999881e-01,7.219799999999999829e-02,4.669600000000000140e-02,1.219772000000000078e+00,-3.103259999999999907e-01,-1.075374999999999970e+00,5.057260000000000089e-01,2.252079999999999915e-01,1.857312000000000074e+00,-1.828180000000000083e-01,-2.848249999999999948e-01,-1.318149999999999877e-01,-4.633360000000000256e-01,-2.593230000000000257e-01,1.117764999999999898e+00,7.862440000000000540e-01,-1.126379000000000019e+00,-9.223660000000000192e-01,7.352410000000000334e-01,-5.530999999999999805e-02,5.567290000000000294e-01,1.245273000000000074e+00,-1.228385000000000060e+00,-8.081199999999999495e-02,1.270774999999999988e+00,7.219799999999999829e-02,5.312280000000000335e-01,-2.980800000000000116e-02,3.782179999999999986e-01,-5.653430000000000399e-01,-3.868309999999999804e-01,1.347280000000000033e+00,-2.980800000000000116e-02,-1.304890000000000105e+00,-6.928509999999999946e-01,1.487030000000000018e-01,4.547229999999999883e-01,1.015759000000000079e+00,6.587359999999999882e-01,9.769999999999999518e-02,4.292210000000000192e-01,9.769999999999999518e-02,3.272140000000000049e-01,-5.908440000000000358e-01,-1.151880000000000015e+00,-1.063130000000000047e-01,-4.307000000000000065e-03,6.842369999999999841e-01,1.551293000000000033e+00,1.997059999999999946e-01,1.232010000000000050e-01,-3.358280000000000154e-01,-5.398410000000000153e-01,1.143267000000000033e+00,5.312280000000000335e-01,-1.253886999999999974e+00,-2.593230000000000257e-01,1.487030000000000018e-01,-6.673489999999999700e-01,1.015759000000000079e+00,1.551293000000000033e+00,2.252079999999999915e-01,-1.024372000000000060e+00,-3.358280000000000154e-01,1.143267000000000033e+00,1.576794999999999947e+00,-2.477965000000000195e+00,-8.968639999999999946e-01,2.316342000000000123e+00,3.782179999999999986e-01,-4.307000000000000065e-03,6.842369999999999841e-01,7.097390000000000088e-01,-3.358280000000000154e-01,2.252079999999999915e-01,-1.202884000000000064e+00,-3.358280000000000154e-01,2.119499999999999856e-02,1.742049999999999987e-01,1.143267000000000033e+00,3.272140000000000049e-01,-8.458609999999999740e-01,4.802239999999999842e-01,6.842369999999999841e-01,2.762109999999999843e-01,2.762109999999999843e-01,-2.593230000000000257e-01,2.119499999999999856e-02,4.547229999999999883e-01,-2.083200000000000052e-01,4.547229999999999883e-01,2.252079999999999915e-01,-5.143389999999999906e-01,2.119499999999999856e-02,4.547229999999999883e-01,1.041260000000000074e+00,2.252079999999999915e-01,1.742049999999999987e-01,9.769999999999999518e-02,-5.143389999999999906e-01,6.332339999999999636e-01,-1.063130000000000047e-01,-1.100877000000000105e+00,6.332339999999999636e-01,1.487030000000000018e-01,-8.968639999999999946e-01,4.669600000000000140e-02,1.041260000000000074e+00,9.392540000000000333e-01,9.902570000000000539e-01,1.525790999999999897e+00,-1.279387999999999970e+00,-1.814923000000000064e+00,2.119499999999999856e-02,2.119499999999999856e-02,9.902570000000000539e-01,3.017130000000000090e-01,6.077320000000000499e-01,1.487030000000000018e-01,7.219799999999999829e-02,4.292210000000000192e-01,-8.081199999999999495e-02,-1.828180000000000083e-01,7.219799999999999829e-02,-3.103259999999999907e-01,7.219799999999999829e-02,7.862440000000000540e-01,9.902570000000000539e-01,-5.908440000000000358e-01,-1.049873999999999974e+00,-4.307000000000000065e-03,7.607420000000000293e-01,1.092262999999999984e+00,-5.530999999999999805e-02,-1.126379000000000019e+00,7.862440000000000540e-01,1.347280000000000033e+00,-4.633360000000000256e-01,1.245273000000000074e+00,-4.123330000000000051e-01,-1.828180000000000083e-01,5.822310000000000541e-01,5.312280000000000335e-01,-8.081199999999999495e-02,-4.888379999999999947e-01,-2.593230000000000257e-01,-1.318149999999999877e-01,7.862440000000000540e-01,3.017130000000000090e-01,-8.968639999999999946e-01,-6.418479999999999741e-01,5.057260000000000089e-01,8.882499999999999840e-01,9.647550000000000292e-01,-5.653430000000000399e-01,-6.418479999999999741e-01,-1.318149999999999877e-01,-3.868309999999999804e-01,7.352410000000000334e-01,1.742049999999999987e-01,1.704302999999999901e+00,7.607420000000000293e-01,-2.338210000000000011e-01,7.352410000000000334e-01,2.762109999999999843e-01,-3.103259999999999907e-01,-4.123330000000000051e-01,-1.063130000000000047e-01,-1.318149999999999877e-01,-2.848249999999999948e-01,-3.613299999999999845e-01,7.352410000000000334e-01,5.057260000000000089e-01,-9.988700000000000356e-01,-1.712916000000000105e+00,-5.653430000000000399e-01,9.647550000000000292e-01,1.908315999999999901e+00,-5.530999999999999805e-02,9.137520000000000087e-01,8.117459999999999676e-01,3.272140000000000049e-01,5.822310000000000541e-01,-2.848249999999999948e-01,1.742049999999999987e-01,1.232010000000000050e-01,-9.478670000000000151e-01,-1.024372000000000060e+00,1.997059999999999946e-01,5.567290000000000294e-01,9.392540000000000333e-01,4.292210000000000192e-01,7.219799999999999829e-02,2.507099999999999884e-01,3.272140000000000049e-01,2.119499999999999856e-02,9.769999999999999518e-02,3.782179999999999986e-01,4.547229999999999883e-01,-1.049873999999999974e+00,-1.253886999999999974e+00,9.392540000000000333e-01,8.627489999999999881e-01,6.587359999999999882e-01,1.194269999999999943e+00,-1.573170000000000124e-01,-1.126379000000000019e+00,-1.151880000000000015e+00,8.117459999999999676e-01,1.296276999999999902e+00,6.332339999999999636e-01,-1.318149999999999877e-01,6.077320000000000499e-01,2.252079999999999915e-01,2.762109999999999843e-01,-8.713619999999999699e-01,-3.868309999999999804e-01,6.842369999999999841e-01,1.041260000000000074e+00,2.252079999999999915e-01,-7.693560000000000398e-01,-3.868309999999999804e-01,9.137520000000000087e-01,3.527159999999999740e-01,1.232010000000000050e-01,2.762109999999999843e-01,4.292210000000000192e-01,-1.063130000000000047e-01,-5.530999999999999805e-02,-5.398410000000000153e-01,4.292210000000000192e-01,7.862440000000000540e-01,-4.307000000000000065e-03,-2.980800000000000116e-02,3.527159999999999740e-01,3.017130000000000090e-01,7.352410000000000334e-01,-2.980800000000000116e-02,-6.418479999999999741e-01,1.232010000000000050e-01,-4.633360000000000256e-01,-8.203589999999999494e-01,6.077320000000000499e-01,1.474787999999999988e+00,9.902570000000000539e-01,5.312280000000000335e-01,-8.968639999999999946e-01,-4.888379999999999947e-01,-5.908440000000000358e-01,1.015759000000000079e+00,1.168768000000000029e+00,2.762109999999999843e-01,2.119499999999999856e-02,3.017130000000000090e-01,4.669600000000000140e-02,-7.948570000000000357e-01,-3.868309999999999804e-01,1.066761999999999988e+00,6.842369999999999841e-01,-5.143389999999999906e-01,-9.733690000000000397e-01,1.704302999999999901e+00,4.802239999999999842e-01,-1.738418000000000019e+00,-2.593230000000000257e-01,5.567290000000000294e-01,1.066761999999999988e+00,1.372781000000000029e+00,3.272140000000000049e-01,-1.687415000000000109e+00,-5.398410000000000153e-01,2.507099999999999884e-01,1.449286000000000074e+00,1.576794999999999947e+00,-5.530999999999999805e-02,-2.593230000000000257e-01,1.232010000000000050e-01,-1.318149999999999877e-01,2.119499999999999856e-02,7.219799999999999829e-02,5.822310000000000541e-01,-2.980800000000000116e-02,-1.457899999999999974e+00,-2.593230000000000257e-01,6.587359999999999882e-01,1.487030000000000018e-01,2.252079999999999915e-01,7.097390000000000088e-01,5.312280000000000335e-01,-1.318149999999999877e-01,3.017130000000000090e-01,8.117459999999999676e-01,7.219799999999999829e-02,-2.593230000000000257e-01,1.742049999999999987e-01,1.270774999999999988e+00,-8.458609999999999740e-01,-2.593230000000000257e-01,-6.928509999999999946e-01,3.527159999999999740e-01,1.066761999999999988e+00,2.762109999999999843e-01,-1.828180000000000083e-01,-3.103259999999999907e-01,1.997059999999999946e-01,8.117459999999999676e-01,-2.338210000000000011e-01,3.272140000000000049e-01,7.862440000000000540e-01,9.769999999999999518e-02,4.037189999999999945e-01,-4.888379999999999947e-01,-4.123330000000000051e-01,7.862440000000000540e-01,1.041260000000000074e+00,-1.573170000000000124e-01,-1.253886999999999974e+00,-8.458609999999999740e-01,9.137520000000000087e-01,1.372781000000000029e+00,7.097390000000000088e-01,-5.398410000000000153e-01,7.607420000000000293e-01,-1.573170000000000124e-01,3.272140000000000049e-01,1.487030000000000018e-01,-4.633360000000000256e-01,-4.633360000000000256e-01,2.507099999999999884e-01,1.232010000000000050e-01,-2.083200000000000052e-01,1.041260000000000074e+00,4.037189999999999945e-01,-8.081199999999999495e-02,-1.534405000000000019e+00,9.137520000000000087e-01,3.527159999999999740e-01,6.332339999999999636e-01,1.143267000000000033e+00,5.312280000000000335e-01,-9.478670000000000151e-01,-2.338210000000000011e-01,8.882499999999999840e-01,-5.908440000000000358e-01,-1.304890000000000105e+00,1.551293000000000033e+00,1.041260000000000074e+00,-7.183530000000000193e-01,-1.814923000000000064e+00,5.567290000000000294e-01,1.092262999999999984e+00,1.729803999999999897e+00,1.742049999999999987e-01,1.487030000000000018e-01,1.232010000000000050e-01,-2.338210000000000011e-01,-7.438540000000000152e-01,6.077320000000000499e-01,-8.458609999999999740e-01,-4.123330000000000051e-01,3.017130000000000090e-01,7.607420000000000293e-01,4.547229999999999883e-01,1.232010000000000050e-01,6.842369999999999841e-01,3.272140000000000049e-01,-7.948570000000000357e-01,-7.948570000000000357e-01,1.321777999999999897e+00,1.755306000000000033e+00,-4.378349999999999742e-01,-2.809486000000000150e+00,-1.573170000000000124e-01,1.168768000000000029e+00,7.097390000000000088e-01,1.232010000000000050e-01,1.092262999999999984e+00,9.647550000000000292e-01,-4.888379999999999947e-01,-1.738418000000000019e+00,-1.828180000000000083e-01,9.392540000000000333e-01,2.507099999999999884e-01,2.762109999999999843e-01,4.802239999999999842e-01,3.272140000000000049e-01,-5.143389999999999906e-01,2.252079999999999915e-01,1.742049999999999987e-01,9.647550000000000292e-01,-4.123330000000000051e-01,1.742049999999999987e-01,-6.673489999999999700e-01,-1.151880000000000015e+00,2.119499999999999856e-02,6.077320000000000499e-01,1.321777999999999897e+00,1.066761999999999988e+00,4.292210000000000192e-01,1.742049999999999987e-01,-3.613299999999999845e-01,-1.063130000000000047e-01,8.372469999999999635e-01,8.372469999999999635e-01,-1.202884000000000064e+00,-1.610910000000000064e+00,-3.358280000000000154e-01,9.392540000000000333e-01,1.729803999999999897e+00,4.292210000000000192e-01,-3.868309999999999804e-01,-8.081199999999999495e-02,-2.338210000000000011e-01,-4.888379999999999947e-01,6.332339999999999636e-01,-1.063130000000000047e-01,6.332339999999999636e-01,1.729803999999999897e+00,3.527159999999999740e-01,-8.081199999999999495e-02,-2.848249999999999948e-01,2.507099999999999884e-01,3.527159999999999740e-01,-8.713619999999999699e-01,-3.613299999999999845e-01,-2.083200000000000052e-01,2.119499999999999856e-02,1.742049999999999987e-01,3.272140000000000049e-01,6.842369999999999841e-01,1.398282999999999943e+00,5.567290000000000294e-01,-8.203589999999999494e-01,-1.177381999999999929e+00,2.507099999999999884e-01,7.219799999999999829e-02,7.607420000000000293e-01,1.168768000000000029e+00,-1.318149999999999877e-01,4.292210000000000192e-01,4.037189999999999945e-01,-1.828180000000000083e-01,-1.318149999999999877e-01,-6.673489999999999700e-01,-5.398410000000000153e-01,4.802239999999999842e-01,1.487030000000000018e-01,7.219799999999999829e-02,5.567290000000000294e-01,1.296276999999999902e+00,-4.307000000000000065e-03,-2.171946000000000154e+00,-1.573170000000000124e-01,8.372469999999999635e-01,1.117764999999999898e+00,6.587359999999999882e-01,4.669600000000000140e-02,3.017130000000000090e-01,9.647550000000000292e-01,-6.928509999999999946e-01,-9.988700000000000356e-01,1.015759000000000079e+00,3.782179999999999986e-01,-6.673489999999999700e-01,-1.318149999999999877e-01,6.842369999999999841e-01,1.997059999999999946e-01,2.507099999999999884e-01,4.037189999999999945e-01,3.782179999999999986e-01,2.252079999999999915e-01,-1.828180000000000083e-01,1.321777999999999897e+00,-1.100877000000000105e+00,-2.809486000000000150e+00,9.769999999999999518e-02,8.627489999999999881e-01,1.627798000000000078e+00,1.092262999999999984e+00,4.037189999999999945e-01,5.057260000000000089e-01,-1.318149999999999877e-01,-1.318149999999999877e-01,4.669600000000000140e-02,1.232010000000000050e-01,-3.358280000000000154e-01,5.312280000000000335e-01,-1.573170000000000124e-01,-1.330392000000000019e+00,9.902570000000000539e-01,1.372781000000000029e+00,3.272140000000000049e-01,-1.075374999999999970e+00,4.669600000000000140e-02,6.842369999999999841e-01,1.742049999999999987e-01,1.742049999999999987e-01,3.017130000000000090e-01,-6.928509999999999946e-01,2.507099999999999884e-01,1.168768000000000029e+00,9.137520000000000087e-01,2.119499999999999856e-02,-3.103259999999999907e-01,3.017130000000000090e-01,-7.693560000000000398e-01,-1.828180000000000083e-01,1.015759000000000079e+00,1.041260000000000074e+00,-4.307000000000000065e-03,-1.049873999999999974e+00,-5.908440000000000358e-01,-1.828180000000000083e-01,5.312280000000000335e-01,4.802239999999999842e-01,1.372781000000000029e+00,7.219799999999999829e-02,-9.988700000000000356e-01,7.097390000000000088e-01,7.607420000000000293e-01,5.057260000000000089e-01,4.669600000000000140e-02,2.762109999999999843e-01,4.669600000000000140e-02,4.037189999999999945e-01,-1.177381999999999929e+00,-2.477965000000000195e+00,9.137520000000000087e-01,9.902570000000000539e-01,7.352410000000000334e-01,7.862440000000000540e-01,8.627489999999999881e-01,5.822310000000000541e-01,-1.063130000000000047e-01,7.219799999999999829e-02,-7.438540000000000152e-01,-6.163459999999999495e-01,5.822310000000000541e-01,-2.980800000000000116e-02,5.312280000000000335e-01,6.332339999999999636e-01,-4.123330000000000051e-01,-7.948570000000000357e-01,2.762109999999999843e-01,-4.307000000000000065e-03,7.219799999999999829e-02,4.547229999999999883e-01,1.168768000000000029e+00,9.902570000000000539e-01,-8.081199999999999495e-02,3.782179999999999986e-01,5.057260000000000089e-01,-1.075374999999999970e+00,-6.928509999999999946e-01,7.862440000000000540e-01,-4.307000000000000065e-03,-1.559906000000000015e+00,6.587359999999999882e-01,1.984820999999999946e+00,1.092262999999999984e+00,-1.024372000000000060e+00,-4.633360000000000256e-01,7.352410000000000334e-01,-3.868309999999999804e-01,-1.049873999999999974e+00,9.769999999999999518e-02,7.219799999999999829e-02,9.137520000000000087e-01,1.525790999999999897e+00,8.372469999999999635e-01,-1.100877000000000105e+00,-1.049873999999999974e+00,-4.378349999999999742e-01,5.567290000000000294e-01,1.245273000000000074e+00,6.077320000000000499e-01,9.769999999999999518e-02,4.037189999999999945e-01,1.742049999999999987e-01,-1.024372000000000060e+00,3.527159999999999740e-01,1.933816999999999897e+00,-5.143389999999999906e-01,-1.840424000000000060e+00,2.252079999999999915e-01,2.762109999999999843e-01,4.547229999999999883e-01,1.041260000000000074e+00,2.507099999999999884e-01,1.742049999999999987e-01,2.252079999999999915e-01,-3.868309999999999804e-01,3.527159999999999740e-01,3.017130000000000090e-01,3.272140000000000049e-01,-2.980800000000000116e-02,-6.928509999999999946e-01,1.997059999999999946e-01,-8.081199999999999495e-02,3.527159999999999740e-01,1.219772000000000078e+00,9.392540000000000333e-01,1.092262999999999984e+00,-1.559906000000000015e+00,-4.888379999999999947e-01,2.252079999999999915e-01,2.252079999999999915e-01,7.607420000000000293e-01,2.252079999999999915e-01,-1.100877000000000105e+00,2.252079999999999915e-01,6.077320000000000499e-01,-3.358280000000000154e-01,-1.318149999999999877e-01,-2.848249999999999948e-01,3.527159999999999740e-01,8.372469999999999635e-01,4.802239999999999842e-01,-3.868309999999999804e-01,-5.143389999999999906e-01,1.742049999999999987e-01,1.041260000000000074e+00,7.607420000000000293e-01,-9.733690000000000397e-01,-7.693560000000000398e-01,-2.083200000000000052e-01,1.117764999999999898e+00,1.997059999999999946e-01,7.097390000000000088e-01,1.321777999999999897e+00,-5.143389999999999906e-01,3.017130000000000090e-01,-3.358280000000000154e-01,-2.477965000000000195e+00,-2.338210000000000011e-01,1.398282999999999943e+00,4.669600000000000140e-02,-1.063130000000000047e-01,1.015759000000000079e+00,8.882499999999999840e-01,8.627489999999999881e-01,-3.103259999999999907e-01,-5.908440000000000358e-01,-1.063130000000000047e-01,4.802239999999999842e-01,-5.143389999999999906e-01,-9.733690000000000397e-01,5.057260000000000089e-01,2.724368000000000123e+00,6.842369999999999841e-01,-1.967932999999999932e+00,-3.103259999999999907e-01,6.587359999999999882e-01,7.862440000000000540e-01,4.292210000000000192e-01,2.507099999999999884e-01,-3.103259999999999907e-01,7.097390000000000088e-01,-1.177381999999999929e+00,-3.103259999999999907e-01,6.842369999999999841e-01,-1.063130000000000047e-01,3.272140000000000049e-01,3.272140000000000049e-01,4.292210000000000192e-01,7.607420000000000293e-01,3.527159999999999740e-01,-6.673489999999999700e-01,-4.633360000000000256e-01,9.769999999999999518e-02,-2.593230000000000257e-01,7.862440000000000540e-01,2.252079999999999915e-01,1.487030000000000018e-01,-2.980800000000000116e-02,4.292210000000000192e-01,4.547229999999999883e-01,1.449286000000000074e+00,-1.049873999999999974e+00,-8.968639999999999946e-01,3.782179999999999986e-01,9.647550000000000292e-01,4.292210000000000192e-01,-7.183530000000000193e-01,6.077320000000000499e-01,5.057260000000000089e-01,8.117459999999999676e-01,-8.081199999999999495e-02,-1.075374999999999970e+00,-7.183530000000000193e-01,1.066761999999999988e+00,-6.418479999999999741e-01,-1.024372000000000060e+00,1.092262999999999984e+00,7.352410000000000334e-01,1.245273000000000074e+00,6.332339999999999636e-01,1.194269999999999943e+00,-7.183530000000000193e-01,-1.024372000000000060e+00,5.312280000000000335e-01,1.487030000000000018e-01,-2.083200000000000052e-01,2.119499999999999856e-02,2.507099999999999884e-01,-9.478670000000000151e-01,1.232010000000000050e-01,6.077320000000000499e-01,6.332339999999999636e-01,-2.980800000000000116e-02,-2.848249999999999948e-01,3.527159999999999740e-01,1.092262999999999984e+00,6.077320000000000499e-01,1.997059999999999946e-01,-4.123330000000000051e-01,-9.988700000000000356e-01,-1.151880000000000015e+00,1.678800999999999988e+00,8.627489999999999881e-01,-4.633360000000000256e-01,-2.848249999999999948e-01,8.117459999999999676e-01,1.245273000000000074e+00,1.997059999999999946e-01,-4.888379999999999947e-01,-5.143389999999999906e-01,4.802239999999999842e-01,-4.633360000000000256e-01,4.547229999999999883e-01,-1.573170000000000124e-01,4.292210000000000192e-01,-4.123330000000000051e-01,-3.358280000000000154e-01,1.742049999999999987e-01,1.704302999999999901e+00,1.041260000000000074e+00,3.017130000000000090e-01,-4.378349999999999742e-01,-5.653430000000000399e-01,-1.279387999999999970e+00,7.219799999999999829e-02,6.332339999999999636e-01,6.077320000000000499e-01,-2.083200000000000052e-01,1.270774999999999988e+00,9.392540000000000333e-01,-1.585407999999999928e+00,-6.928509999999999946e-01,7.219799999999999829e-02,9.647550000000000292e-01,7.097390000000000088e-01,3.527159999999999740e-01,1.194269999999999943e+00,7.862440000000000540e-01,-1.228385000000000060e+00,-5.143389999999999906e-01,-2.848249999999999948e-01,4.669600000000000140e-02,2.762109999999999843e-01,1.372781000000000029e+00,-1.828180000000000083e-01,-1.318149999999999877e-01,-4.888379999999999947e-01,-6.418479999999999741e-01,4.547229999999999883e-01,-1.202884000000000064e+00,1.487030000000000018e-01,7.862440000000000540e-01,1.232010000000000050e-01,1.168768000000000029e+00,1.245273000000000074e+00,-1.063130000000000047e-01,-3.613299999999999845e-01,2.252079999999999915e-01,-5.530999999999999805e-02,5.057260000000000089e-01,2.119499999999999856e-02,-7.948570000000000357e-01,6.077320000000000499e-01,2.507099999999999884e-01,-8.713619999999999699e-01,-4.123330000000000051e-01,6.077320000000000499e-01,6.587359999999999882e-01,4.037189999999999945e-01,4.802239999999999842e-01,3.782179999999999986e-01,-3.613299999999999845e-01,7.219799999999999829e-02,-3.613299999999999845e-01,-5.143389999999999906e-01,1.092262999999999984e+00,5.312280000000000335e-01,-1.151880000000000015e+00,-8.968639999999999946e-01,9.392540000000000333e-01,8.372469999999999635e-01,1.780807999999999947e+00,2.507099999999999884e-01,-7.948570000000000357e-01,-4.888379999999999947e-01,7.352410000000000334e-01,4.292210000000000192e-01,9.647550000000000292e-01,-1.318149999999999877e-01,-6.418479999999999741e-01,-4.888379999999999947e-01,-3.868309999999999804e-01,1.997059999999999946e-01,6.332339999999999636e-01,5.057260000000000089e-01,5.312280000000000335e-01,5.057260000000000089e-01,4.802239999999999842e-01,-5.398410000000000153e-01,2.119499999999999856e-02,-6.928509999999999946e-01,-5.143389999999999906e-01,6.332339999999999636e-01,1.270774999999999988e+00,1.015759000000000079e+00,-8.968639999999999946e-01,-1.318149999999999877e-01,5.312280000000000335e-01,3.527159999999999740e-01,1.487030000000000018e-01,1.487030000000000018e-01,2.252079999999999915e-01,-2.980800000000000116e-02,1.232010000000000050e-01,-4.888379999999999947e-01,-2.083200000000000052e-01,-2.980800000000000116e-02,3.272140000000000049e-01,-1.318149999999999877e-01,-8.081199999999999495e-02,-1.063130000000000047e-01,8.117459999999999676e-01,-2.980800000000000116e-02,4.292210000000000192e-01,1.997059999999999946e-01,3.017130000000000090e-01,4.292210000000000192e-01,-2.848249999999999948e-01,1.232010000000000050e-01,-1.318149999999999877e-01,7.219799999999999829e-02,9.392540000000000333e-01,5.312280000000000335e-01,-9.223660000000000192e-01,-1.304890000000000105e+00,6.077320000000000499e-01,9.392540000000000333e-01,1.551293000000000033e+00,1.997059999999999946e-01,-1.828180000000000083e-01,3.782179999999999986e-01,-1.573170000000000124e-01,-2.338210000000000011e-01,-8.203589999999999494e-01,-3.103259999999999907e-01,1.143267000000000033e+00,7.862440000000000540e-01,2.762109999999999843e-01,-1.406897000000000064e+00,-8.203589999999999494e-01,7.352410000000000334e-01,9.902570000000000539e-01,1.742049999999999987e-01,3.527159999999999740e-01,5.312280000000000335e-01,3.527159999999999740e-01,-4.888379999999999947e-01,3.272140000000000049e-01,7.097390000000000088e-01,-4.378349999999999742e-01,-6.928509999999999946e-01,-1.151880000000000015e+00,1.232010000000000050e-01,1.245273000000000074e+00,1.015759000000000079e+00,1.041260000000000074e+00,8.117459999999999676e-01,1.997059999999999946e-01,-2.338210000000000011e-01,-8.203589999999999494e-01,-1.573170000000000124e-01,9.769999999999999518e-02,-1.049873999999999974e+00,9.137520000000000087e-01,5.312280000000000335e-01,-5.530999999999999805e-02,7.097390000000000088e-01,4.292210000000000192e-01,-2.980800000000000116e-02,1.066761999999999988e+00,-6.928509999999999946e-01,-1.228385000000000060e+00,-1.318149999999999877e-01,1.168768000000000029e+00,1.423785000000000078e+00,6.332339999999999636e-01,-2.980800000000000116e-02,4.802239999999999842e-01,-8.081199999999999495e-02,-1.828180000000000083e-01,-8.081199999999999495e-02,-1.100877000000000105e+00,-8.081199999999999495e-02,1.551293000000000033e+00,-4.123330000000000051e-01,-1.661912999999999974e+00,-4.307000000000000065e-03,9.902570000000000539e-01,1.806308999999999942e+00,3.272140000000000049e-01,-4.378349999999999742e-01,-2.848249999999999948e-01,4.037189999999999945e-01,6.842369999999999841e-01,6.332339999999999636e-01,3.272140000000000049e-01,4.669600000000000140e-02,-4.378349999999999742e-01,4.669600000000000140e-02,-1.202884000000000064e+00,-7.438540000000000152e-01,2.762109999999999843e-01,8.372469999999999635e-01,4.802239999999999842e-01,1.219772000000000078e+00,1.232010000000000050e-01,-9.478670000000000151e-01,2.252079999999999915e-01,7.862440000000000540e-01,-1.967932999999999932e+00,1.398282999999999943e+00,1.933816999999999897e+00,4.669600000000000140e-02,-1.828180000000000083e-01,-2.593230000000000257e-01,3.272140000000000049e-01,1.997059999999999946e-01,1.487030000000000018e-01,-1.573170000000000124e-01,2.252079999999999915e-01,3.017130000000000090e-01,-2.980800000000000116e-02,9.769999999999999518e-02,7.219799999999999829e-02,2.119499999999999856e-02,5.057260000000000089e-01,-1.828180000000000083e-01,-4.307000000000000065e-03,1.168768000000000029e+00,-3.613299999999999845e-01,-5.908440000000000358e-01,1.321777999999999897e+00,3.017130000000000090e-01,-3.217512999999999845e+00,-1.828180000000000083e-01,2.163332000000000033e+00,7.097390000000000088e-01,1.347280000000000033e+00,2.119499999999999856e-02,-2.593230000000000257e-01,5.057260000000000089e-01,1.232010000000000050e-01,2.119499999999999856e-02,4.669600000000000140e-02,-2.980800000000000116e-02,-2.593230000000000257e-01,1.997059999999999946e-01,-5.143389999999999906e-01,-9.478670000000000151e-01,4.037189999999999945e-01,4.547229999999999883e-01,-6.673489999999999700e-01,7.097390000000000088e-01,1.525790999999999897e+00,1.092262999999999984e+00,-1.573170000000000124e-01,2.252079999999999915e-01,4.669600000000000140e-02,-1.318149999999999877e-01,-3.103259999999999907e-01,4.802239999999999842e-01,-7.438540000000000152e-01,1.232010000000000050e-01,1.742049999999999987e-01,7.862440000000000540e-01,8.882499999999999840e-01,-7.183530000000000193e-01,7.097390000000000088e-01,-1.573170000000000124e-01,-4.307000000000000065e-03,4.037189999999999945e-01,7.219799999999999829e-02,-1.279387999999999970e+00,-1.828180000000000083e-01,1.500289999999999901e+00,9.392540000000000333e-01,-2.146443999999999797e+00,-1.126379000000000019e+00,1.398282999999999943e+00,1.168768000000000029e+00,4.802239999999999842e-01,6.332339999999999636e-01,3.017130000000000090e-01,1.933816999999999897e+00,7.097390000000000088e-01,-2.069939000000000195e+00,-1.534405000000000019e+00,7.219799999999999829e-02,7.097390000000000088e-01,5.822310000000000541e-01,4.802239999999999842e-01,4.037189999999999945e-01,1.602295999999999943e+00,-1.063130000000000047e-01,-2.579972000000000154e+00,-5.530999999999999805e-02,1.168768000000000029e+00,-2.593230000000000257e-01,-4.633360000000000256e-01,1.041260000000000074e+00,9.137520000000000087e-01,3.017130000000000090e-01,-3.358280000000000154e-01,8.627489999999999881e-01,1.321777999999999897e+00,-5.908440000000000358e-01,-5.398410000000000153e-01,-1.279387999999999970e+00,-1.330392000000000019e+00,2.119499999999999856e-02,4.037189999999999945e-01,4.037189999999999945e-01,1.041260000000000074e+00,5.822310000000000541e-01,1.602295999999999943e+00,5.057260000000000089e-01,-2.980800000000000116e-02,4.669600000000000140e-02,-7.948570000000000357e-01,-1.304890000000000105e+00,-1.126379000000000019e+00,9.137520000000000087e-01,5.312280000000000335e-01,2.252079999999999915e-01,4.669600000000000140e-02,-8.081199999999999495e-02,9.647550000000000292e-01,9.137520000000000087e-01,1.487030000000000018e-01,-3.358280000000000154e-01,1.487030000000000018e-01,-5.143389999999999906e-01,7.219799999999999829e-02,5.312280000000000335e-01,5.057260000000000089e-01,2.252079999999999915e-01,6.842369999999999841e-01,-2.980800000000000116e-02,-7.948570000000000357e-01,-1.253886999999999974e+00,-3.613299999999999845e-01,1.423785000000000078e+00,7.862440000000000540e-01,-4.888379999999999947e-01,9.902570000000000539e-01,8.117459999999999676e-01,-8.081199999999999495e-02,2.507099999999999884e-01,-2.593230000000000257e-01,-1.063130000000000047e-01,4.547229999999999883e-01,-6.418479999999999741e-01,-3.613299999999999845e-01,1.143267000000000033e+00,-1.573170000000000124e-01,1.117764999999999898e+00,1.487030000000000018e-01,-1.508903000000000105e+00,1.997059999999999946e-01,6.842369999999999841e-01,1.041260000000000074e+00,4.547229999999999883e-01,-1.508903000000000105e+00,-1.559906000000000015e+00,1.678800999999999988e+00,1.117764999999999898e+00,9.392540000000000333e-01,-2.593230000000000257e-01,-1.304890000000000105e+00,6.077320000000000499e-01,4.547229999999999883e-01,4.669600000000000140e-02,-3.103259999999999907e-01,4.547229999999999883e-01,6.332339999999999636e-01,-9.478670000000000151e-01,-7.948570000000000357e-01,9.137520000000000087e-01,7.219799999999999829e-02,6.587359999999999882e-01,6.332339999999999636e-01,1.117764999999999898e+00,1.347280000000000033e+00,-1.177381999999999929e+00,-3.013500000000000068e+00,1.742049999999999987e-01,1.984820999999999946e+00,9.137520000000000087e-01,5.567290000000000294e-01,-3.868309999999999804e-01,2.119499999999999856e-02,1.117764999999999898e+00,-1.100877000000000105e+00,-8.713619999999999699e-01,4.802239999999999842e-01,4.802239999999999842e-01,-8.081199999999999495e-02,4.292210000000000192e-01,7.352410000000000334e-01,-2.980800000000000116e-02,-4.307000000000000065e-03,-2.338210000000000011e-01,-3.358280000000000154e-01,1.933816999999999897e+00,3.782179999999999986e-01,-2.375958999999999932e+00,3.782179999999999986e-01,1.245273000000000074e+00,1.219772000000000078e+00,5.057260000000000089e-01,-5.398410000000000153e-01,-1.100877000000000105e+00,7.862440000000000540e-01,1.372781000000000029e+00,-1.559906000000000015e+00,-3.358280000000000154e-01,4.802239999999999842e-01,4.669600000000000140e-02,6.842369999999999841e-01,-4.307000000000000065e-03,-4.888379999999999947e-01,5.312280000000000335e-01,3.272140000000000049e-01,-2.338210000000000011e-01,1.487030000000000018e-01,4.802239999999999842e-01,1.997059999999999946e-01,1.015759000000000079e+00,6.587359999999999882e-01,-1.177381999999999929e+00,-8.458609999999999740e-01,-1.253886999999999974e+00,5.567290000000000294e-01,1.321777999999999897e+00,3.272140000000000049e-01,6.842369999999999841e-01,7.862440000000000540e-01,8.882499999999999840e-01,8.627489999999999881e-01,-3.103259999999999907e-01,-3.103259999999999907e-01,-1.100877000000000105e+00,-2.980800000000000116e-02,1.487030000000000018e-01,9.137520000000000087e-01,2.252079999999999915e-01,-2.375958999999999932e+00,-5.908440000000000358e-01,8.627489999999999881e-01,1.398282999999999943e+00,6.587359999999999882e-01,7.352410000000000334e-01,3.272140000000000049e-01,-1.063130000000000047e-01,1.487030000000000018e-01,1.602295999999999943e+00,-1.075374999999999970e+00,-1.253886999999999974e+00,4.669600000000000140e-02,-3.613299999999999845e-01,9.137520000000000087e-01,7.607420000000000293e-01,5.822310000000000541e-01,2.507099999999999884e-01,-3.868309999999999804e-01,-4.123330000000000051e-01,9.769999999999999518e-02,1.997059999999999946e-01,4.802239999999999842e-01,3.527159999999999740e-01,-7.438540000000000152e-01,1.143267000000000033e+00,6.332339999999999636e-01,-1.024372000000000060e+00,-2.593230000000000257e-01,9.137520000000000087e-01,2.252079999999999915e-01,1.742049999999999987e-01,1.487030000000000018e-01,-5.143389999999999906e-01,1.704302999999999901e+00,-8.081199999999999495e-02,-2.171946000000000154e+00,-2.980800000000000116e-02,1.372781000000000029e+00,7.097390000000000088e-01,1.487030000000000018e-01,2.252079999999999915e-01,-5.908440000000000358e-01,1.487030000000000018e-01,-6.163459999999999495e-01,1.270774999999999988e+00,1.041260000000000074e+00,-4.633360000000000256e-01,1.742049999999999987e-01,4.292210000000000192e-01,3.782179999999999986e-01,3.272140000000000049e-01,-3.358280000000000154e-01,-1.279387999999999970e+00,-7.948570000000000357e-01,8.627489999999999881e-01,1.143267000000000033e+00,1.653299000000000074e+00,-4.633360000000000256e-01,-1.636411000000000060e+00,1.742049999999999987e-01,-4.888379999999999947e-01,5.312280000000000335e-01,1.232010000000000050e-01,6.332339999999999636e-01,3.527159999999999740e-01,5.567290000000000294e-01,2.252079999999999915e-01,7.097390000000000088e-01,9.902570000000000539e-01,1.232010000000000050e-01,3.782179999999999986e-01,-6.418479999999999741e-01,-2.848249999999999948e-01,3.017130000000000090e-01,-1.942431000000000019e+00,-9.223660000000000192e-01,2.252079999999999915e-01,8.627489999999999881e-01,1.245273000000000074e+00,1.092262999999999984e+00,-5.908440000000000358e-01,-9.223660000000000192e-01,9.137520000000000087e-01,1.015759000000000079e+00,5.312280000000000335e-01,1.232010000000000050e-01,-7.693560000000000398e-01,-1.063130000000000047e-01,1.742049999999999987e-01,-8.081199999999999495e-02,2.252079999999999915e-01,-8.081199999999999495e-02,-7.948570000000000357e-01,6.077320000000000499e-01,1.742049999999999987e-01,1.653299000000000074e+00,-3.868309999999999804e-01,1.487030000000000018e-01,1.398282999999999943e+00,-1.279387999999999970e+00,3.272140000000000049e-01,-2.083200000000000052e-01,9.392540000000000333e-01,-8.081199999999999495e-02,-9.988700000000000356e-01,-4.888379999999999947e-01,3.272140000000000049e-01,7.097390000000000088e-01,4.547229999999999883e-01,2.507099999999999884e-01,7.607420000000000293e-01,6.077320000000000499e-01,2.762109999999999843e-01,-1.126379000000000019e+00,-1.916929000000000105e+00,4.292210000000000192e-01,1.168768000000000029e+00,7.219799999999999829e-02,1.525790999999999897e+00,5.567290000000000294e-01,-1.828180000000000083e-01,6.077320000000000499e-01,-1.865925999999999974e+00,-1.636411000000000060e+00,7.352410000000000334e-01,9.392540000000000333e-01,6.332339999999999636e-01,6.077320000000000499e-01,7.607420000000000293e-01,1.487030000000000018e-01,1.487030000000000018e-01,2.762109999999999843e-01,-8.458609999999999740e-01,1.232010000000000050e-01,-2.338210000000000011e-01,1.742049999999999987e-01,-6.928509999999999946e-01,4.802239999999999842e-01,5.567290000000000294e-01,2.762109999999999843e-01,1.997059999999999946e-01,2.252079999999999915e-01,6.842369999999999841e-01,-3.358280000000000154e-01,-1.330392000000000019e+00,4.669600000000000140e-02,1.984820999999999946e+00,1.423785000000000078e+00,7.352410000000000334e-01,-7.183530000000000193e-01,9.769999999999999518e-02,-1.049873999999999974e+00,7.219799999999999829e-02,-1.063130000000000047e-01,-1.253886999999999974e+00,1.245273000000000074e+00,1.041260000000000074e+00,9.769999999999999518e-02,6.077320000000000499e-01,-1.573170000000000124e-01,2.119499999999999856e-02,-1.063130000000000047e-01,2.119499999999999856e-02,1.232010000000000050e-01,4.802239999999999842e-01,6.332339999999999636e-01,9.769999999999999518e-02,3.782179999999999986e-01,3.017130000000000090e-01,6.332339999999999636e-01,-3.358280000000000154e-01,-1.457899999999999974e+00,-8.713619999999999699e-01,3.782179999999999986e-01,5.822310000000000541e-01,-8.081199999999999495e-02,6.587359999999999882e-01,1.143267000000000033e+00,1.143267000000000033e+00,1.232010000000000050e-01,-2.980800000000000116e-02,-3.868309999999999804e-01,-9.478670000000000151e-01,-8.081199999999999495e-02,1.143267000000000033e+00,-2.338210000000000011e-01,-1.024372000000000060e+00,5.312280000000000335e-01,6.587359999999999882e-01,1.245273000000000074e+00,3.782179999999999986e-01,-6.163459999999999495e-01,5.312280000000000335e-01,6.077320000000000499e-01,-1.712916000000000105e+00,2.252079999999999915e-01,5.057260000000000089e-01,3.527159999999999740e-01,7.352410000000000334e-01,-2.848249999999999948e-01,-5.530999999999999805e-02,7.352410000000000334e-01,3.272140000000000049e-01,-3.613299999999999845e-01,-4.633360000000000256e-01,-3.358280000000000154e-01,-2.338210000000000011e-01,6.332339999999999636e-01,3.017130000000000090e-01,-4.123330000000000051e-01,3.272140000000000049e-01,6.842369999999999841e-01,1.015759000000000079e+00,7.862440000000000540e-01,1.997059999999999946e-01,-7.948570000000000357e-01,-8.081199999999999495e-02,-4.307000000000000065e-03,9.902570000000000539e-01,-2.980800000000000116e-02,-7.183530000000000193e-01,2.507099999999999884e-01,4.669600000000000140e-02,3.272140000000000049e-01,-5.143389999999999906e-01,-1.661912999999999974e+00,6.077320000000000499e-01,1.372781000000000029e+00,9.137520000000000087e-01,1.755306000000000033e+00,-8.968639999999999946e-01,-3.868309999999999804e-01,1.487030000000000018e-01,-6.163459999999999495e-01,7.862440000000000540e-01,3.272140000000000049e-01,7.607420000000000293e-01,-2.980800000000000116e-02,-1.202884000000000064e+00,6.077320000000000499e-01,5.822310000000000541e-01,2.252079999999999915e-01,1.232010000000000050e-01,1.742049999999999987e-01,-3.103259999999999907e-01,7.219799999999999829e-02,-1.151880000000000015e+00,-1.318149999999999877e-01,9.392540000000000333e-01,1.602295999999999943e+00,2.252079999999999915e-01,-6.928509999999999946e-01,2.507099999999999884e-01,2.507099999999999884e-01,-1.063130000000000047e-01,5.312280000000000335e-01,5.312280000000000335e-01,6.842369999999999841e-01,-2.980800000000000116e-02,-1.024372000000000060e+00,-1.063130000000000047e-01,5.312280000000000335e-01,5.312280000000000335e-01,2.252079999999999915e-01,-1.828180000000000083e-01,8.627489999999999881e-01,1.742049999999999987e-01,-8.968639999999999946e-01,-6.673489999999999700e-01,6.077320000000000499e-01,2.762109999999999843e-01,8.627489999999999881e-01,1.066761999999999988e+00,1.487030000000000018e-01,6.332339999999999636e-01,-7.438540000000000152e-01,-2.656477000000000199e+00,-4.307000000000000065e-03,8.882499999999999840e-01,7.097390000000000088e-01,6.842369999999999841e-01,6.842369999999999841e-01,4.037189999999999945e-01,9.769999999999999518e-02,-1.318149999999999877e-01,2.119499999999999856e-02,-1.063130000000000047e-01,4.037189999999999945e-01,4.802239999999999842e-01,-6.418479999999999741e-01,6.842369999999999841e-01,2.507099999999999884e-01,-2.299453999999999887e+00,-4.307000000000000065e-03,6.332339999999999636e-01,5.312280000000000335e-01,1.347280000000000033e+00,2.119499999999999856e-02,-2.083200000000000052e-01,1.117764999999999898e+00,4.292210000000000192e-01,1.232010000000000050e-01,-2.848249999999999948e-01,-3.613299999999999845e-01,1.487030000000000018e-01,2.119499999999999856e-02,-1.126379000000000019e+00,-5.530999999999999805e-02,8.117459999999999676e-01,1.398282999999999943e+00,3.272140000000000049e-01,5.822310000000000541e-01,-8.081199999999999495e-02,-1.763919000000000015e+00,-3.868309999999999804e-01,9.137520000000000087e-01,8.372469999999999635e-01,-3.868309999999999804e-01,5.312280000000000335e-01,5.567290000000000294e-01,8.627489999999999881e-01,-4.307000000000000065e-03,-4.307000000000000065e-03,1.232010000000000050e-01,3.272140000000000049e-01,-1.573170000000000124e-01,2.119499999999999856e-02,7.219799999999999829e-02,1.487030000000000018e-01,-8.081199999999999495e-02,-8.081199999999999495e-02,-8.081199999999999495e-02,2.762109999999999843e-01,7.219799999999999829e-02,1.232010000000000050e-01,1.882813999999999988e+00,-6.673489999999999700e-01,-2.554469999999999796e+00,1.742049999999999987e-01,2.290840000000000209e+00,6.842369999999999841e-01,5.822310000000000541e-01,-4.123330000000000051e-01,-8.081199999999999495e-02,1.232010000000000050e-01,2.762109999999999843e-01,-4.307000000000000065e-03,4.802239999999999842e-01,-2.338210000000000011e-01,7.607420000000000293e-01,-4.378349999999999742e-01,-1.063130000000000047e-01,4.292210000000000192e-01,-1.355893000000000015e+00,-4.307000000000000065e-03,7.097390000000000088e-01,1.041260000000000074e+00,7.607420000000000293e-01,5.312280000000000335e-01,-4.633360000000000256e-01,-1.840424000000000060e+00,4.802239999999999842e-01,1.219772000000000078e+00,6.842369999999999841e-01,-1.075374999999999970e+00,5.057260000000000089e-01,2.507099999999999884e-01,7.219799999999999829e-02,7.352410000000000334e-01,2.507099999999999884e-01,1.232010000000000050e-01,1.487030000000000018e-01,3.017130000000000090e-01,-2.848249999999999948e-01,-2.848249999999999948e-01,-2.848249999999999948e-01,4.802239999999999842e-01,6.332339999999999636e-01,-1.828180000000000083e-01,3.017130000000000090e-01,7.219799999999999829e-02,-5.908440000000000358e-01,5.822310000000000541e-01,-1.318149999999999877e-01,-5.530999999999999805e-02,-2.593230000000000257e-01,9.392540000000000333e-01,1.423785000000000078e+00,7.607420000000000293e-01,-1.049873999999999974e+00,-7.438540000000000152e-01,6.077320000000000499e-01,5.567290000000000294e-01,9.392540000000000333e-01,-2.338210000000000011e-01,1.232010000000000050e-01,2.119499999999999856e-02,-5.530999999999999805e-02,1.487030000000000018e-01,9.137520000000000087e-01,2.762109999999999843e-01,-1.993433999999999928e+00,-6.418479999999999741e-01,1.742049999999999987e-01,2.252079999999999915e-01,1.015759000000000079e+00,6.587359999999999882e-01,6.077320000000000499e-01,2.119499999999999856e-02,-2.980800000000000116e-02,3.017130000000000090e-01,-1.828180000000000083e-01,2.119499999999999856e-02,1.232010000000000050e-01,3.272140000000000049e-01,4.669600000000000140e-02,5.057260000000000089e-01,1.232010000000000050e-01,-2.593230000000000257e-01,2.119499999999999856e-02,5.822310000000000541e-01,-1.318149999999999877e-01,-6.673489999999999700e-01,8.117459999999999676e-01,3.272140000000000049e-01,9.769999999999999518e-02,-7.183530000000000193e-01,6.332339999999999636e-01,5.567290000000000294e-01,1.041260000000000074e+00,7.219799999999999829e-02,-1.661912999999999974e+00,-8.968639999999999946e-01,1.500289999999999901e+00,9.392540000000000333e-01,1.372781000000000029e+00,2.507099999999999884e-01,-1.610910000000000064e+00,4.802239999999999842e-01,4.802239999999999842e-01,9.769999999999999518e-02,5.057260000000000089e-01,6.587359999999999882e-01,-9.733690000000000397e-01,3.272140000000000049e-01,3.527159999999999740e-01,-6.163459999999999495e-01,5.567290000000000294e-01,-9.223660000000000192e-01,-1.573170000000000124e-01,9.392540000000000333e-01,4.292210000000000192e-01,8.627489999999999881e-01,5.567290000000000294e-01,-2.593230000000000257e-01,-4.307000000000000065e-03,3.017130000000000090e-01,7.219799999999999829e-02,1.487030000000000018e-01,-4.307000000000000065e-03,-8.081199999999999495e-02,-4.888379999999999947e-01,2.507099999999999884e-01,4.292210000000000192e-01,5.822310000000000541e-01,-6.163459999999999495e-01,-2.593230000000000257e-01,5.567290000000000294e-01,6.077320000000000499e-01,1.092262999999999984e+00,-2.980800000000000116e-02,-1.483402000000000109e+00,-5.908440000000000358e-01,1.117764999999999898e+00,1.041260000000000074e+00,-4.307000000000000065e-03,2.119499999999999856e-02,6.587359999999999882e-01,4.037189999999999945e-01,-8.081199999999999495e-02,-1.318149999999999877e-01,9.769999999999999518e-02,7.862440000000000540e-01,1.143267000000000033e+00,-4.378349999999999742e-01,-2.528967999999999883e+00,-2.848249999999999948e-01,-9.988700000000000356e-01,3.272140000000000049e-01,1.500289999999999901e+00,2.188833999999999946e+00,1.742049999999999987e-01,-1.279387999999999970e+00,1.117764999999999898e+00,4.037189999999999945e-01,-4.123330000000000051e-01,2.119499999999999856e-02,4.547229999999999883e-01,4.292210000000000192e-01,2.252079999999999915e-01,6.842369999999999841e-01,-6.673489999999999700e-01,-1.661912999999999974e+00,1.997059999999999946e-01,9.392540000000000333e-01,2.762109999999999843e-01,-3.613299999999999845e-01,1.742049999999999987e-01,1.219772000000000078e+00,1.296276999999999902e+00,7.862440000000000540e-01,-1.177381999999999929e+00,-2.324955000000000105e+00,7.219799999999999829e-02,9.647550000000000292e-01,1.704302999999999901e+00,7.097390000000000088e-01,-4.123330000000000051e-01,-5.530999999999999805e-02,3.017130000000000090e-01,5.057260000000000089e-01,-1.573170000000000124e-01,6.332339999999999636e-01,-1.063130000000000047e-01,-6.163459999999999495e-01,-2.083200000000000052e-01,-1.318149999999999877e-01,2.119499999999999856e-02,1.487030000000000018e-01,7.097390000000000088e-01,5.057260000000000089e-01,-5.398410000000000153e-01,-1.573170000000000124e-01,-1.573170000000000124e-01,7.097390000000000088e-01,2.119499999999999856e-02,-1.318149999999999877e-01,3.017130000000000090e-01,8.627489999999999881e-01,6.077320000000000499e-01,2.119499999999999856e-02,-1.573170000000000124e-01,-8.968639999999999946e-01,-8.968639999999999946e-01,-2.980800000000000116e-02,8.627489999999999881e-01,9.902570000000000539e-01,4.802239999999999842e-01,5.057260000000000089e-01,4.292210000000000192e-01,4.547229999999999883e-01,-8.081199999999999495e-02,-2.848249999999999948e-01,-4.378349999999999742e-01,-6.418479999999999741e-01,4.669600000000000140e-02,3.527159999999999740e-01,7.352410000000000334e-01,1.487030000000000018e-01,7.607420000000000293e-01,4.292210000000000192e-01,-1.202884000000000064e+00,9.137520000000000087e-01,4.037189999999999945e-01,-1.049873999999999974e+00,-6.928509999999999946e-01,-5.530999999999999805e-02,7.352410000000000334e-01,3.017130000000000090e-01,8.117459999999999676e-01,1.015759000000000079e+00,7.352410000000000334e-01,-1.063130000000000047e-01
